0.004677
0.004265
0.004417
0.005076
0.004702
0.004609
0.004566
0.004631
0.004349
0.004447
0.004050
0.004533
0.004447
0.004395
0.004843
0.004150
0.004613
0.004437
0.004053
0.004601
0.004063
0.004988
0.004073
0.004764
0.004245
0.004625
0.004363
0.004570
0.004475
0.005322
0.004452
0.004590
0.003812
0.004667
0.004314
0.005374
0.004111
0.004629
0.004812
0.003935
0.004146
0.004289
0.004702
0.004296
0.004892
0.004789
0.004388
0.004504
0.003990
0.004114
0.004971
0.004799
0.003963
0.004650
0.005109
0.003966
0.004634
0.004341
0.004713
0.004636
0.004543
0.004499
0.003944
0.004650
0.004910
0.004464
0.004360
0.004466
0.004557
0.004627
0.003958
0.004627
0.004670
0.004227
0.004247
0.004702
0.005055
0.004482
0.004182
0.004416
0.004637
0.004380
0.004355
0.004054
0.004317
0.004471
0.004447
0.004381
0.004115
0.004194
0.004060
0.004486
0.004277
0.004564
0.004345
0.004386
0.004507
0.004428
0.003851
0.004642
0.004288
0.004691
0.004102
0.004350
0.004482
0.004313
0.004669
0.004801
0.004507
0.004479
0.004312
0.004061
0.004697
0.004225
0.004914
0.004221
0.004277
0.005904
0.004115
0.004429
0.004446
0.004465
0.004082
0.004068
0.004556
0.004208
0.004585
0.005756
0.004245
0.004410
0.004204
0.003811
0.004566
0.004715
0.004721
0.003945
0.004188
0.004611
0.004558
0.004071
0.004340
0.004438
0.004242
0.004141
0.004581
0.004839
0.004655
0.004324
0.004134
0.004335
0.005018
0.004890
0.004005
0.004253
0.004484
0.004301
0.004284
0.004341
0.004676
0.004197
0.004266
0.004125
0.004765
0.004597
0.004262
0.003956
0.004685
0.004573
0.005275
0.004834
0.004584
0.004266
0.004065
0.003521
0.004097
0.003891
0.004097
0.004601
0.004410
0.004360
0.004463
0.005317
0.004476
0.004264
0.004780
0.004558
0.004708
0.003968
0.003936
0.004724
0.004463
0.004684
0.004610
0.004667
0.004173
0.003901
0.005733
0.004134
0.004442
0.004377
0.004699
0.005155
0.004542
0.003974
0.004346
0.004569
0.004247
0.004648
0.004559
0.004680
0.004150
0.004186
0.004655
0.004517
0.004334
0.003928
0.004605
0.004191
0.004491
0.003952
0.004303
0.004383
0.004801
0.003797
0.003840
0.004069
0.004515
0.004218
0.004239
0.004065
0.004510
0.004571
0.004643
0.004513
0.004373
0.004664
0.004204
0.004403
0.004256
0.004545
0.004235
0.004348
0.004089
0.004281
0.004233
0.004449
0.005905
0.005224
0.003931
0.004005
0.004013
0.004004
0.004563
0.004867
0.004874
0.004613
0.003869
0.004292
0.004511
0.004003
0.004659
0.004145
0.005918
0.004625
0.004561
0.004681
0.004436
0.004119
0.004069
0.004429
0.004437
0.004596
0.004635
0.004184
0.004543
0.004249
0.004467
0.004488
0.004779
0.004757
0.004481
0.004411
0.004557
0.004441
0.004799
0.004239
0.004312
0.003850
0.004044
0.004559
0.003957
0.005025
0.004290
0.004159
0.004080
0.005025
0.003961
0.004668
0.004598
0.004199
0.004280
0.004338
0.004536
0.004039
0.004197
0.004077
0.003960
0.004178
0.004083
0.004348
0.004299
0.004409
0.004447
0.004341
0.004540
0.004206
0.003751
0.004970
0.004148
0.004569
0.004092
0.004147
0.004219
0.004431
0.004592
0.004342
0.004165
0.004751
0.004447
0.005167
0.004041
0.004684
0.004301
0.004506
0.005448
0.003857
0.004215
0.004534
0.003949
0.004287
0.003961
0.004620
0.004154
0.004269
0.004851
0.004875
0.004105
0.003709
0.004332
0.004240
0.004569
0.004126
0.004253
0.003784
0.004379
0.004096
0.004209
0.003958
0.004470
0.003960
0.004227
0.004406
0.004714
0.004671
0.004510
0.004379
0.004594
0.004617
0.004638
0.004289
0.004405
0.004647
0.004485
0.004141
0.003869
0.004763
0.004394
0.004563
0.004186
0.004213
0.004393
0.004322
0.004926
0.004469
0.004579
0.004363
0.004101
0.003881
0.004410
0.004542
0.004575
0.004783
0.006363
0.004744
0.004156
0.003940
0.004770
0.004766
0.004514
0.004432
0.004515
0.004539
0.004545
0.003946
0.004297
0.003897
0.004776
0.004266
0.004001
0.004420
0.003724
0.004175
0.004447
0.004378
0.004960
0.004302
0.004229
0.004801
0.013247
0.004011
0.004462
0.004281
0.004602
0.004603
0.004544
0.004506
0.004282
0.004398
0.004893
0.004008
0.003987
0.004213
0.004501
0.004050
0.004497
0.004662
0.004604
0.003824
0.004412
0.004025
0.004147
0.004511
0.004707
0.004304
0.004465
0.004474
0.004888
0.004542
0.004390
0.004691
0.004316
0.004301
0.005205
0.003794
0.004239
0.004249
0.004460
0.004002
0.004522
0.004495
0.004016
0.004710
0.004651
0.003982
0.004466
0.004052
0.004691
0.004009
0.004112
0.004629
0.004083
0.004576
0.004410
0.004096
0.004202
0.004551
0.004177
0.004610
0.004446
0.004288
0.004551
0.004590
0.004384
0.004475
0.004429
0.004243
0.004915
0.004519
0.004355
0.004421
0.003860
0.004360
0.004759
0.003963
0.004172
0.004271
0.004298
0.004425
0.004615
0.004298
0.004064
0.004464
0.004668
0.004045
0.004043
0.004579
0.003971
0.004571
0.004394
0.004390
0.004646
0.003866
0.003948
0.003758
0.004115
0.004431
0.004463
0.004695
0.004206
0.003943
0.004547
0.004445
0.004021
0.004283
0.004671
0.004967
0.004419
0.004123
0.003971
0.005165
0.003954
0.004433
0.004509
0.004144
0.004802
0.003727
0.004197
0.004418
0.004560
0.004451
0.004080
0.004711
0.004650
0.004366
0.004109
0.005730
0.004435
0.004589
0.004096
0.004487
0.004141
0.004488
0.004726
0.004585
0.003996
0.004415
0.004256
0.004108
0.004520
0.004583
0.004396
0.003944
0.003894
0.003953
0.004404
0.004684
0.003983
0.008349
0.004151
0.004769
0.004405
0.004449
0.004120
0.004664
0.004456
0.005094
0.004200
0.004059
0.004575
0.004357
0.004604
0.004300
0.004528
0.004014
0.004382
0.004051
0.005183
0.004613
0.004146
0.004153
0.003973
0.004376
0.004484
0.004369
0.004111
0.004569
0.003907
0.004440
0.004235
0.004312
0.004665
0.003711
0.004791
0.004099
0.004658
0.004468
0.004575
0.004507
0.004706
0.003950
0.004290
0.004618
0.004176
0.004085
0.004759
0.003862
0.004497
0.003856
0.003824
0.004631
0.003876
0.004631
0.004000
0.003933
0.004107
0.004322
0.004616
0.004108
0.004588
0.004045
0.003989
0.004557
0.004614
0.004432
0.004141
0.004349
0.003790
0.004174
0.004519
0.004720
0.004208
0.004646
0.005115
0.003828
0.004060
0.005040
0.004591
0.004572
0.004351
0.004205
0.004674
0.003682
0.004698
0.004637
0.004037
0.004128
0.004587
0.004091
0.004783
0.004760
0.004968
0.003945
0.003725
0.004265
0.004019
0.004378
0.004313
0.004390
0.004144
0.005267
0.004458
0.004402
0.004383
0.004259
0.004590
0.004543
0.004677
0.004537
0.004653
0.004208
0.004312
0.004371
0.004535
0.005143
0.003907
0.004362
0.003964
0.003699
0.004668
0.004500
0.003986
0.004682
0.004429
0.004693
0.004111
0.004187
0.004638
0.005522
0.004530
0.003814
0.004485
0.003888
0.004261
0.004549
0.004441
0.003828
0.004389
0.004205
0.004449
0.004301
0.004019
0.004254
0.003834
0.004603
0.003790
0.004333
0.004589
0.004308
0.003961
0.003967
0.004441
0.004515
0.004340
0.005287
0.012269
0.004526
0.004089
0.004005
0.004396
0.004558
0.004443
0.004539
0.004166
0.004260
0.004553
0.003912
0.004593
0.004725
0.005936
0.004410
0.004127
0.004139
0.004684
0.003887
0.004202
0.004234
0.003815
0.004513
0.004414
0.003827
0.004308
0.005538
0.004591
0.005040
0.004911
0.004498
0.005767
0.004576
0.004311
0.004119
0.004447
0.004013
0.004429
0.004538
0.004750
0.003761
0.004094
0.004637
0.004609
0.004199
0.004572
0.004141
0.004165
0.004573
0.004251
0.004453
0.004555
0.004312
0.004452
0.004596
0.004266
0.004119
0.004476
0.004629
0.004415
0.004578
0.004311
0.004600
0.004088
0.004505
0.004588
0.004356
0.004944
0.004289
0.004328
0.005495
0.003845
0.004631
0.004099
0.004087
0.007549
0.004581
0.004538
0.004268
0.004239
0.004227
0.004624
0.004479
0.004940
0.004481
0.004544
0.004579
0.004414
0.004458
0.004363
0.013176
0.004083
0.004393
0.004332
0.003905
0.004361
0.004342
0.004161
0.004629
0.005098
0.004567
0.004567
0.004117
0.004482
0.003846
0.003673
0.004491
0.003808
0.004602
0.004499
0.004078
0.004110
0.004177
0.004456
0.004133
0.004315
0.004586
0.005070
0.004186
0.004667
0.005194
0.004534
0.004413
0.004375
0.004239
0.005284
0.004291
0.004253
0.004488
0.004631
0.004458
0.003993
0.004413
0.004912
0.004622
0.004417
0.004454
0.004646
0.004368
0.003991
0.004449
0.004494
0.004277
0.004129
0.004677
0.004644
0.004529
0.004177
0.004271
0.004511
0.004040
0.004181
0.004150
0.004523
0.004437
0.003754
0.004586
0.006720
0.004178
0.004585
0.004605
0.004631
0.004016
0.004054
0.004307
0.004182
0.004416
0.004424
0.004312
0.004181
0.004516
0.004014
0.003950
0.004136
0.004716
0.004294
0.004029
0.004344
0.003944
0.004363
0.004451
0.004689
0.004639
0.004343
0.004480
0.004573
0.004067
0.004149
0.004506
0.003730
0.004047
0.004682
0.004530
0.004596
0.004454
0.004908
0.004366
0.004291
0.004391
0.004469
0.004260
0.004557
0.004011
0.004564
0.004454
0.004308
0.004134
0.004679
0.004213
0.004641
0.004584
0.003902
0.004190
0.004053
0.004591
0.005155
0.003991
0.004112
0.004748
0.004220
0.004454
0.004301
0.004599
0.004329
0.004626
0.003877
0.004172
0.004528
0.004562
0.004576
0.004556
0.004059
0.003937
0.004338
0.004407
0.004772
0.004234
0.003988
0.004148
0.004106
0.004319
0.004229
0.004438
0.004362
0.004426
0.004618
0.004716
0.005653
0.004121
0.003960
0.004808
0.004372
0.004133
0.004649
0.004428
0.004539
0.004679
0.004680
0.004312
0.004341
0.004481
0.004830
0.004309
0.004466
0.004488
0.004109
0.004042
0.004052
0.005289
0.004381
0.003940
0.004446
0.004560
0.004347
0.004242
