0.002940
0.003129
0.002772
0.003026
0.003211
0.003213
0.003057
0.002697
0.003339
0.002879
0.003179
0.003030
0.003381
0.003082
0.003355
0.003273
0.003351
0.002903
0.003823
0.002938
0.003531
0.003349
0.003056
0.002767
0.003170
0.002891
0.002742
0.002744
0.002727
0.002950
0.003135
0.002938
0.002804
0.003195
0.002992
0.003031
0.003235
0.003709
0.002752
0.003288
0.003033
0.003744
0.002829
0.003272
0.003008
0.002827
0.002752
0.003230
0.003112
0.003197
0.003243
0.003240
0.002854
0.003016
0.002847
0.003245
0.012465
0.003149
0.002961
0.003153
0.003015
0.003894
0.003688
0.003288
0.003019
0.003069
0.003017
0.002844
0.002901
0.003077
0.003291
0.002885
0.002865
0.002816
0.002961
0.003053
0.002962
0.003109
0.003026
0.002926
0.002851
0.003168
0.002905
0.002776
0.003027
0.003182
0.003232
0.003497
0.003148
0.002769
0.002813
0.002856
0.002965
0.002941
0.003421
0.002843
0.002828
0.003015
0.003106
0.002868
0.003066
0.002763
0.002864
0.002820
0.003058
0.003148
0.003071
0.002753
0.003040
0.003072
0.002872
0.002861
0.003040
0.003190
0.002633
0.002778
0.003107
0.002962
0.002983
0.002474
0.002777
0.003244
0.002773
0.002993
0.003017
0.002838
0.002882
0.002815
0.003486
0.002856
0.003067
0.002916
0.003157
0.002746
0.002830
0.002881
0.002992
0.003464
0.002807
0.002720
0.002700
0.002705
0.003085
0.003013
0.002945
0.002780
0.003061
0.002876
0.002827
0.002810
0.002825
0.003122
0.002873
0.002804
0.003103
0.002781
0.002959
0.003496
0.002755
0.002966
0.003429
0.002668
0.002772
0.003392
0.002777
0.002726
0.002760
0.003437
0.002868
0.003306
0.003178
0.002827
0.003461
0.003242
0.002790
0.002881
0.002856
0.003077
0.003136
0.003141
0.002783
0.002815
0.002861
0.002850
0.002798
0.002763
0.002797
0.002820
0.003373
0.002978
0.003009
0.003037
0.002810
0.002862
0.002813
0.002962
0.003099
0.003227
0.003310
0.002892
0.003194
0.002786
0.003524
0.002729
0.003066
0.002797
0.002780
0.003181
0.003253
0.002850
0.002933
0.003118
0.003106
0.004045
0.003130
0.004118
0.003523
0.002905
0.002780
0.003234
0.002771
0.003150
0.002872
0.003417
0.003052
0.003038
0.003360
0.003128
0.002593
0.003318
0.002711
0.003073
0.002972
0.002927
0.002790
0.002836
0.003281
0.002775
0.003103
0.002838
0.002761
0.002845
0.002740
0.003669
0.002739
0.002823
0.003021
0.002940
0.002855
0.002939
0.002909
0.002914
0.003263
0.002784
0.003272
0.002992
0.003370
0.002680
0.002722
0.003324
0.002860
0.003145
0.002824
0.002921
0.003063
0.002836
0.002802
0.003120
0.002851
0.003134
0.002906
0.002786
0.003366
0.002731
0.002983
0.002835
0.002929
0.002971
0.002719
0.003056
0.002710
0.003265
0.002757
0.003271
0.002923
0.002867
0.002835
0.003376
0.002847
0.002994
0.002791
0.002731
0.003192
0.003027
0.003023
0.003021
0.002886
0.002867
0.003041
0.003098
0.002889
0.002986
0.002920
0.002931
0.002879
0.003208
0.003046
0.003142
0.002992
0.003569
0.003086
0.002833
0.002818
0.003010
0.003072
0.002925
0.003544
0.002943
0.002717
0.002811
0.002667
0.003447
0.002903
0.003067
0.003033
0.003234
0.002804
0.002877
0.003440
0.002724
0.003099
0.003088
0.002808
0.003465
0.002943
0.003128
0.003057
0.003128
0.002862
0.003572
0.002746
0.002776
0.003137
0.002839
0.003212
0.002653
0.002823
0.003433
0.002780
0.003036
0.003201
0.002954
0.002990
0.003136
0.002766
0.003058
0.003178
0.002803
0.003124
0.003291
0.003419
0.002729
0.002888
0.002798
0.002845
0.002775
0.003338
0.002828
0.002841
0.002742
0.002730
0.003249
0.003096
0.002962
0.002915
0.002774
0.002983
0.003079
0.002846
0.002870
0.003102
0.002961
0.002704
0.002724
0.002881
0.003041
0.003114
0.003158
0.002798
0.003042
0.002994
0.003234
0.003063
0.002786
0.002774
0.003290
0.002944
0.003029
0.002771
0.003764
0.003333
0.002928
0.002830
0.003061
0.003227
0.002963
0.002826
0.003015
0.002791
0.002793
0.002731
0.002790
0.003062
0.003197
0.003613
0.003331
0.003199
0.003470
0.002890
0.003311
0.003050
0.003021
0.002878
0.003105
0.003076
0.002832
0.002800
0.002797
0.003026
0.003628
0.002924
0.002752
0.003016
0.003225
0.003062
0.002677
0.002918
0.003146
0.002808
0.005091
0.003066
0.002978
0.002844
0.003194
0.003149
0.002585
0.002823
0.003379
0.002794
0.002786
0.003356
0.003078
0.002753
0.003030
0.003033
0.003241
0.003419
0.003251
0.003067
0.002787
0.002947
0.002887
0.002828
0.003150
0.003435
0.002734
0.003163
0.003122
0.002901
0.002906
0.003370
0.002806
0.002978
0.002957
0.002829
0.002830
0.002824
0.002701
0.002960
0.002814
0.003295
0.002833
0.002980
0.003261
0.003071
0.002737
0.005332
0.002872
0.003163
0.002889
0.003146
0.003002
0.003228
0.002796
0.002798
0.003152
0.002721
0.003412
0.003512
0.003064
0.003127
0.002992
0.002715
0.003061
0.003542
0.003232
0.003077
0.002827
0.003022
0.003014
0.002929
0.002884
0.002894
0.003012
0.003681
0.002833
0.003004
0.002852
0.003195
0.002930
0.003274
0.003395
0.002939
0.002714
0.003050
0.002721
0.003065
0.003374
0.003120
0.002939
0.002823
0.003037
0.002761
0.003230
0.003059
0.003100
0.002967
0.003086
0.002901
0.002744
0.002758
0.002775
0.003261
0.002728
0.003057
0.002749
0.002991
0.002759
0.002748
0.002933
0.002756
0.002742
0.003061
0.003268
0.003102
0.003119
0.003037
0.003634
0.003130
0.003298
0.002983
0.002789
0.002940
0.003369
0.003258
0.002985
0.003273
0.003077
0.003168
0.003079
0.003183
0.003269
0.002785
0.003430
0.003133
0.003222
0.002928
0.002825
0.002968
0.003437
0.004930
0.002714
0.002976
0.002750
0.002725
0.003028
0.002833
0.002644
0.003024
0.003247
0.003359
0.003374
0.003656
0.002892
0.002850
0.002867
0.002915
0.003078
0.003075
0.003126
0.003360
0.003346
0.003293
0.002936
0.003149
0.003208
0.002846
0.002965
0.002916
0.002970
0.002833
0.002946
0.002775
0.002919
0.002853
0.003147
0.003148
0.002771
0.002928
0.002722
0.002764
0.003238
0.002851
0.003417
0.002976
0.002822
0.002860
0.003174
0.002958
0.003039
0.003318
0.003050
0.002868
0.002785
0.003381
0.002714
0.002828
0.002971
0.002716
0.002816
0.003203
0.002851
0.003276
0.002791
0.002975
0.002819
0.002766
0.002907
0.002736
0.002712
0.003061
0.003004
0.002887
0.002806
0.003406
0.003335
0.003647
0.002996
0.002872
0.003195
0.002774
0.003074
0.002997
0.002851
0.003263
0.003213
0.002832
0.002779
0.003081
0.003124
0.002813
0.002743
0.002909
0.002753
0.003055
0.002749
0.003207
0.003148
0.002758
0.002836
0.002718
0.002724
0.003271
0.002835
0.002707
0.002900
0.002793
0.003163
0.002929
0.003066
0.003074
0.003451
0.002814
0.003261
0.003116
0.003365
0.003069
0.002796
0.003181
0.003272
0.002787
0.002950
0.003020
0.002812
0.003090
0.002833
0.002699
0.002822
0.003132
0.002766
0.002675
0.003154
0.003246
0.002853
0.002884
0.002848
0.003047
0.003161
0.002899
0.003508
0.003251
0.002688
0.003159
0.003199
0.003349
0.002759
0.002742
0.003284
0.003426
0.002949
0.002768
0.003102
0.003079
0.002788
0.002777
0.002731
0.003191
0.002849
0.002787
0.003363
0.002834
0.004013
0.002903
0.004597
0.002841
0.002725
0.002973
0.003642
0.002908
0.003155
0.002835
0.002859
0.003143
0.002820
0.003650
0.002843
0.002704
0.002895
0.003112
0.002860
0.002736
0.002949
0.003004
0.002818
0.002724
0.003292
0.002890
0.002918
0.002945
0.003064
0.002861
0.002799
0.003005
0.003166
0.002707
0.003169
0.002688
0.003090
0.002818
0.003127
0.003075
0.002864
0.003071
0.003409
0.002776
0.003048
0.002971
0.003058
0.002966
0.002864
0.002833
0.003232
0.003063
0.003184
0.003021
0.002984
0.003053
0.002819
0.002973
0.003282
0.002978
0.003179
0.003231
0.002896
0.002736
0.003023
0.002838
0.002828
0.002865
0.002825
0.003158
0.003141
0.002847
0.002779
0.002905
0.003051
0.002763
0.003024
0.002995
0.002778
0.003308
0.003419
0.002725
0.002662
0.002700
0.002990
0.002733
0.003021
0.002897
0.002976
0.002771
0.003126
0.003204
0.003263
0.002962
0.003416
0.003061
0.003152
0.003163
0.002831
0.003084
0.002950
0.002907
0.002910
0.003429
0.002739
0.003242
0.003062
0.002753
0.003479
0.003106
0.002981
0.002903
0.002880
0.002951
0.003126
0.002793
0.003484
0.003163
0.003393
0.002710
0.003104
0.002864
0.003528
0.002991
0.002712
0.008844
0.003220
0.002739
0.002890
0.003266
0.002945
0.003107
0.002937
0.003191
0.002815
0.002860
0.003039
0.002845
0.002738
0.003305
0.003001
0.002811
0.003148
0.003016
0.002775
0.003271
0.002799
0.003092
0.003204
0.002825
0.002672
0.003228
0.003063
0.003339
0.003445
0.003230
0.002951
0.003645
0.003010
0.003133
0.003247
0.003468
0.003289
0.003273
0.002938
0.003072
0.002938
0.002880
0.003219
0.002790
0.002864
0.002814
0.002861
0.003127
0.003078
0.003067
0.003087
0.002880
0.003374
0.002753
0.003148
0.002734
0.003422
0.003135
0.003381
0.003273
0.003079
0.002840
0.002798
0.002765
0.003043
0.003419
0.002862
0.002844
0.003325
0.002807
0.003227
0.002695
0.002805
0.002770
0.002918
0.003302
0.003169
0.002947
0.003454
0.003164
0.003220
0.003273
0.003093
0.003320
0.002888
0.003372
0.002888
0.003391
0.002925
0.003299
0.002926
0.002882
0.002954
0.003645
0.003435
0.003135
0.002814
0.002912
0.002793
0.003165
0.003206
0.002965
0.002775
0.003410
0.003259
0.002822
0.002910
0.002944
0.003094
0.003196
0.002927
0.002855
0.002880
0.003539
0.003036
0.003164
0.002933
0.003182
0.003016
0.002872
0.003106
0.003020
0.003095
0.002828
0.003201
0.003419
0.003372
0.002865
0.003289
0.003070
0.002976
0.002809
0.003162
