0.005334
0.005507
0.005907
0.052953
0.005574
0.006033
0.005703
0.006109
0.005891
0.005862
0.005743
0.005898
0.006187
0.006126
0.006462
0.005353
0.006273
0.005349
0.005732
0.005441
0.037718
0.030988
0.005700
0.005974
0.005993
0.005237
0.040462
0.005837
0.005846
0.006853
0.006188
0.006536
0.005137
0.005849
0.005583
0.005902
0.037730
0.005641
0.004947
0.005976
0.006126
0.017393
0.017532
0.005469
0.005247
0.005716
0.005434
0.005333
0.005564
0.005988
0.006300
0.006278
0.006670
0.005328
0.066480
0.005818
0.005443
0.029964
0.029529
0.028887
0.018054
0.006325
0.005856
0.029844
0.006062
0.037125
0.005362
0.006087
0.005667
0.006372
0.005754
0.005365
0.005808
0.005627
0.005928
0.018091
0.005830
0.005733
0.006306
0.029810
0.039008
0.005942
0.005559
0.006285
0.006073
0.005688
0.005664
0.037142
0.005483
0.005882
0.005737
0.044623
0.005402
0.005796
0.005888
0.037673
0.005199
0.029465
0.016730
0.005457
0.005728
0.006054
0.005634
0.005656
0.005428
0.005154
0.005444
0.005445
0.005710
0.006076
0.005549
0.030112
0.005454
0.005685
0.005706
0.005247
0.005455
0.041890
0.006261
0.005585
0.005535
0.005423
0.005447
0.029838
0.030015
0.005669
0.006119
0.029916
0.005580
0.016879
0.041562
0.006003
0.005781
0.029584
0.006140
0.005819
0.006402
0.005553
0.018107
0.006113
0.006406
0.006054
0.005843
0.005984
0.017625
0.018278
0.029127
0.017730
0.006145
0.018065
0.007066
0.005564
0.006177
0.005323
0.005831
0.006181
0.005591
0.005661
0.005252
0.005861
0.041412
0.006457
0.005772
0.006166
0.005440
0.005689
0.005805
0.005633
0.006043
0.005807
0.005559
0.005717
0.005773
0.006139
0.005651
0.007067
0.006480
0.004895
0.029366
0.030668
0.029938
0.005501
0.006632
0.041523
0.006376
0.005424
0.029799
0.005352
0.005460
0.005593
0.006302
0.005783
0.005998
0.006130
0.036888
0.005446
0.006093
0.006123
0.005702
0.006036
0.005582
0.005777
0.007189
0.006755
0.006600
0.006771
0.006320
0.018601
0.007089
0.006636
0.007162
0.007149
0.007054
0.007061
0.006938
0.072481
0.038583
0.007002
0.006770
0.006595
0.007035
0.006878
0.007003
0.011727
0.006329
0.006413
0.006566
0.008306
0.006870
0.031125
0.007548
0.031178
0.038291
0.005827
0.007482
0.006977
0.007529
0.006688
0.006854
0.031021
0.043533
0.007180
0.007003
0.005709
0.018858
0.007569
0.006855
0.006982
0.006702
0.007133
0.005948
0.006241
0.005932
0.006465
0.006445
0.007279
0.007064
0.006869
0.006912
0.006857
0.007127
0.005883
0.052000
0.007067
0.006666
0.007077
0.006842
0.007259
0.031004
0.049742
0.007008
0.039072
0.031182
0.037383
0.006793
0.006662
0.006378
0.007077
0.019386
0.006755
0.006768
0.006645
0.006487
0.006640
0.006619
0.007673
0.006521
0.015035
0.007066
0.007017
0.006905
0.006815
0.006570
0.006429
0.006837
0.007078
0.006790
0.030884
0.030798
0.006949
0.018998
0.006447
0.006764
0.007228
0.006526
0.006286
0.007513
0.038866
0.019219
0.007578
0.038403
0.006840
0.006433
0.006507
0.007638
0.006991
0.007192
0.029918
0.007111
0.006937
0.006527
0.018553
0.007076
0.007290
0.006919
0.037939
0.006883
0.038336
0.006778
0.006482
0.040370
0.007400
0.006762
0.007270
0.007876
0.030506
0.006878
0.006557
0.007231
0.007404
0.006563
0.008104
0.007496
0.019285
0.006762
0.007067
0.006735
0.007167
0.006721
0.007136
0.007261
0.031241
0.030988
0.007553
0.006507
0.019093
0.006987
0.007592
0.006832
0.007355
0.006723
0.007214
0.019206
0.006761
0.007273
0.007033
0.006549
0.006291
0.007032
0.007270
0.031123
0.006931
0.007107
0.006938
0.006364
0.039565
0.006479
0.006525
0.006462
0.006274
0.019230
0.007196
0.006535
0.006696
0.007000
0.052523
0.006932
0.007086
0.019398
0.006696
0.030639
0.006344
0.007163
0.006633
0.006843
0.019727
0.006651
0.018539
0.029997
0.007112
0.007035
0.006893
0.006146
0.007178
0.007652
0.006997
0.007390
0.006863
0.006837
0.006699
0.006704
0.006379
0.007587
0.006863
0.006261
0.006597
0.006636
0.006483
0.007106
0.006943
0.006855
0.006844
0.006774
0.017995
0.056390
0.006458
0.006872
0.007082
0.006498
0.007304
0.006052
0.006593
0.006262
0.006416
0.006677
0.006867
0.006463
0.030895
0.007340
0.006200
0.007362
0.006931
0.008340
0.007135
0.006758
0.006586
0.006601
0.006973
0.030759
0.030930
0.006752
0.006642
0.040369
0.006702
0.006331
0.007161
0.038621
0.007392
0.031241
0.006558
0.006490
0.040467
0.005951
0.054054
0.005753
0.006750
0.018376
0.006252
0.006893
0.006627
0.006669
0.007277
0.006591
0.007066
0.006563
0.006128
0.006600
0.006437
0.031328
0.007480
0.006499
0.030065
0.006240
0.006296
0.030725
0.031096
0.007047
0.006352
0.006605
0.007166
0.031269
0.006722
0.006608
0.018181
0.007219
0.006165
0.030535
0.038106
0.007391
0.006777
0.006198
0.030319
0.022697
0.038111
0.007275
0.006351
0.006549
0.006504
0.006734
0.015063
0.006292
0.006679
0.006902
0.006719
0.006122
0.006327
0.006526
0.005955
0.006803
0.006803
0.007028
0.007079
0.006988
0.007217
0.007734
0.006218
0.006245
0.008359
0.063280
0.006877
0.006515
0.006628
0.006741
0.007219
0.008365
0.006738
0.006934
0.006322
0.006804
0.006117
0.031232
0.007175
0.038802
0.006920
0.039419
0.038081
0.006543
0.007431
0.007103
0.008279
0.038111
0.006105
0.007007
0.006597
0.006585
0.006978
0.008333
0.006803
0.007339
0.007095
0.007617
0.007009
0.006701
0.006949
0.006978
0.005898
0.006744
0.006914
0.006606
0.007795
0.031845
0.006395
0.006527
0.006671
0.030677
0.007334
0.006903
0.006517
0.007658
0.007271
0.005835
0.007015
0.006666
0.022317
0.006104
0.006828
0.006547
0.046592
0.006373
0.006695
0.006395
0.006985
0.006741
0.006941
0.006725
0.006776
0.006456
0.007972
0.006622
0.006898
0.007198
0.007113
0.006558
0.006545
0.008378
0.006958
0.007097
0.007379
0.007505
0.007129
0.006751
0.007148
0.006757
0.006417
0.006884
0.007132
0.006371
0.006219
0.006924
0.006812
0.006961
0.038935
0.007312
0.018212
0.006740
0.006861
0.030452
0.007380
0.006844
0.030842
0.038922
0.006462
0.030642
0.006961
0.006775
0.018616
0.006694
0.030994
0.007153
0.006457
0.006154
0.007317
0.006583
0.006748
0.007656
0.006449
0.006555
0.007865
0.024151
0.007209
0.005935
0.007349
0.006689
0.006791
0.006980
0.006695
0.006292
0.032450
0.017984
0.038619
0.006594
0.006812
0.006443
0.006187
0.006492
0.007015
0.006697
0.006826
0.006723
0.006992
0.006194
0.007109
0.071310
0.005991
0.007173
0.007813
0.030206
0.007124
0.006720
0.006999
0.007184
0.007299
0.006677
0.030245
0.006787
0.007753
0.006887
0.006502
0.006610
0.007243
0.031174
0.006770
0.006837
0.018634
0.037226
0.038513
0.005447
0.007540
0.006630
0.039053
0.030509
0.006297
0.006200
0.006612
0.006536
0.039467
0.006944
0.006450
0.007086
0.006774
0.007158
0.007099
0.006407
0.008313
0.040833
0.039247
0.006843
0.006480
0.038860
0.006242
0.007066
0.006417
0.006532
0.006767
0.006433
0.007361
0.007761
0.038196
0.006149
0.006428
0.007244
0.006344
0.006593
0.007291
0.006502
0.030573
0.008336
0.038866
0.050051
0.006691
0.006740
0.006901
0.006435
0.007312
0.007101
0.006674
0.007273
0.039584
0.007101
0.006802
0.006111
0.006850
0.007694
0.006493
0.005806
0.007222
0.006945
0.006466
0.006879
0.005827
0.006718
0.008104
0.006385
0.007770
0.006810
0.006220
0.006861
0.006422
0.049159
0.006606
0.007667
0.006686
0.007086
0.005476
0.006643
0.006623
0.006598
0.006268
0.006946
0.031131
0.007111
0.006928
0.006799
0.006560
0.006783
0.006732
0.018719
0.005828
0.007216
0.006701
0.022109
0.018715
0.007198
0.030992
0.006789
0.030437
0.030370
0.031217
0.007067
0.007301
0.006256
0.006186
0.042387
0.006845
0.023226
0.006870
0.006418
0.005901
0.006171
0.006795
0.006964
0.006889
0.006886
0.006420
0.006755
0.007539
0.034731
0.007003
0.007053
0.006336
0.006857
0.006871
0.006687
0.050257
0.006038
0.007229
0.030587
0.019759
0.006858
0.006736
0.006605
0.038749
0.006397
0.006552
0.019223
0.046352
0.013772
0.031011
0.006879
0.007321
0.006865
0.006767
0.006987
0.007463
0.007274
0.006985
0.006249
0.006576
0.007599
0.006765
0.006478
0.006404
0.006432
0.054965
0.031099
0.007100
0.015588
0.006857
0.006868
0.006336
0.006532
0.008444
0.006517
0.006563
0.030454
0.007096
0.006605
0.006208
0.006510
0.006663
0.006538
0.006463
0.006698
0.007030
0.006816
0.075737
0.006944
0.007432
0.007017
0.006944
0.006800
0.018003
0.030626
0.006269
0.007461
0.006946
0.007021
0.007116
0.018440
0.006754
0.006830
0.007346
0.019348
0.006666
0.030717
0.030362
0.046504
0.029828
0.006930
0.006954
0.006811
0.006428
0.005953
0.006840
0.019210
0.006569
0.005797
0.006328
0.008269
0.038675
0.006652
0.031164
0.006310
0.030912
0.006236
0.006604
0.006970
0.014926
0.030827
0.006802
0.018956
0.006709
0.030192
0.006459
0.006976
0.007340
0.006492
0.015174
0.030195
0.031237
0.006880
0.006481
0.030959
0.042757
0.006175
0.006074
0.006564
0.006651
0.030603
0.005956
0.006932
0.015711
0.006717
0.008077
0.006889
0.006780
0.007287
0.007022
0.007024
0.007090
0.006624
0.006990
0.018111
0.030651
0.006399
0.007025
0.031743
0.006966
0.006136
0.007324
0.030747
0.007214
0.030912
0.006219
0.042632
0.007039
0.006143
0.006772
0.019343
0.007657
0.006502
0.006160
0.006941
0.006650
0.006356
0.006461
0.007153
0.007222
0.006694
0.006423
0.006433
0.039273
0.006670
0.006014
0.006384
0.006896
0.007643
0.007843
0.046245
0.006505
0.006837
0.006437
0.006766
0.030918
0.006458
0.007022
0.006423
0.007128
0.007615
0.018506
