0.003098
0.002237
0.003396
0.001505
0.000841
0.000986
0.002488
0.000844
0.001533
0.001472
0.003071
0.002467
0.002173
0.002995
0.002914
0.002037
0.001979
0.002621
0.000851
0.002781
0.003348
0.001408
0.003306
0.000906
0.003220
0.002486
0.002168
0.002668
0.001199
0.000914
0.002665
0.002838
0.003049
0.002144
0.002650
0.001547
0.001805
0.001497
0.002849
0.002662
0.002154
0.000827
0.003922
0.001285
0.002780
0.003110
0.003134
0.001676
0.002554
0.002213
0.001814
0.001652
0.003151
0.001776
0.000862
0.001834
0.002830
0.002001
0.001349
0.002655
0.001259
0.002459
0.002148
0.000935
0.002587
0.001778
0.003145
0.002854
0.002700
0.002557
0.002980
0.003003
0.002484
0.002239
0.001267
0.002950
0.002272
0.001599
0.001253
0.002940
0.001821
0.000513
0.002859
0.002559
0.002536
0.002885
0.001381
0.003015
0.001339
0.002372
0.001682
0.001903
0.002101
0.002300
0.002130
0.002571
0.002939
0.001482
0.002101
0.003233
