0.000777
0.001002
0.000365
0.000708
0.001006
0.000781
0.000463
0.000710
0.000718
0.000715
0.000951
0.000712
0.000706
0.000423
0.000716
0.000681
0.000810
0.000769
0.000708
0.000703
0.000967
0.000714
0.000712
0.001074
0.000701
0.000414
0.000753
0.000953
0.000724
0.000430
0.000949
0.000707
0.000767
0.000733
0.000711
0.000706
0.000768
0.000709
0.000706
0.000775
0.001020
0.000703
0.000806
0.001068
0.000692
0.000832
0.001136
0.000691
0.000706
0.000709
0.000699
0.000744
0.002448
0.000951
0.001149
0.000698
0.000710
0.000789
0.000957
0.000576
0.000706
0.000657
0.000710
0.000706
0.000752
0.000925
0.001022
0.000727
0.001147
0.000733
0.000962
0.000915
0.000700
0.000709
0.000713
0.000994
0.000701
0.000735
0.000712
0.000699
0.000767
0.000703
0.000421
0.001013
0.000974
0.000710
0.000705
0.000728
0.000785
0.000950
0.000706
0.000717
0.000711
0.000706
0.000713
0.000767
0.000728
0.000457
0.000670
0.000949
