0.002580
0.001024
0.000641
0.000431
0.001054
0.000793
0.000375
0.000728
0.000734
0.000721
0.000854
0.000789
0.000431
0.001419
0.000421
0.000872
0.000935
0.001069
0.000719
0.000422
0.000493
0.000731
0.000427
0.000874
0.000545
0.000699
0.000491
0.000962
0.001338
0.000733
0.000559
0.000717
0.000441
0.000811
0.000718
0.000725
0.000438
0.001261
0.000724
0.000641
0.000866
0.000724
0.000420
0.000820
0.002748
0.000819
0.000501
0.000706
0.000436
0.000430
0.000861
0.000433
0.000559
0.000925
0.000426
0.000435
0.000443
0.000829
0.000504
0.000408
0.000439
0.001151
0.000435
0.000437
0.000481
0.000510
0.001041
0.000740
0.000717
0.000422
0.000886
0.000421
0.002101
0.000573
0.000723
0.000475
0.000714
0.001128
0.000427
0.000428
0.000736
0.000424
0.000339
0.000969
0.001235
0.000525
0.000438
0.000431
0.000574
0.000504
0.000416
0.000428
0.000552
0.000720
0.000415
0.000491
0.001310
0.000338
0.000426
0.000881
