0.000546
0.000634
0.000610
0.000542
0.000683
0.000666
0.003708
0.000590
0.001322
0.001398
0.000637
0.000512
0.000854
0.000694
0.001450
0.000788
0.000682
0.001842
0.000566
0.000605
0.000572
0.001088
0.000799
0.000605
0.002678
0.000548
0.000659
0.002443
0.000602
0.000538
0.000707
0.000560
0.000582
0.000571
0.000586
0.002342
0.000707
0.000522
0.000613
0.001272
0.002102
0.000560
0.000557
0.000566
0.001669
0.000640
0.001793
0.000610
0.000608
0.000881
0.002222
0.000747
0.000691
0.000734
0.000615
0.000979
0.000590
0.000572
0.000696
0.002733
0.001968
0.000662
0.000712
0.003372
0.000749
0.000661
0.005048
0.004051
0.001284
0.000573
0.000980
0.000632
0.001501
0.003481
0.001473
0.001340
0.000617
0.000612
0.000560
0.003182
0.001403
0.001601
0.000619
0.000700
0.000682
0.000566
0.000648
0.000611
0.001699
0.003424
0.001026
0.000665
0.000635
0.000793
0.000617
0.004805
0.000539
0.000667
0.000644
0.001006
