0.000796
0.000794
0.000849
0.000770
0.000800
0.000795
0.000760
0.000832
0.000797
0.000780
0.000768
0.000751
0.000817
0.000664
0.000781
0.000798
0.000752
0.001359
0.000774
0.000831
0.000756
0.000768
0.000778
0.000746
0.000748
0.000772
0.000765
0.000837
0.000826
0.000750
0.000751
0.000743
0.000760
0.000719
0.000758
0.000687
0.000767
0.000765
0.000769
0.000739
0.000789
0.000777
0.000682
0.000759
0.000745
0.000766
0.000712
0.000755
0.000730
0.000745
0.000721
0.000711
0.000793
0.000658
0.000750
0.000770
0.000746
0.000767
0.000753
0.000714
0.000728
0.000741
0.000645
0.000725
0.000795
0.000758
0.000816
0.000756
0.000731
0.001362
0.000726
0.000703
0.000763
0.000779
0.000772
0.000725
0.000773
0.000681
0.000674
0.000821
0.000772
0.000788
0.000719
0.000750
0.000739
0.000781
0.000782
0.000747
0.000784
0.000753
0.000861
0.000799
0.000860
0.000804
0.000767
0.000774
0.000762
0.000772
0.000752
0.000752
0.000770
0.000766
0.000780
0.000756
0.000750
0.000778
0.000769
0.000795
0.000744
0.000724
0.000740
0.000737
0.000760
0.000769
0.000782
0.000772
0.000814
0.000772
0.000797
0.000839
0.000785
0.000749
0.000742
0.000738
0.000792
0.000713
0.000782
0.000755
0.000760
0.000782
0.000659
0.000758
0.000761
0.000759
0.000844
0.000704
0.000739
0.000768
0.000826
0.000758
0.000748
0.000861
0.000667
0.000727
0.000762
0.000737
0.000810
0.000754
0.000735
0.000723
0.000798
0.000704
0.000766
0.000758
0.000768
0.000775
0.000759
0.000747
0.000803
0.000731
0.000782
0.000732
0.000666
0.000804
0.000742
0.000765
0.000783
0.000746
0.000816
0.000811
0.000739
0.000735
0.000722
0.000785
0.000786
0.000774
0.000874
0.000770
0.000765
0.000797
0.000775
0.000754
0.000738
0.000733
0.000756
0.000748
0.000754
0.000761
0.000776
0.000787
0.000797
0.000940
0.000777
0.000777
0.000785
0.000728
0.000758
0.000808
0.000780
0.000726
0.000728
0.000782
0.000779
0.000747
0.000730
0.000829
0.000740
0.000800
0.000815
0.000740
0.000733
0.000754
0.000734
0.000790
0.000769
0.000845
0.000758
0.000767
0.000823
0.000775
0.000745
0.000751
0.000787
0.000797
0.000741
0.000820
0.000801
0.000812
0.000758
0.000705
0.000753
0.000845
0.000936
0.000735
0.000803
0.000749
0.000828
0.000771
0.000828
0.000777
0.000725
0.000774
0.000650
0.000770
0.000700
0.000754
0.000681
0.000746
0.000748
0.000749
0.000792
0.000772
0.000756
0.000779
0.000735
0.000740
0.000659
0.000795
0.000861
0.000702
0.000785
0.000768
0.000759
0.000752
0.000782
0.000733
0.000740
0.000724
0.000849
0.000759
0.000746
0.000811
0.000816
0.000755
0.000729
0.000772
0.000841
0.000770
0.000759
0.000807
0.000775
0.000755
0.000794
0.000660
0.000717
0.000656
0.000762
0.000744
0.000731
0.000756
0.000770
0.000745
0.000761
0.000742
0.000747
0.000762
0.000796
0.000789
0.000770
0.000789
0.000806
0.000774
0.000755
0.000745
0.000752
0.000756
0.000755
0.000791
0.000794
0.000787
0.000757
0.000751
0.000743
0.000664
0.000778
0.000740
0.000752
0.000752
0.000735
0.000743
0.000713
0.000746
0.000731
0.000766
0.000793
0.001331
0.000769
0.000746
0.000737
0.000752
0.000768
0.000757
0.000694
0.000767
0.000743
0.000757
0.000704
0.000770
0.000742
0.000748
0.000748
0.000748
0.000747
0.000757
0.000731
0.000741
0.000739
0.000767
0.000773
0.000701
0.000759
0.000775
0.000738
0.000826
0.000781
0.000755
0.000733
0.000772
0.000766
0.000761
0.000738
0.000731
0.000826
0.000739
0.000782
0.000762
0.000753
0.000672
0.000759
0.000767
0.000744
0.000779
0.000730
0.000764
0.000736
0.000790
0.000755
0.000747
0.000887
0.000735
0.000745
0.000757
0.000765
0.000812
0.000774
0.000743
0.000783
0.000688
0.000759
0.000782
0.000792
0.000760
0.000713
0.000829
0.000729
0.000730
0.000738
0.000763
0.000739
0.000760
0.000751
0.000757
0.000733
0.000780
0.000739
0.000770
0.000671
0.000757
0.000640
0.000679
0.000658
0.000789
0.000722
0.000761
0.000788
0.000729
0.000732
0.000660
0.000775
0.000751
0.000785
0.000746
0.000810
0.000673
0.000665
0.000756
0.000817
0.000767
0.000741
0.000759
0.000774
0.000756
0.000753
0.000752
0.000751
0.000775
0.000793
0.000756
0.000727
0.000754
0.000740
0.000759
0.000738
0.000751
0.000740
0.000742
0.000721
0.000714
0.000748
0.000652
0.000732
0.000750
0.000808
0.000923
0.000976
0.001084
0.000904
0.000812
0.000771
0.001018
0.001153
0.001038
0.000822
0.000798
0.000766
0.000795
0.000758
0.000786
0.000749
0.000744
0.000784
0.000757
0.000811
0.000766
0.000786
0.000826
0.000802
0.000797
0.000765
0.000757
0.000853
0.000927
0.000766
0.000805
0.000997
0.000790
0.000834
0.000816
0.000813
0.000912
0.000758
0.000808
0.000749
0.000752
0.000763
0.000776
0.000758
0.000794
0.000658
0.000765
0.000753
0.000759
0.000813
0.000741
0.000711
0.000771
0.000763
0.000783
0.000813
0.000665
0.000763
0.000822
0.000800
0.000746
0.000839
0.000774
0.000757
0.000778
0.000766
0.000802
0.000835
0.000775
0.000760
0.000801
0.000758
0.000759
0.000737
0.000797
0.000667
0.000785
0.000655
0.000760
0.000755
0.000840
0.000776
0.000835
0.000682
0.000749
0.000650
0.000677
0.000758
0.000770
0.000753
0.000740
0.000749
0.000799
0.000757
0.000794
0.000784
0.000815
0.000706
0.000773
0.000808
0.000830
0.000757
0.000830
0.000770
0.000803
0.000796
0.000685
0.000880
0.000867
0.000753
0.000752
0.000787
0.000789
0.000752
0.000756
0.000735
0.000780
0.000688
0.000783
0.000749
0.000772
0.000750
0.000769
0.000803
0.000655
0.000736
0.000766
0.000794
0.000790
0.000722
0.000769
0.000764
0.000775
0.000735
0.000744
0.000766
0.000782
0.000753
0.000775
0.000751
0.000763
0.000765
0.000747
0.000760
0.000828
0.000751
0.000743
0.000782
0.000769
0.000834
0.000811
0.000789
0.000757
0.000740
0.000759
0.000755
0.000775
0.000767
0.000816
0.000824
0.000756
0.000747
0.000696
0.000769
0.000753
0.000740
0.000794
0.000811
0.000776
0.000749
0.000746
0.000803
0.000748
0.000788
0.000755
0.000768
0.000754
0.000813
0.000649
0.000639
0.000774
0.000768
0.000758
0.000775
0.000747
0.000788
0.000771
0.000740
0.000770
0.000764
0.000762
0.000812
0.000721
0.000808
0.000759
0.000809
0.000688
0.000755
0.000763
0.000830
0.000762
0.000752
0.000847
0.000769
0.000678
0.000733
0.000737
0.000651
0.000695
0.000646
0.000669
0.000647
0.000821
0.000872
0.000854
0.000880
0.000829
0.000845
0.000859
0.000879
0.000869
0.000935
0.000922
0.000883
0.000851
0.000862
0.000747
0.000748
0.000840
0.000748
0.000761
0.000801
0.000766
0.000747
0.000771
0.000744
0.000759
0.000745
0.000741
0.000780
0.000826
0.000794
0.000683
0.000747
0.000779
0.000779
0.000790
0.000733
0.000786
0.000767
0.000754
0.000749
0.000758
0.000748
0.000808
0.000796
0.000762
0.000757
0.000753
0.000755
0.000742
0.000722
0.000752
0.000826
0.000732
0.000758
0.000748
0.000768
0.000736
0.000763
0.000810
0.000775
0.000774
0.000840
0.000757
0.000750
0.000775
0.000628
0.000744
0.000755
0.000770
0.000754
0.000793
0.000734
0.001315
0.000648
0.000756
0.000736
0.000757
0.000787
0.000707
0.000749
0.000782
0.000646
0.000673
0.000695
0.000773
0.000750
0.000749
0.000796
0.000774
0.000815
0.000846
0.000787
0.000648
0.000781
0.000771
0.000757
0.000776
0.000790
0.000791
0.000753
0.000755
0.000746
0.000762
0.000755
0.000686
0.000780
0.000642
0.000757
0.000756
0.000742
0.000766
0.000644
0.000779
0.000658
0.000642
0.000636
0.000710
0.000643
0.000798
0.000764
0.000791
0.000734
0.000783
0.000737
0.000663
0.000772
0.000717
0.000848
0.000773
0.000827
0.000752
0.000776
0.000784
0.000764
0.000748
0.000773
0.000743
0.000765
0.000827
0.000850
0.000677
0.000771
0.000668
0.000715
0.000653
0.000650
0.000664
0.000642
0.000667
0.000661
0.000678
0.000650
0.000670
0.000784
0.000768
0.000816
0.000768
0.000758
0.000755
0.000761
0.000700
0.000806
0.000929
0.000764
0.000744
0.000643
0.000662
0.000586
0.000781
0.000824
0.000805
0.000777
0.000746
0.000806
0.000751
0.000760
0.000752
0.000743
0.000761
0.000795
0.000745
0.000757
0.000751
0.000752
0.000723
0.000771
0.000755
0.000773
0.000729
0.000773
0.000790
0.000748
0.000742
0.000751
0.000753
0.000816
0.000749
0.000752
0.000784
0.000794
0.000779
0.000730
0.000785
0.000661
0.000801
0.000718
0.000765
0.000778
0.000760
0.000772
0.000812
0.000754
0.000809
0.000784
0.000843
0.000738
0.000753
0.000757
0.000806
0.000742
0.000773
0.000799
0.000646
0.000788
0.000765
0.000758
0.000803
0.000741
0.000737
0.000728
0.000738
0.000860
0.000756
0.000664
0.000686
0.000737
0.000757
0.000796
0.000758
0.000656
0.000703
0.000863
0.000789
0.000756
0.000772
0.000750
0.000935
0.000652
0.000674
0.000648
0.000667
0.000795
0.000747
0.000751
0.000791
0.000743
0.000808
0.000754
0.000749
0.000770
0.000824
0.000747
0.001469
0.000875
0.000716
0.000768
0.000661
0.000770
0.000745
0.000782
0.000754
0.000821
0.000762
0.000754
0.000750
0.000749
0.000775
0.000735
0.000770
0.000762
0.000710
0.000747
0.000759
0.000764
0.000753
0.000730
0.000742
0.000772
0.000767
0.000752
0.000764
0.000809
0.000654
0.000777
0.000755
0.000773
0.000680
0.000782
0.000764
0.000777
0.000723
0.000776
0.000810
0.000906
0.000759
0.000768
0.000777
0.000754
0.000742
0.000769
0.000764
0.000768
0.000803
0.000777
0.000768
0.000761
0.000680
0.000792
0.000772
0.000798
0.000678
0.000734
0.000746
0.000773
0.000744
0.000760
0.000758
0.000729
0.000749
0.000770
0.000763
0.000765
0.000753
0.000744
0.000731
