0.000555
0.000598
0.000530
0.000541
0.000544
0.000542
0.000556
0.000418
0.000499
0.000528
0.000543
0.000517
0.000536
0.000535
0.000524
0.000525
0.000544
0.000522
0.000565
0.000523
0.000515
0.000528
0.000564
0.000522
0.000515
0.000522
0.000415
0.000512
0.000558
0.000531
0.000547
0.000512
0.000537
0.000521
0.000526
0.000538
0.000502
0.000523
0.000524
0.000519
0.000528
0.000441
0.000524
0.000511
0.000510
0.000523
0.000528
0.000521
0.000526
0.000421
0.000516
0.000519
0.000525
0.000545
0.000526
0.000530
0.000538
0.000516
0.000523
0.000536
0.000537
0.000435
0.000541
0.000533
0.000533
0.000520
0.000536
0.000519
0.000513
0.000532
0.000520
0.000554
0.000550
0.000539
0.000511
0.000517
0.000285
0.000414
0.000577
0.000278
0.000479
0.000533
0.000567
0.000539
0.000538
0.000517
0.000582
0.000534
0.000516
0.000508
0.000547
0.000594
0.000516
0.000526
0.000577
0.000521
0.000520
0.000524
0.000476
0.000515
0.000533
0.000519
0.000522
0.000535
0.000517
0.000528
0.000508
0.000540
0.000520
0.000536
0.000507
0.000541
0.000552
0.000505
0.000510
0.000517
0.000551
0.000611
0.000511
0.000406
0.000547
0.000530
0.000521
0.000533
0.000421
0.000515
0.000527
0.000414
0.000509
0.000532
0.000562
0.000518
0.000525
0.000532
0.000531
0.000558
0.000514
0.000515
0.000538
0.000526
0.000530
0.000414
0.000536
0.000527
0.000521
0.000528
0.000556
0.000511
0.000558
0.000551
0.000527
0.000552
0.000521
0.000528
0.000535
0.000517
0.000527
0.000510
0.000530
0.000459
0.000531
0.000522
0.000558
0.000529
0.000508
0.000533
0.000548
0.000411
0.000410
0.000551
0.000526
0.000517
0.000530
0.000526
0.000527
0.000533
0.000539
0.000567
0.000524
0.000535
0.000521
0.000519
0.000528
0.000528
0.000537
0.000521
0.000531
0.000596
0.000512
0.000533
0.000508
0.000556
0.000556
0.000504
0.000528
0.000531
0.000532
0.000581
0.000588
0.000526
0.000535
0.000532
0.000522
0.000536
0.000565
0.000542
0.000569
0.000422
0.000536
0.000523
0.000416
0.001107
0.000506
0.000514
0.000532
0.000575
0.000532
0.000531
0.000521
0.000547
0.000538
0.000537
0.000447
0.000426
0.000524
0.000411
0.000517
0.000507
0.000519
0.000562
0.000523
0.000534
0.000522
0.000541
0.000529
0.000524
0.000518
0.000531
0.000515
0.000508
0.000509
0.000518
0.000548
0.000455
0.000540
0.000556
0.000555
0.000541
0.000512
0.000551
0.000528
0.000533
0.000535
0.000523
0.000515
0.000522
0.000539
0.000523
0.000567
0.000422
0.000531
0.000531
0.000547
0.000546
0.000529
0.000535
0.000588
0.000520
0.000549
0.000521
0.000527
0.000538
0.000513
0.000580
0.000520
0.000516
0.000526
0.000541
0.000510
0.000453
0.000493
0.000518
0.000412
0.000545
0.000407
0.000558
0.000514
0.000513
0.000506
0.000455
0.000514
0.000505
0.000504
0.000525
0.000532
0.000518
0.000556
0.000552
0.000528
0.000531
0.000522
0.000588
0.000514
0.000527
0.000625
0.000538
0.000526
0.000539
0.000548
0.000524
0.000502
0.000524
0.000509
0.000560
0.000515
0.000530
0.000530
0.000507
0.000527
0.000569
0.000526
0.000512
0.000519
0.000514
0.000509
0.000515
0.000529
0.000534
0.000584
0.000519
0.000546
0.000523
0.000540
0.000529
0.000512
0.000504
0.000497
0.000528
0.000507
0.000532
0.000495
0.000539
0.000606
0.000530
0.000534
0.000532
0.000494
0.000541
0.000514
0.000517
0.000533
0.000517
0.000538
0.000569
0.000504
0.000532
0.000528
0.000560
0.000567
0.000530
0.000530
0.000544
0.000556
0.000535
0.000514
0.000531
0.000517
0.000553
0.000599
0.000528
0.000529
0.000536
0.000544
0.000533
0.000419
0.000529
0.000535
0.000539
0.000523
0.001111
0.000521
0.000527
0.000530
0.000517
0.000517
0.000502
0.000539
0.000562
0.000527
0.000541
0.000528
0.000528
0.000527
0.000532
0.000537
0.000528
0.000532
0.000539
0.000496
0.000516
0.000522
0.000531
0.000536
0.000527
0.000528
0.000562
0.000545
0.000557
0.000429
0.000427
0.000527
0.000559
0.000547
0.000513
0.000515
0.000536
0.000546
0.000522
0.000539
0.000535
0.000531
0.000506
0.000535
0.000564
0.000559
0.000527
0.000532
0.000529
0.000530
0.000536
0.000538
0.000525
0.000527
0.000520
0.000532
0.000540
0.000535
0.000545
0.000518
0.000532
0.000509
0.000483
0.000517
0.000524
0.000529
0.000532
0.000521
0.000548
0.000510
0.000559
0.000573
0.000510
0.000546
0.000588
0.000728
0.000691
0.000545
0.000514
0.000529
0.000760
0.000727
0.000694
0.000550
0.000520
0.000546
0.000528
0.000526
0.000555
0.000521
0.000518
0.000535
0.000523
0.000537
0.000545
0.000604
0.000546
0.000516
0.000532
0.000541
0.000531
0.000535
0.000557
0.000552
0.000545
0.000536
0.000537
0.000527
0.000452
0.000420
0.000537
0.000587
0.000524
0.000545
0.000523
0.000529
0.000527
0.000530
0.000456
0.000560
0.000559
0.000547
0.000507
0.000540
0.000524
0.000547
0.000537
0.000534
0.000534
0.000530
0.000566
0.000522
0.000534
0.000582
0.000523
0.000527
0.000531
0.000530
0.000535
0.000547
0.000535
0.000552
0.000530
0.000538
0.000529
0.000544
0.000532
0.000538
0.000545
0.000570
0.000563
0.000531
0.000526
0.000521
0.000526
0.000522
0.000533
0.000572
0.000532
0.000517
0.000513
0.000469
0.000540
0.000531
0.000534
0.000522
0.000561
0.000522
0.000549
0.000538
0.000540
0.000565
0.000558
0.000506
0.000536
0.000524
0.000546
0.000526
0.000536
0.000544
0.000558
0.000584
0.000532
0.000591
0.000529
0.000526
0.000535
0.000521
0.000533
0.000525
0.000540
0.000545
0.000529
0.000529
0.000543
0.000545
0.000533
0.000476
0.000525
0.000540
0.000547
0.000529
0.000533
0.000592
0.000526
0.000508
0.000529
0.000555
0.000518
0.000548
0.000517
0.000525
0.000536
0.000518
0.000520
0.000527
0.000521
0.000522
0.000513
0.000579
0.000566
0.000529
0.000508
0.000576
0.000531
0.000522
0.000533
0.000415
0.000522
0.000512
0.000545
0.000524
0.000531
0.000415
0.000522
0.000526
0.000538
0.000523
0.000517
0.000540
0.000570
0.000542
0.000541
0.000535
0.000541
0.000541
0.000524
0.000539
0.000508
0.000542
0.000523
0.000537
0.000529
0.000540
0.000533
0.000519
0.000528
0.000523
0.000532
0.000550
0.000522
0.000542
0.000554
0.000521
0.000517
0.000556
0.000524
0.000516
0.000537
0.000514
0.000532
0.000528
0.000544
0.000535
0.000527
0.000515
0.000531
0.000537
0.000526
0.000539
0.000534
0.000535
0.000547
0.000518
0.000536
0.000534
0.000648
0.000511
0.000755
0.000682
0.000686
0.000650
0.000647
0.000656
0.000646
0.000643
0.000640
0.000643
0.000635
0.000728
0.000536
0.000503
0.000527
0.000537
0.000598
0.000428
0.000516
0.000531
0.000533
0.000371
0.000525
0.000523
0.000511
0.000513
0.000512
0.000533
0.000533
0.000536
0.000545
0.000541
0.000534
0.000536
0.000543
0.000522
0.000515
0.000527
0.000525
0.000508
0.000512
0.000536
0.000520
0.000541
0.000571
0.000528
0.000525
0.000529
0.000531
0.000527
0.000604
0.000515
0.000533
0.000589
0.000519
0.000521
0.000530
0.000539
0.000512
0.000553
0.000533
0.000509
0.000533
0.000545
0.000523
0.000523
0.000521
0.000506
0.000533
0.000529
0.000532
0.000531
0.000528
0.000516
0.000522
0.000525
0.000542
0.000543
0.000525
0.000424
0.000426
0.000551
0.000520
0.000531
0.000509
0.000412
0.000516
0.000566
0.000564
0.000526
0.000527
0.000432
0.000518
0.000534
0.000522
0.000533
0.000555
0.000535
0.000555
0.000534
0.000548
0.000522
0.000625
0.000514
0.000554
0.000541
0.000512
0.000524
0.000524
0.000568
0.000603
0.000534
0.000529
0.000536
0.000518
0.000515
0.000531
0.000526
0.000540
0.000614
0.000523
0.000518
0.000529
0.000539
0.000529
0.000525
0.000534
0.000573
0.000535
0.000525
0.000544
0.000518
0.000521
0.000524
0.000518
0.000527
0.000529
0.000515
0.000555
0.000541
0.000552
0.000556
0.000556
0.000431
0.000416
0.000506
0.000424
0.000523
0.000532
0.000416
0.000519
0.000446
0.000422
0.000530
0.000522
0.000532
0.000535
0.000518
0.000546
0.000498
0.000527
0.000511
0.000515
0.000526
0.000528
0.000347
0.000588
0.000540
0.000522
0.000529
0.000529
0.000570
0.000520
0.000518
0.000517
0.000524
0.000561
0.000412
0.000542
0.000545
0.000514
0.000546
0.000535
0.000518
0.000506
0.000420
0.000449
0.000529
0.000560
0.000530
0.000546
0.000584
0.000527
0.000539
0.000536
0.000542
0.000548
0.000531
0.000530
0.000529
0.000585
0.000516
0.000556
0.000528
0.000512
0.000530
0.000486
0.000533
0.000543
0.000534
0.000533
0.000533
0.000519
0.000533
0.000537
0.000430
0.000535
0.000524
0.000528
0.000572
0.000543
0.000535
0.000520
0.000517
0.000571
0.000517
0.000508
0.000519
0.000507
0.000553
0.000501
0.000509
0.000555
0.000575
0.000522
0.000544
0.000533
0.000556
0.000577
0.000668
0.000525
0.000526
0.000519
0.000525
0.000535
0.000510
0.000529
0.000534
0.000506
0.000513
0.000554
0.000517
0.000523
0.000527
0.000545
0.000523
0.000534
0.000525
0.000528
0.000523
0.000572
0.000571
0.000576
0.000530
0.000565
0.000533
0.000518
0.000536
0.000533
0.000532
0.000544
0.000521
0.000529
0.000528
0.000528
0.000524
0.000551
0.000643
0.000518
0.000413
0.000535
0.000555
0.000535
0.000414
0.000537
0.000575
0.000529
0.000534
0.000532
0.000548
0.000524
0.000525
0.000534
0.000706
0.000585
0.000530
0.000524
0.000542
0.000487
0.000603
0.000409
0.000530
0.000520
0.000526
0.000524
0.000520
0.000535
0.000550
0.000533
0.000541
0.000521
0.000523
0.000522
0.000523
0.000560
0.000540
0.000416
0.000518
0.000562
0.000543
0.000529
0.000526
0.000580
0.000510
0.000532
0.000529
0.000512
0.000581
0.000529
0.000528
0.000535
0.000596
0.000544
