0.000643
0.000551
0.001931
0.000567
0.000592
0.000572
0.000553
0.003965
0.000583
0.000580
0.002405
0.001950
0.001887
0.002259
0.000579
0.000588
0.002149
0.000587
0.003319
0.000558
0.000618
0.000570
0.002616
0.000565
0.000569
0.000593
0.001673
0.002266
0.000579
0.000597
0.002990
0.000832
0.000543
0.000539
0.003188
0.000608
0.000584
0.001697
0.002234
0.000583
0.000576
0.000564
0.000549
0.000611
0.000628
0.002353
0.000537
0.000548
0.000573
0.000551
0.002717
0.000586
0.002382
0.000583
0.000550
0.000570
0.000582
0.000545
0.000580
0.000604
0.000592
0.000857
0.000538
0.000561
0.001702
0.000577
0.000539
0.000609
0.001473
0.000646
0.001732
0.000576
0.000592
0.003482
0.000569
0.001028
0.001326
0.000583
0.000559
0.000572
0.002234
0.000593
0.000604
0.000932
0.000574
0.003335
0.002430
0.000550
0.000545
0.000576
0.001938
0.000558
0.000543
0.000709
0.000862
0.000571
0.000548
0.000591
0.001843
0.000577
0.001737
0.002050
0.000594
0.000551
0.001865
0.000702
0.000578
0.000538
0.000547
0.000756
0.000635
0.001621
0.001715
0.000662
0.000541
0.001500
0.000849
0.001620
0.000587
0.000573
0.000598
0.000585
0.002121
0.001146
0.001188
0.000571
0.000604
0.001592
0.000719
0.000779
0.000713
0.000599
0.001314
0.000609
0.001784
0.000550
0.000553
0.000632
0.002464
0.000544
0.000597
0.001921
0.000563
0.000582
0.000652
0.001481
0.000550
0.000578
0.000553
0.002132
0.001207
0.000633
0.003511
0.000552
0.000575
0.000624
0.001523
0.000601
0.002240
0.000586
0.000598
0.000560
0.000632
0.002566
0.000544
0.000585
0.000566
0.001624
0.003997
0.000553
0.002497
0.000645
0.000579
0.000651
0.000634
0.002595
0.000635
0.000587
0.001269
0.000614
0.000561
0.000621
0.000614
0.000587
0.000691
0.000627
0.000583
0.001978
0.003591
0.001047
0.000744
0.000554
0.000564
0.000603
0.000579
0.000574
0.000591
0.000884
0.001116
0.000590
0.001998
0.000588
0.002696
0.000543
0.000576
0.000619
0.000669
0.001691
0.000627
0.001209
0.000539
0.000599
0.000576
0.001128
0.000547
0.002554
0.000586
0.000578
0.000581
0.000746
0.004818
0.000544
0.000594
0.000549
0.000638
0.000571
0.000595
0.000636
0.000985
0.000579
0.000632
0.000550
0.002529
0.000576
0.001700
0.000597
0.000653
0.000555
0.000612
0.000581
0.000600
0.000567
0.000850
0.000624
0.001832
0.000570
0.000576
0.000585
0.000592
0.000582
0.000586
0.000573
0.000584
0.000699
0.001265
0.000821
0.000593
0.000618
0.000621
0.001488
0.000694
0.000599
0.000545
0.000547
0.001960
0.000611
0.000624
0.000579
0.000760
0.001201
0.002425
0.000561
0.000704
0.000980
0.003327
0.000579
0.000589
0.000608
0.000579
0.001712
0.001696
0.000585
0.000622
0.003175
0.000567
0.001850
0.000601
0.000741
0.000540
0.000603
0.002032
0.000747
0.000577
0.000684
0.000602
0.000569
0.000576
0.000593
0.000580
0.000653
0.002638
0.000566
0.000586
0.000578
0.000543
0.001934
0.000630
0.000834
0.000684
0.001010
0.000602
0.000591
0.001060
0.001718
0.002011
0.000612
0.000554
0.000547
0.002654
0.000536
0.000606
0.000772
0.000692
0.000551
0.000586
0.001062
0.001976
0.000556
0.000557
0.001655
0.000606
0.002621
0.001596
0.001147
0.001718
0.000546
0.000591
0.001187
0.001043
0.000601
0.000699
0.000545
0.000667
0.000603
0.002356
0.000886
0.000670
0.000576
0.001769
0.000580
0.000639
0.000620
0.000546
0.001019
0.001137
0.000586
0.001694
0.000586
0.002058
0.000570
0.002133
0.000611
0.000559
0.000594
0.004557
0.000560
0.001919
0.000551
0.000613
0.000590
0.000898
0.000539
0.001921
0.001015
0.000580
0.000654
0.000540
0.000581
0.000569
0.000613
0.000995
0.003629
0.000600
0.001325
0.000876
0.000570
0.000749
0.006408
0.005595
0.000587
0.000567
0.000606
0.001838
0.000614
0.000545
0.000666
0.000578
0.002942
0.000557
0.000573
0.001489
0.000589
0.000611
0.000792
0.001438
0.001000
0.001114
0.000925
0.001229
0.001017
0.000825
0.000572
0.000550
0.001699
0.001662
0.000577
0.000545
0.002356
0.000649
0.001886
0.001435
0.000576
0.001440
0.000610
0.000542
0.001585
0.002916
0.001448
0.000567
0.000558
0.000550
0.001689
0.000763
0.000611
0.000881
0.000595
0.000566
0.001168
0.000564
0.000601
0.001038
0.000732
0.000617
0.000576
0.002441
0.001589
0.001699
0.000592
0.002099
0.000544
0.000562
0.000615
0.001313
0.000612
0.000566
0.000568
0.001351
0.000587
0.001940
0.000542
0.002461
0.000895
0.000617
0.000561
0.002186
0.000604
0.000553
0.000616
0.002317
0.000548
0.000552
0.000550
0.000557
0.000572
0.001825
0.000545
0.000594
0.000548
0.001582
0.000954
0.000626
0.000574
0.001828
0.000561
0.000552
0.000552
0.000576
0.001364
0.000613
0.000545
0.000561
0.000595
0.000733
0.000538
0.001238
0.000576
0.002567
0.000703
0.000572
0.000597
0.000558
0.001515
0.000553
0.001585
0.001876
0.001583
0.000577
0.000552
0.000596
0.002177
0.000551
0.000549
0.000580
0.003198
0.001286
0.001498
0.000589
0.000936
0.001753
0.000636
0.000589
0.001975
0.000575
0.000592
0.000592
0.000928
0.003636
0.000543
0.000573
0.000563
0.000599
0.000587
0.000586
0.000566
0.000771
0.000627
0.001172
0.000587
0.000549
0.001125
0.000538
0.000550
0.000585
0.000582
0.001960
0.001025
0.001836
0.000578
0.001342
0.000541
0.001182
0.000564
0.002308
0.002072
0.000611
0.000553
0.000572
0.001050
0.000557
0.001514
0.000634
0.000583
0.000586
0.001167
0.000580
0.000588
0.003244
0.000637
0.000586
0.001912
0.000879
0.000594
0.000587
0.000610
0.000703
0.000540
0.001443
0.000599
0.000613
0.001541
0.000545
0.002446
0.000931
0.000555
0.000574
0.000650
0.000975
0.000571
0.000595
0.000539
0.000537
0.000548
0.000597
0.000617
0.000567
0.000545
0.000563
0.002009
0.000563
0.002002
0.000546
0.000560
0.000710
0.001642
0.000619
0.000591
0.000577
0.000615
0.000595
0.000586
0.000582
0.001703
0.000550
0.000547
0.000571
0.000560
0.000585
0.002334
0.000551
0.000572
0.000546
0.001357
0.000575
0.001950
0.000723
0.000606
0.000612
0.001187
0.000613
0.000589
0.000590
0.000585
0.000613
0.000537
0.001460
0.000569
0.001152
0.000935
0.000543
0.003138
0.000558
0.000581
0.000565
0.001114
0.001164
0.000578
0.001678
0.000570
0.000613
0.000536
0.000607
0.000567
0.002111
0.000580
0.000582
0.000545
0.001624
0.000589
0.000623
0.000664
0.000589
0.000543
0.002066
0.000546
0.000562
0.002156
0.000545
0.000585
0.000664
0.000609
0.000538
0.000571
0.001536
0.000548
0.000544
0.001351
0.001051
0.000801
0.002502
0.000612
0.000562
0.000580
0.001373
0.000604
0.000549
0.000577
0.000591
0.000621
0.001845
0.000544
0.000553
0.003611
0.000612
0.000584
0.001666
0.000568
0.000583
0.000573
0.000551
0.002831
0.001552
0.000587
0.000592
0.001752
0.000577
0.001049
0.002028
0.000549
0.000554
0.000625
0.002010
0.001587
0.000534
0.000552
0.000601
0.000614
0.000590
0.000696
0.001619
0.000602
0.001530
0.002408
0.000555
0.000622
0.000555
0.000579
0.003241
0.000596
0.002251
0.000602
0.000554
0.000646
0.000555
0.001583
0.000582
0.000607
0.000601
0.000586
0.000578
0.000601
0.003387
0.000584
0.003087
0.000591
0.000585
0.000589
0.001981
0.000576
0.000588
0.001281
0.001740
0.001290
0.001769
0.000630
0.001404
0.000955
0.001114
0.000572
0.000578
0.000587
0.000558
0.001548
0.000545
0.000577
0.000632
0.000777
0.000613
0.000587
0.000564
0.004160
0.000661
0.000585
0.000585
0.000586
0.001074
0.001294
0.000604
0.000588
0.000658
0.001718
0.000584
0.000551
0.000566
0.001203
0.001925
0.001006
0.002531
0.001717
0.000571
0.000620
0.000548
0.000582
0.002158
0.000663
0.000591
0.000553
0.000920
0.000621
0.000581
0.000550
0.000546
0.000624
0.000669
0.000601
0.000581
0.003450
0.000605
0.000588
0.003195
0.000547
0.000682
0.000824
0.000667
0.000574
0.001624
0.003029
0.000585
0.000646
0.000536
0.000578
0.000551
0.000588
0.000617
0.000551
0.000548
0.000552
0.001298
0.000885
0.000653
0.002049
0.000548
0.001001
0.001912
0.000551
0.000571
0.000541
0.000540
0.000601
0.000641
0.002167
0.000572
0.000561
0.000537
0.000543
0.002508
0.000550
0.000543
0.000568
0.000585
0.000568
0.000622
0.000587
0.000545
0.000536
0.001724
0.000663
0.000583
0.000577
0.001743
0.000543
0.000579
0.000568
0.000579
0.000542
0.001563
0.000727
0.000601
0.000554
0.000555
0.000599
0.000583
0.001311
0.000597
0.000563
0.000571
0.000639
0.000540
0.000557
0.000590
0.001745
0.001527
0.000618
0.000561
0.000558
0.001253
0.000565
0.003559
0.000547
0.002353
0.003702
0.000603
0.000602
0.001270
0.000555
0.000578
0.000616
0.001777
0.000543
0.000567
0.000586
0.000568
0.000558
0.000586
0.000565
0.000999
0.000551
0.000587
0.000584
0.002358
0.001835
0.000575
0.000584
0.000569
0.000641
0.000572
0.000614
0.000540
0.000869
0.002681
0.000552
0.000601
0.000587
0.000579
0.000593
0.000559
0.000578
0.000546
0.000551
0.000589
0.001693
0.002887
0.000733
0.000556
0.001416
0.000557
0.000549
0.000571
0.000546
0.000590
0.000634
0.001348
0.000554
0.000927
0.001848
0.000655
0.000559
0.002818
0.000550
0.000563
0.000577
0.000665
0.000546
0.000537
0.000558
0.002508
0.000548
0.000549
0.002658
0.000545
0.001392
0.000616
0.002552
0.005099
0.000544
0.000599
0.002633
0.000556
0.000580
0.000578
0.001917
0.000544
0.003125
0.000626
0.000533
0.000574
0.000584
0.000605
0.000561
0.002481
0.000537
0.000587
0.001499
0.001821
0.000732
0.000979
0.000615
0.000547
0.000551
0.001344
0.000545
0.001103
0.000612
0.001230
0.000766
0.000586
0.000580
0.000568
0.003698
0.001658
0.000546
