0.001661
0.001667
0.002081
0.002427
0.002311
0.002952
0.002681
0.002801
0.002036
0.002043
0.001730
0.001526
0.001554
0.001501
0.001504
0.001793
0.001464
0.001785
0.001411
0.002680
0.001924
0.002133
0.002327
0.002284
0.002082
0.002372
0.002453
0.002914
0.001948
0.002231
0.003032
0.002960
0.002348
0.003008
0.002426
0.002362
0.002685
0.002102
0.002202
0.002198
0.002475
0.002495
0.002729
0.002337
0.002396
0.002401
0.002133
0.003178
0.002030
0.002398
0.002211
0.001772
0.001994
0.002723
0.002711
0.002785
0.002683
0.002594
0.002773
0.002310
0.002541
0.003354
0.002748
0.002298
0.002337
0.002484
0.002688
0.002804
0.002440
0.002077
0.002307
0.002183
0.002508
0.001915
0.002559
0.002808
0.002389
0.002481
0.002737
0.002945
0.002607
0.002655
0.002821
0.002409
0.002371
0.002528
0.002343
0.002563
0.002512
0.003099
0.002488
0.003161
0.002763
0.002548
0.003081
0.002185
0.002260
0.002203
0.002420
0.002451
0.003079
0.002910
0.002557
0.002430
0.002415
0.003049
0.002989
0.002957
0.002870
0.002556
0.002500
0.002454
0.002493
0.002950
0.002355
0.002370
0.003249
0.002392
0.002571
0.003012
0.002193
0.003002
0.002855
0.003671
0.002796
0.002783
0.002165
0.002947
0.002263
0.002997
0.002429
0.002698
0.003099
0.002881
0.002687
0.002969
0.002554
0.002756
0.002108
0.002547
0.002175
0.002684
0.002294
0.002389
0.002732
0.003180
0.002948
0.002283
0.003045
0.002861
0.003348
0.002655
0.002057
0.002983
0.002684
0.002441
0.002661
0.003365
0.002344
0.002374
0.002334
0.002153
0.003057
0.002875
0.002327
0.002393
0.003177
0.002106
0.003005
0.002302
0.002343
0.002510
0.002634
0.002149
0.002551
0.002387
0.002672
0.002250
0.002489
0.002339
0.002505
0.002330
0.002463
0.002626
0.002238
0.002284
0.002691
0.002363
0.003095
0.002552
0.002659
0.002551
0.002371
0.002616
0.002965
0.002687
0.002834
0.002662
0.002459
0.003196
0.002604
0.002293
0.002564
0.002305
0.002933
0.003026
0.002788
0.002456
0.002425
0.002666
0.002289
0.002489
0.002569
0.002458
0.002223
0.002387
0.002267
0.003183
0.002149
0.002325
0.002655
0.002469
0.002509
0.002535
0.002135
0.002376
0.002768
0.002480
0.002522
0.002405
0.002633
0.002440
0.002114
0.002127
0.002638
0.002581
0.002444
0.002418
0.002433
0.002968
0.002513
0.002393
0.002421
0.002979
0.003073
0.002908
0.002839
0.002845
0.002416
0.002911
0.002446
0.002667
0.003804
0.002944
0.002600
0.002259
0.003270
0.002313
0.002690
0.002423
0.002539
0.003259
0.002122
0.002861
0.003219
0.003190
0.003025
0.002750
0.002397
0.002492
0.002365
0.002141
0.003012
0.002310
0.003248
0.002505
0.002547
0.002296
0.002080
0.002146
0.002051
0.002294
0.002970
0.002392
0.003057
0.002925
0.002951
0.001959
0.002395
0.002481
0.002660
0.002380
0.002037
0.003031
0.002650
0.003155
0.002537
0.002627
0.002616
0.002499
0.002405
0.002972
0.002628
0.002476
0.002972
0.002372
0.002848
0.003085
0.003062
0.003026
0.002851
0.002780
0.003062
0.002449
0.002993
0.003010
0.003166
0.003044
0.002620
0.002887
0.003141
0.002905
0.002607
0.002738
0.002363
0.002583
0.002878
0.002589
0.002539
0.002641
0.003020
0.003020
0.002491
0.002531
0.003033
0.002826
0.002997
0.002478
0.002426
0.002758
0.003001
0.002441
0.002549
0.002571
0.002645
0.002567
0.003031
0.002482
0.002694
0.002300
0.002465
0.002678
0.002945
0.002442
0.002538
0.002675
0.002318
0.002853
0.002494
0.002185
0.002540
0.002448
0.002947
0.002399
0.002391
0.003274
0.003055
0.003157
0.002685
0.002597
0.002424
0.002380
0.003058
0.002780
0.002837
0.002760
0.002451
0.003259
0.002318
0.002823
0.002415
0.002911
0.002472
0.002554
0.002254
0.002792
0.002298
0.002451
0.002480
0.002542
0.003158
0.003184
0.003327
0.002204
0.002323
0.002447
0.002980
0.002311
0.002410
0.002365
0.002615
0.002785
0.002683
0.002827
0.002301
0.002655
0.002611
0.002698
0.002752
0.002554
0.002462
0.002313
0.001989
0.002451
0.002295
0.002324
0.002211
0.002399
0.002269
0.002452
0.002495
0.002424
0.002580
0.002127
0.002351
0.002547
0.002427
0.002321
0.002438
0.002578
0.002378
0.002775
0.002765
0.002657
0.002249
0.002055
0.002726
0.002700
0.002676
0.002909
0.002897
0.002478
0.002378
0.002561
0.002589
0.003056
0.002630
0.002302
0.002399
0.002567
0.002709
0.002248
0.002318
0.002509
0.002288
0.002220
0.002104
0.002296
0.003076
0.002638
0.001945
0.002600
0.002135
0.002719
0.002460
0.002396
0.002320
0.002820
0.002450
0.002268
0.002278
0.002984
0.002152
0.002266
0.002697
0.002659
0.002752
0.002606
0.002905
0.002554
0.003027
0.003018
0.002205
0.002293
0.002218
0.002955
0.002548
0.002461
0.002345
0.002613
0.002785
0.002338
0.002439
0.002740
0.003035
0.002121
0.002325
0.003598
0.002234
0.003061
0.002466
0.002495
0.002374
0.002429
0.002520
0.002461
0.002871
0.002424
0.002472
0.002784
0.002516
0.002314
0.002618
0.002845
0.002878
0.002499
0.002706
0.002787
0.002394
0.002382
0.003066
0.002496
0.002555
0.002498
0.002559
0.002541
0.002674
0.002385
0.002201
0.002849
0.002474
0.002241
0.002835
0.002425
0.002679
0.002619
0.003179
0.002272
0.002249
0.002815
0.003050
0.003124
0.002456
0.002202
0.002693
0.002639
0.003091
0.002971
0.002617
0.002376
0.002077
0.002683
0.002855
0.002684
0.003030
0.002429
0.002007
0.002500
0.003228
0.002484
0.002796
0.002350
0.002183
0.002972
0.002788
0.002629
0.002722
0.002288
0.002250
0.002880
0.002342
0.002209
0.002155
0.002646
0.002266
0.002534
0.002518
0.002774
0.002229
0.002938
0.002354
0.002394
0.002572
0.002938
0.002678
0.002543
0.002659
0.002913
0.002517
0.002160
0.002335
0.002404
0.002548
0.002888
0.002720
0.002762
0.002918
0.002210
0.002874
0.002271
0.002188
0.002223
0.003027
0.002948
0.002495
0.002546
0.002466
0.002410
0.002178
0.002110
0.002505
0.002890
0.002009
0.001666
0.003112
0.002382
0.002140
0.002505
0.002148
0.003575
0.002303
0.002620
0.002679
0.002234
0.002588
0.002531
0.003025
0.002251
0.002408
0.003144
0.002450
0.002381
0.001787
0.002389
0.003066
0.002582
0.002442
0.002387
0.002436
0.002421
0.001894
0.002625
0.002557
0.002908
0.002379
0.002485
0.002894
0.002367
0.002508
0.003103
0.002643
0.002532
0.002423
0.001823
0.002528
0.002550
0.002320
0.001956
0.002415
0.002994
0.002166
0.002217
0.002569
0.002391
0.002847
0.002449
0.002459
0.003036
0.002266
0.002443
0.002269
0.003766
0.002294
0.002304
0.003144
0.003303
0.003402
0.002407
0.002362
0.003334
0.002410
0.002362
0.002233
0.002899
0.002911
0.003132
0.003006
0.002871
0.002681
0.002318
0.002659
0.002686
0.003663
0.002355
0.002672
0.002242
0.002569
0.002499
0.002520
0.002907
0.002779
0.003041
0.002448
0.003687
0.003149
0.003396
0.002962
0.002560
0.002154
0.002504
0.002612
0.002332
0.002580
0.002654
0.002862
0.002527
0.002630
0.003169
0.002161
0.003595
0.002543
0.002678
0.002234
0.002106
0.003201
0.003131
0.002848
0.003028
0.002994
0.002327
0.003094
0.002983
0.002214
0.002670
0.002258
0.003500
0.002945
0.002495
0.003033
0.002557
0.002269
0.002639
0.002105
0.002827
0.002697
0.002278
0.002242
0.002166
0.002203
0.002410
0.002049
0.002700
0.002888
0.002595
0.002252
0.002808
0.003027
0.002502
0.003065
0.002589
0.002826
0.002467
0.003538
0.002420
0.003077
0.003034
0.002524
0.002698
0.002305
0.002275
0.002933
0.002945
0.002319
0.002399
0.002900
0.002618
0.002881
0.002684
0.002816
0.002409
0.002456
0.002740
0.002421
0.002296
0.002852
0.002575
0.002541
0.002519
0.002479
0.003093
0.002076
0.002866
0.002378
0.002393
0.002646
0.002167
0.002240
0.002251
0.002262
0.002658
0.003077
0.002442
0.002435
0.002022
0.002437
0.002578
0.002478
0.002438
0.003592
0.003070
0.002322
0.002855
0.002960
0.002590
0.003400
0.002789
0.001614
0.002822
0.002532
0.002667
0.003012
0.002797
0.002359
0.002335
0.002262
0.003167
0.002482
0.002183
0.002531
0.002261
0.002432
0.002944
0.002431
0.003113
0.002895
0.002320
0.002208
0.003102
0.003421
0.002685
0.002540
0.002966
0.003000
0.002451
0.002587
0.002478
0.002339
0.002594
0.002749
0.002569
0.002511
0.003016
0.003610
0.002341
0.002797
0.002428
0.002231
0.002570
0.002792
0.003114
0.002902
0.003131
0.002725
0.002218
0.002712
0.002848
0.002638
0.003919
0.002090
0.003038
0.002131
0.003123
0.002590
0.002547
0.003164
0.003314
0.002296
0.002427
0.003719
0.002464
0.002357
0.002653
0.003019
0.002646
0.002452
0.002493
0.003048
0.002856
0.002921
0.002963
0.002763
0.002890
0.003280
0.002408
0.002607
0.001831
0.002610
0.002966
0.002171
0.002269
0.002676
0.002573
0.002564
0.002698
0.002919
0.003636
0.002587
0.003072
0.002499
0.003225
0.002440
0.002472
0.002732
0.002560
0.003088
0.002977
0.002924
0.002976
0.003052
0.002509
0.002464
0.002911
0.002367
0.003058
0.002435
0.002813
0.002612
0.002371
0.002686
0.002468
0.002361
0.002272
0.002611
0.001909
0.002428
0.002582
0.002173
0.002313
0.003076
0.002265
0.002973
0.001809
0.002808
0.002430
0.002248
0.002180
0.002146
0.002606
0.002252
0.002733
0.002342
0.002883
0.002467
0.002758
0.002406
0.002701
0.003077
0.002339
0.002146
0.002655
0.002168
0.002489
0.003106
0.003116
0.002573
0.002223
0.002813
0.002539
0.002187
0.002448
0.002243
0.002434
0.002664
0.002464
0.002827
0.002554
0.002537
0.002432
0.002132
0.002719
0.002930
0.002960
0.002716
0.002599
0.002587
0.003123
0.002592
0.003646
0.002484
0.003024
0.002533
0.002703
0.003112
0.002691
0.002612
0.002574
0.002587
0.002305
0.002589
0.002425
