0.003070
0.002150
0.001675
0.001591
0.002625
0.000353
0.000345
0.001322
0.000269
0.001129
0.002032
0.001166
0.001984
0.001955
0.001907
0.001283
0.001957
0.001513
0.001662
0.001838
0.000268
0.002010
0.001376
0.001016
0.002124
0.001574
0.001881
0.001745
0.001105
0.001379
0.002971
0.001471
0.001848
0.001672
0.001021
0.000797
0.001915
0.001995
0.002543
0.001443
0.001815
0.001664
0.001411
0.002163
0.003387
0.001533
0.001772
0.000213
0.001729
0.001756
0.002022
0.001477
0.001640
0.002111
0.002826
0.002176
0.000936
0.001292
0.000692
0.002085
0.001207
0.000214
0.001871
0.001507
0.000639
0.000217
0.001558
0.001271
0.002485
0.001193
0.000819
0.001360
0.001962
0.002152
0.000305
0.003453
0.002592
0.001661
0.001902
0.002136
0.000780
0.001557
0.001641
0.001142
0.001718
0.001734
0.001096
0.000799
0.000947
0.001601
0.001872
0.001888
0.002180
0.002085
0.001995
0.000210
0.002612
0.001582
0.001419
0.001550
0.001503
0.001807
0.000759
0.001742
0.000974
0.003752
0.000988
0.000938
0.003101
0.002515
0.001807
0.001398
0.001791
0.001205
0.001996
0.000507
0.001485
0.001597
0.001602
0.001796
0.001702
0.001590
0.001152
0.001806
0.002043
0.000578
0.001619
0.002905
0.002101
0.001872
0.002167
0.001843
0.001546
0.001553
0.002198
0.001309
0.001802
0.000604
0.001380
0.002177
0.003236
0.001705
0.001248
0.002514
0.002025
0.001610
0.002469
0.001917
0.001467
0.001905
0.001782
0.000879
0.001370
0.001492
0.002190
0.002303
0.003063
0.002746
0.002647
0.001791
0.000516
0.001284
0.002182
0.001686
0.001557
0.001376
0.001533
0.001988
0.000974
0.001722
0.001625
0.001605
0.001333
0.001560
0.001252
0.001755
0.001813
0.002272
0.000351
0.001037
0.001553
0.001069
0.001129
0.001236
0.001561
0.000308
0.001004
0.002224
0.002296
0.000940
0.002108
0.001702
0.001595
0.000967
0.003599
0.001649
0.001991
0.001180
0.001596
0.002428
0.001978
0.001984
0.001942
0.001703
0.001861
0.000833
0.000944
0.001198
0.001469
0.001702
0.002220
0.002016
0.001735
0.000581
0.001506
0.001401
0.001047
0.000465
0.001005
0.001039
0.000383
0.000849
0.000856
0.002037
0.001439
0.001016
0.001387
0.001748
0.001072
0.001281
0.001628
0.001206
0.001572
0.003190
0.001879
0.001469
0.002461
0.001061
0.001559
0.001768
0.001311
0.001351
0.002725
0.000420
0.001674
0.001909
0.001262
0.001801
0.000292
0.002040
0.001265
0.001804
0.001432
0.001799
0.001476
0.002193
0.001593
0.000992
0.001319
0.002882
0.002317
0.001689
0.001099
0.002051
0.001105
0.002668
0.000350
0.001140
0.001255
0.001828
0.001237
0.001120
0.001540
0.001132
0.001229
0.001315
0.001923
0.001551
0.001491
0.002110
0.001479
0.001927
0.001271
0.001045
0.001976
0.001139
0.002270
0.001386
0.001708
0.001544
0.000533
0.001412
0.001641
0.002630
0.001379
0.000937
0.001690
0.001434
0.001650
0.001019
0.001456
0.001458
0.000547
0.001880
0.000961
0.000893
0.001299
0.002586
0.001820
0.000690
0.001977
0.001495
0.001234
0.001960
0.001828
0.002760
0.001840
0.001642
0.000776
0.001789
0.001421
0.002728
0.001363
0.001260
0.001631
0.001360
0.001982
0.001370
0.002418
0.002377
0.001265
0.003191
0.000979
0.001762
0.000705
0.000819
0.002460
0.001459
0.001585
0.002298
0.003318
0.002178
0.001999
0.001165
0.001630
0.002117
0.001751
0.000868
0.001193
0.001337
0.001146
0.001997
0.001744
0.001206
0.001411
0.001307
0.002098
0.001642
0.002033
0.001877
0.001682
0.001300
0.000689
0.002516
0.001069
0.002865
0.000996
0.001205
0.000975
0.000639
0.001848
0.001489
0.001574
0.001855
0.001354
0.001913
0.000979
0.001759
0.001946
0.001110
0.001677
0.001836
0.001690
0.001396
0.000220
0.001951
0.002075
0.001744
0.001716
0.001485
0.000941
0.001248
0.001273
0.000753
0.000936
0.001764
0.002200
0.000305
0.001828
0.001541
0.002215
0.002702
0.001289
0.001372
0.001994
0.000296
0.001041
0.000261
0.000950
0.001438
0.000679
0.001271
0.002032
0.000260
0.001322
0.000935
0.001621
0.002519
0.000204
0.001213
0.001183
0.000344
0.001891
0.002112
0.001913
0.002187
0.002082
0.000943
0.001217
0.000966
0.001748
0.001908
0.001727
0.000878
0.000926
0.000988
0.000998
0.001840
0.001269
0.000345
0.001784
0.001840
0.001071
0.001978
0.001152
0.001849
0.001661
0.001966
0.000250
0.001272
0.001888
0.001988
0.001353
0.002477
0.001876
0.002452
0.002143
0.001826
0.001799
0.000787
0.001560
0.002710
0.001660
0.002159
0.001757
0.001037
0.001605
0.001170
0.001598
0.001723
0.002161
0.001108
0.001201
0.001389
0.002525
0.001785
0.001172
0.002008
0.001676
0.001575
0.002203
0.002505
0.000828
0.002045
0.003568
0.001724
0.001550
0.002019
0.000204
0.000997
0.000528
0.001381
0.000909
0.001414
0.001738
0.002374
0.001152
0.000435
0.001814
0.001541
0.001512
0.000261
0.001317
0.001834
0.000902
0.002900
0.001273
0.002080
0.001683
0.000893
0.001480
0.002033
0.001699
0.002405
0.001687
0.001634
0.001958
0.000851
0.001118
0.002241
0.001363
0.001133
0.001588
0.001337
0.001692
0.001517
0.002067
0.002372
0.000305
0.000851
0.000213
0.001913
0.002006
0.002079
0.001963
0.001211
0.001547
0.001539
0.000908
0.001463
0.001899
0.002138
0.001510
0.001872
0.001591
0.001603
0.002685
0.002223
0.000210
0.001386
0.000986
0.001393
0.000849
0.001259
0.001909
0.001513
0.001672
0.001864
0.001724
0.001310
0.001527
0.001873
0.002183
0.003220
0.001097
0.001853
0.001022
0.002016
0.001292
0.002374
0.000603
0.002423
0.001148
0.000871
0.001472
0.001939
0.000966
0.001915
0.001900
0.001490
0.001934
0.001825
0.001008
0.001760
0.001938
0.001741
0.002162
0.001349
0.001935
0.001970
0.001975
0.001458
0.001796
0.001421
0.001427
0.001108
0.001295
0.001024
0.002014
0.001196
0.000961
0.004274
0.001815
0.001926
0.001832
0.001811
0.001083
0.003053
0.002022
0.001927
0.000956
0.001380
0.000379
0.001199
0.002092
0.002116
0.001898
0.001820
0.001438
0.001565
0.000632
0.002005
0.003280
0.002152
0.000411
0.001057
0.002129
0.001783
0.001681
0.001917
0.000723
0.000911
0.001637
0.001361
0.001876
0.002126
0.000967
0.001012
0.001181
0.001002
0.001287
0.000594
0.001135
0.000913
0.001597
0.000848
0.001715
0.001182
0.001882
0.001749
0.000803
0.001169
0.001315
0.001725
0.001502
0.001064
0.000768
0.001091
0.000994
0.000372
0.001749
0.000914
0.001124
0.001310
0.001740
0.001502
0.001832
0.001284
0.001659
0.001377
0.002238
0.001741
0.001133
0.001070
0.001117
0.001475
0.000834
0.002210
0.001542
0.001888
0.001942
0.001069
0.001315
0.002008
0.002027
0.001404
0.000601
0.000994
0.000534
0.001583
0.002081
0.001971
0.001943
0.001489
0.001407
0.001390
0.001874
0.001056
0.001710
0.001636
0.002322
0.001715
0.000482
0.000560
0.001012
0.001359
0.001909
0.001958
0.002523
0.001462
0.001369
0.000904
0.001957
0.001906
0.001567
0.000207
0.001468
0.001155
0.000873
0.001856
0.002243
0.002474
0.000940
0.001692
0.000268
0.000984
0.002393
0.001866
0.000900
0.001991
0.001900
0.001393
0.001508
0.001043
0.000503
0.001303
0.001644
0.002143
0.001210
0.000525
0.001878
0.001981
0.001440
0.002020
0.001098
0.000913
0.001268
0.001380
0.000996
0.001101
0.002033
0.001437
0.001595
0.001409
0.000317
0.001005
0.002071
0.000330
0.003438
0.000411
0.001815
0.001141
0.001968
0.001081
0.001086
0.001543
0.000947
0.000291
0.001865
0.002447
0.002213
0.001565
0.000236
0.001822
0.000869
0.001577
0.002434
0.001863
0.000319
0.000380
0.002134
0.001250
0.001818
0.001730
0.000307
0.002606
0.001664
0.001492
0.001967
0.001742
0.001019
0.001567
0.001674
0.001045
0.001597
0.002491
0.001869
0.001829
0.001812
0.001762
0.001276
0.001804
0.002073
0.002410
0.001930
0.000919
0.001255
0.001834
0.001223
0.001412
0.002695
0.002917
0.000978
0.001374
0.001072
0.000211
0.001718
0.001751
0.002011
0.001657
0.002338
0.001298
0.001628
0.000867
0.002077
0.001386
0.001655
0.001920
0.001579
0.002092
0.001654
0.001762
0.001660
0.002171
0.001804
0.000378
0.001525
0.001528
0.000849
0.001861
0.001942
0.001697
0.002412
0.001788
0.001167
0.001603
0.003141
0.001290
0.001712
0.001948
0.001557
0.000207
0.001888
0.001659
0.002084
0.001923
0.000642
0.001846
0.001841
0.000966
0.001838
0.001407
0.000970
0.001861
0.001709
0.001234
0.001871
0.002344
0.001243
0.002561
0.002134
0.001874
0.000820
0.001859
0.001013
0.000438
0.002398
0.000421
0.001511
0.001204
0.000871
0.001808
0.000880
0.002280
0.000206
0.001459
0.002277
0.001755
0.001568
0.001179
0.001765
0.001122
0.001796
0.000487
0.001946
0.002201
0.001220
0.001708
0.003147
0.001830
0.001418
0.002007
0.001533
0.000950
0.001378
0.001019
0.001740
0.000408
0.000947
0.001297
0.000973
0.001257
0.002097
0.001990
0.002082
0.001779
0.001262
0.001141
0.000853
0.001902
0.000972
0.001691
0.001259
0.002129
0.002683
0.001720
0.001840
0.001714
0.001049
0.000832
0.001049
0.001329
0.001912
0.001844
0.002025
0.001151
0.002258
0.000349
0.002076
0.000976
0.001275
0.002368
0.001032
0.002591
0.001512
0.001577
0.002055
0.001889
0.001132
0.001727
0.001557
0.001059
0.001781
0.000274
0.001315
0.000616
0.001575
0.001525
0.000770
0.001825
0.001649
0.001313
0.001090
0.001657
0.000628
0.000989
0.002694
0.001932
0.002092
0.001160
0.001044
0.001858
0.001620
0.002312
0.000508
0.001395
0.002098
0.002211
0.000602
0.001930
0.001718
0.000853
0.000594
0.002351
0.000816
0.000454
0.001564
0.000895
0.001483
0.001063
0.002005
0.001997
0.001975
0.001438
0.001130
0.001576
0.001829
0.002338
0.001680
0.002438
