0.002896
0.003537
0.001782
0.001584
0.002497
0.002432
0.002540
0.001965
0.002509
0.003460
0.001957
0.002912
0.002131
0.002547
0.001444
0.003028
0.002476
0.003197
0.003088
0.003043
0.002335
0.002673
0.003110
0.001983
0.003034
0.002618
0.003110
0.002918
0.001846
0.003040
0.002437
0.002524
0.002482
0.001533
0.002363
0.002893
0.002902
0.002702
0.003327
0.003046
0.002454
0.002040
0.002369
0.001840
0.001534
0.001730
0.003039
0.002485
0.002968
0.001663
0.003059
0.002032
0.003075
0.002225
0.001642
0.002911
0.001940
0.002960
0.002629
0.002703
0.002622
0.002462
0.002527
0.002042
0.001563
0.001563
0.002102
0.002439
0.003061
0.002419
0.002418
0.001740
0.001774
0.002959
0.002106
0.003152
0.002460
0.002857
0.002101
0.002554
0.001530
0.002413
0.002162
0.002526
0.001697
0.002728
0.002358
0.002701
0.001890
0.001972
0.002549
0.001948
0.002598
0.001994
0.002775
0.002612
0.002124
0.002103
0.002086
0.001852
0.002613
0.001866
0.002817
0.003133
0.001823
0.002501
0.002346
0.002831
0.002465
0.001968
0.002058
0.003074
0.002481
0.003030
0.001984
0.002509
0.002082
0.002461
0.002104
0.001742
0.003234
0.002577
0.002497
0.002476
0.001691
0.003028
0.003007
0.001595
0.001520
0.001931
0.003879
0.003297
0.001678
0.003043
0.002517
0.002451
0.002462
0.002043
0.002160
0.001476
0.002457
0.002778
0.002313
0.002932
0.002452
0.001926
0.002979
0.003267
0.003039
0.002120
0.003121
0.002187
0.001745
0.001726
0.003182
0.002407
0.002394
0.003192
0.002754
0.002699
0.002507
0.002074
0.003032
0.001903
0.002859
0.003262
0.001592
0.002318
0.002091
0.001917
0.003367
0.002082
0.003093
0.002234
0.002899
0.001667
0.002862
0.002894
0.002492
0.002953
0.002534
0.002726
0.002235
0.001939
0.002566
0.002393
0.002908
0.001695
0.002812
0.001650
0.002893
0.001875
0.001936
0.001882
0.002459
0.002911
0.002222
0.002570
0.001843
0.002471
0.001905
0.002280
0.001925
0.002478
0.003159
0.002013
0.003085
0.001889
0.002607
0.002045
0.002463
0.002581
0.002533
0.002631
0.002996
0.002290
0.002376
0.002213
0.002801
0.002610
0.002181
0.002469
0.002685
0.002170
0.002864
0.002447
0.002463
0.001731
0.001923
0.001954
0.001507
0.002643
0.002419
0.002186
0.002902
0.001659
0.001865
0.003013
0.001912
0.002114
0.002423
0.002953
0.002421
0.001616
0.003195
0.002161
0.001572
0.001624
0.002140
0.002621
0.002050
0.001791
0.002533
0.001282
0.002862
0.002409
0.002417
0.002954
0.002380
0.002462
0.002473
0.003651
0.002645
0.002461
0.001638
0.002944
0.002505
0.001901
0.001976
0.002127
0.002871
0.001676
0.002465
0.003287
0.002396
0.002135
0.002019
0.001639
0.003253
0.002719
0.003144
0.001855
0.003552
0.001782
0.002612
0.002548
0.002544
0.002644
0.002550
0.003231
0.002491
0.003012
0.001985
0.002546
0.002526
0.002905
0.002151
0.003418
0.001874
0.001962
0.001697
0.001696
0.002679
0.002472
0.002388
0.002474
0.003118
0.001806
0.002531
0.002437
0.002620
0.003315
0.002492
0.001741
0.003020
0.002519
0.001967
0.002414
0.002786
0.002806
0.001493
0.002255
0.002781
0.002433
0.002303
0.002439
0.001452
0.002657
0.002175
0.003132
0.002727
0.002307
0.002894
0.002008
0.002563
0.002037
0.002915
0.002451
0.002748
0.001834
0.002300
0.002646
0.002059
0.002532
0.001757
0.002412
0.002483
0.002611
0.002154
0.003106
0.002383
0.002469
0.001972
0.002773
0.002345
0.002800
0.001870
0.003106
0.002180
0.003471
0.001822
0.001855
0.002857
0.003124
0.002331
0.002379
0.002903
0.003157
0.003728
0.002764
0.001748
0.001740
0.002034
0.001880
0.002845
0.002133
0.001862
0.001964
0.002466
0.001515
0.003102
0.001999
0.002550
0.002329
0.002152
0.002870
0.001816
0.002584
0.001702
0.001777
0.001899
0.001904
0.002476
0.002432
0.003097
0.002585
0.003057
0.003111
0.002713
0.002540
0.001963
0.001885
0.002189
0.001477
0.002034
0.001858
0.001967
0.002895
0.002500
0.002472
0.002485
0.002490
0.003067
0.001556
0.002429
0.002376
0.002022
0.001612
0.002728
0.002504
0.001976
0.001856
0.001903
0.002483
0.002323
0.002439
0.001657
0.002469
0.001608
0.002294
0.002321
0.001755
0.002473
0.003579
0.002540
0.001988
0.002269
0.002051
0.001853
0.002273
0.001694
0.002651
0.001938
0.002829
0.002510
0.002417
0.001931
0.002357
0.001985
0.002610
0.001806
0.003205
0.002641
0.001699
0.003143
0.003187
0.002189
0.002439
0.003839
0.002175
0.002769
0.002575
0.002551
0.002720
0.002248
0.003040
0.001741
0.003145
0.002552
0.002243
0.003205
0.002424
0.002853
0.002494
0.003168
0.003092
0.001758
0.001582
0.002543
0.002900
0.002833
0.002958
0.001795
0.002539
0.002089
0.002047
0.001695
0.002639
0.002850
0.001477
0.002381
0.002968
0.001445
0.002217
0.001881
0.002419
0.002547
0.001727
0.002932
0.001825
0.002455
0.002113
0.001992
0.002832
0.002233
0.002461
0.002590
0.002345
0.002789
0.002544
0.002081
0.001719
0.002895
0.002500
0.001939
0.002569
0.001657
0.002983
0.001820
0.002022
0.002134
0.001966
0.002608
0.003448
0.003204
0.001708
0.002866
0.002338
0.001483
0.001873
0.001926
0.002651
0.002518
0.001510
0.002397
0.002821
0.002669
0.001698
0.001705
0.001894
0.002322
0.003067
0.002387
0.002221
0.002596
0.003195
0.002564
0.002621
0.001647
0.002419
0.002382
0.001820
0.002569
0.002868
0.002200
0.002604
0.001596
0.002460
0.002535
0.002509
0.002422
0.001563
0.001854
0.002600
0.001795
0.002582
0.003042
0.003114
0.002193
0.002211
0.002522
0.001840
0.002880
0.003137
0.002334
0.001963
0.001450
0.001972
0.001451
0.001993
0.002174
0.002508
0.002004
0.001525
0.003119
0.001821
0.001870
0.002155
0.001868
0.001784
0.002248
0.001494
0.002680
0.002317
0.002826
0.002583
0.001814
0.002421
0.001656
0.002394
0.002566
0.002644
0.003158
0.002682
0.001676
0.002272
0.002159
0.002506
0.001665
0.003031
0.002554
0.002918
0.002047
0.002914
0.003079
0.002040
0.001511
0.001948
0.002098
0.002694
0.002524
0.002806
0.001974
0.003053
0.001908
0.002981
0.002598
0.002684
0.001479
0.002185
0.002482
0.002539
0.002515
0.002651
0.002044
0.002284
0.002008
0.002335
0.003232
0.002181
0.003371
0.002540
0.002474
0.002506
0.002478
0.001876
0.002901
0.001814
0.002561
0.002970
0.002393
0.002927
0.003029
0.001662
0.003035
0.002002
0.001933
0.002542
0.002471
0.003180
0.001487
0.001717
0.002553
0.001746
0.001796
0.002613
0.003041
0.002002
0.003058
0.002553
0.001778
0.002420
0.002943
0.001900
0.001472
0.002799
0.002861
0.001752
0.002591
0.002859
0.003350
0.001729
0.001593
0.003082
0.002597
0.003052
0.002909
0.001918
0.001540
0.002731
0.002241
0.001954
0.002444
0.002371
0.002629
0.001829
0.002627
0.002964
0.002112
0.001984
0.002421
0.002401
0.001802
0.002718
0.001888
0.001808
0.002883
0.002478
0.002264
0.001997
0.002738
0.002920
0.001758
0.001543
0.001808
0.003091
0.002664
0.003008
0.002101
0.002268
0.002173
0.001965
0.002565
0.003586
0.002504
0.002570
0.002941
0.002385
0.002624
0.002944
0.001826
0.002398
0.001929
0.002545
0.003081
0.003011
0.002357
0.002562
0.002425
0.001997
0.001698
0.002551
0.002933
0.002104
0.002273
0.002957
0.001561
0.002434
0.002057
0.001836
0.002665
0.003895
0.002317
0.003327
0.002849
0.002581
0.002947
0.001707
0.003033
0.002383
0.002762
0.002987
0.003250
0.002987
0.002447
0.002057
0.002660
0.002338
0.002921
0.002584
0.002379
0.002884
0.003080
0.001803
0.002622
0.001732
0.002996
0.002637
0.001751
0.002365
0.001880
0.001792
0.002102
0.001904
0.002418
0.001994
0.002403
0.002750
0.002962
0.001503
0.003148
0.002640
0.003158
0.001783
0.001735
0.001455
0.002892
0.001972
0.002512
0.002464
0.003027
0.003038
0.001760
0.003000
0.001749
0.001891
0.002178
0.002436
0.002646
0.002019
0.002272
0.002621
0.002535
0.002568
0.001660
0.001965
0.002097
0.002484
0.003519
0.001992
0.002662
0.001875
0.002670
0.001758
0.001660
0.003120
0.002031
0.001913
0.002089
0.001975
0.002564
0.001773
0.002277
0.002563
0.002156
0.002356
0.002451
0.002993
0.002942
0.002516
0.001792
0.002519
0.002351
0.002773
0.002230
0.002971
0.002513
0.002993
0.003097
0.002011
0.002240
0.002277
0.002247
0.003114
0.001711
0.003061
0.002461
0.002098
0.002970
0.003094
0.002058
0.002616
0.003029
0.001968
0.002469
0.002390
0.002784
0.002610
0.001615
0.001734
0.002783
0.002582
0.002454
0.003673
0.002546
0.002502
0.001574
0.001980
0.002010
0.001636
0.002703
0.003161
0.002542
0.002183
0.002338
0.003003
0.001879
0.002618
0.002000
0.001905
0.002759
0.002773
0.002766
0.003028
0.001982
0.002826
0.002707
0.002945
0.001539
0.002456
0.002413
0.002639
0.001714
0.003033
0.002589
0.002751
0.002596
0.002997
0.001811
0.002162
0.002037
0.002695
0.002187
0.003043
0.002007
0.001885
0.002165
0.002609
0.002176
0.002424
0.002423
0.002578
0.001451
0.002500
0.002430
0.003150
0.002173
0.002545
0.002635
0.002353
0.002925
0.002446
0.002602
0.003465
0.002294
0.001810
0.002253
0.001719
0.002464
0.001810
0.001965
0.002836
0.002748
0.002819
0.001804
0.002572
0.002623
0.002810
0.002578
0.002369
0.002402
0.002238
0.003016
0.001703
0.001723
0.001729
0.002170
0.002726
0.002027
0.002496
0.003130
0.002618
0.002752
0.002932
0.002272
0.002554
0.002096
0.001553
0.002982
0.002292
0.002430
0.003133
0.001667
0.002709
0.001538
0.002399
0.003111
0.002406
0.002392
0.003497
0.002508
0.002655
0.003137
0.001606
0.001629
0.002366
0.002951
0.001729
0.002471
0.002314
0.002981
0.001668
0.002402
0.001692
0.002324
0.002737
0.001693
0.002528
0.002528
0.002874
