0.000715
0.000729
0.000733
0.000739
0.001639
0.002796
0.001838
0.000732
0.000774
0.000706
0.003416
0.006563
0.000719
0.000713
0.005109
0.000732
0.000709
0.001427
0.001095
0.001084
0.001507
0.001455
0.000979
0.000792
0.001781
0.000829
0.000720
0.000930
0.000729
0.000775
0.000911
0.000661
0.001000
0.001853
0.000677
0.001070
0.000997
0.001062
0.000697
0.004013
0.000704
0.000701
0.000723
0.003130
0.000730
0.000655
0.005898
0.000667
0.002043
0.000653
0.002075
0.000771
0.000679
0.001965
0.002273
0.001200
0.000710
0.001047
0.001158
0.000681
0.003222
0.000988
0.000723
0.000698
0.004387
0.000783
0.001902
0.002769
0.000692
0.000751
0.003439
0.000891
0.000781
0.002347
0.002036
0.001220
0.000817
0.001013
0.000698
0.002497
0.000712
0.000800
0.003051
0.000651
0.001935
0.000726
0.000675
0.001082
0.000675
0.002823
0.003577
0.000723
0.003343
0.000737
0.002001
0.000744
0.002718
0.000729
0.002371
0.002165
0.001456
0.000739
0.000692
0.002085
0.000799
0.003145
0.002783
0.000711
0.000666
0.000730
0.000715
0.001662
0.000649
0.002030
0.001981
0.001300
0.000676
0.000886
0.000714
0.000706
0.000687
0.000687
0.003191
0.000732
0.001276
0.005441
0.000694
0.001535
0.000682
0.000750
0.000924
0.000697
0.002666
0.000759
0.000682
0.000961
0.000716
0.000801
0.000685
0.001108
0.000763
0.001479
0.003441
0.000652
0.001390
0.000684
0.001978
0.002609
0.000729
0.004011
0.003474
0.000665
0.000716
0.006164
0.000669
0.001333
0.000746
0.000744
0.002619
0.000660
0.000689
0.003094
0.000738
0.003199
0.001019
0.001202
0.000738
0.002940
0.001171
0.000705
0.003314
0.000710
0.001721
0.003442
0.000703
0.000757
0.003296
0.000671
0.000707
0.003430
0.000738
0.001854
0.000744
0.000701
0.000965
0.002931
0.000740
0.002077
0.000693
0.000730
0.000722
0.003166
0.000807
0.000710
0.005254
0.000717
0.003748
0.000931
0.001047
0.003609
0.000722
0.000680
0.002853
0.003623
0.000656
0.003250
0.000682
0.000739
0.001489
0.000675
0.000658
0.003046
0.004526
0.002213
0.000767
0.000671
0.000715
0.003107
0.000662
0.000719
0.000703
0.002305
0.000711
0.000763
0.001297
0.000701
0.002410
0.002053
0.000675
0.000715
0.000740
0.000719
0.000900
0.000725
0.001220
0.001146
0.000863
0.000689
0.000705
0.001268
0.000692
0.000714
0.001217
0.000751
0.004188
0.001287
0.000681
0.000699
0.003425
0.000674
0.000733
0.003931
0.000801
0.000704
0.001527
0.000713
0.000726
0.003978
0.000718
0.002983
0.000758
0.000694
0.000694
0.002107
0.000762
0.003460
0.001030
0.000681
0.002269
0.000728
0.000709
0.004306
0.000828
0.001121
0.000756
0.000718
0.000700
0.000710
0.000696
0.001765
0.000995
0.001024
0.000739
0.001685
0.000784
0.000983
0.001162
0.001240
0.000716
0.000700
0.001304
0.000737
0.000681
0.001654
0.000727
0.000662
0.004214
0.001561
0.002936
0.000729
0.000730
0.003715
0.002005
0.001087
0.001437
0.000724
0.000807
0.000843
0.002622
0.001321
0.000743
0.000767
0.002916
0.001465
0.000695
0.000781
0.001231
0.000778
0.000729
0.001575
0.000775
0.000772
0.004904
0.002261
0.000842
0.000716
0.000727
0.001507
0.000768
0.001385
0.002236
0.000809
0.003115
0.000789
0.001061
0.000712
0.000772
0.001363
0.001066
0.000693
0.003708
0.001618
0.002807
0.000703
0.000726
0.001234
0.000703
0.002903
0.001484
0.000695
0.000750
0.002021
0.000667
0.000751
0.007448
0.000816
0.002791
0.001127
0.000719
0.000676
0.002888
0.000712
0.002370
0.000958
0.000770
0.000676
0.000677
0.000685
0.000685
0.001790
0.001232
0.000694
0.000697
0.002970
0.000674
0.000810
0.002686
0.000676
0.002248
0.000669
0.002183
0.000655
0.001002
0.001433
0.000878
0.000816
0.002520
0.003463
0.000664
0.002176
0.003225
0.001241
0.000675
0.000704
0.002519
0.001950
0.002063
0.001040
0.001755
0.000976
0.000703
0.000701
0.001102
0.001141
0.000655
0.001031
0.002387
0.001189
0.002677
0.000673
0.000692
0.002239
0.000761
0.000739
0.001451
0.000755
0.000774
0.000736
0.000640
0.002846
0.000862
0.000775
0.001274
0.000700
0.000709
0.003491
0.001721
0.000671
0.000705
0.000934
0.000754
0.002626
0.002692
0.000729
0.000788
0.000675
0.000698
0.001800
0.000676
0.000766
0.000772
0.000783
0.000771
0.000740
0.000713
0.000773
0.001825
0.001813
0.000702
0.002035
0.000831
0.000717
0.000729
0.003206
0.000706
0.002573
0.002148
0.000763
0.000732
0.000764
0.000777
0.002236
0.001605
0.003127
0.000649
0.000782
0.000824
0.000752
0.000770
0.000682
0.000676
0.003004
0.001703
0.000747
0.001187
0.000793
0.000773
0.001478
0.000708
0.000767
0.000753
0.000909
0.000780
0.000705
0.000714
0.005430
0.003559
0.000674
0.000664
0.000699
0.002460
0.000749
0.000728
0.000636
0.000759
0.000726
0.002111
0.000809
0.001988
0.000685
0.002701
0.000685
0.000875
0.000747
0.002175
0.001551
0.000819
0.001084
0.000747
0.000709
0.004998
0.000657
0.001166
0.001608
0.000689
0.001791
0.002336
0.000770
0.001649
0.001281
0.001906
0.000724
0.000752
0.001289
0.000759
0.000721
0.000922
0.000694
0.000706
0.002852
0.000676
0.001744
0.004091
0.002097
0.000781
0.000762
0.003573
0.001497
0.000733
0.000739
0.001482
0.000700
0.002901
0.000728
0.000744
0.000740
0.002320
0.000696
0.003218
0.001409
0.000709
0.000673
0.005249
0.000740
0.001095
0.000707
0.002063
0.000665
0.000722
0.003903
0.000728
0.000822
0.006204
0.000787
0.000780
0.004994
0.000818
0.000812
0.003574
0.000759
0.000684
0.002145
0.000924
0.001189
0.003201
0.000699
0.000766
0.000683
0.000696
0.003270
0.000803
0.000737
0.000790
0.002538
0.000749
0.000733
0.002344
0.000879
0.000673
0.005495
0.000820
0.000772
0.000704
0.001326
0.000663
0.000841
0.001038
0.000726
0.000736
0.000821
0.004155
0.000732
0.000689
0.000679
0.001144
0.000795
0.000761
0.001227
0.000816
0.000765
0.002268
0.000700
0.001592
0.000707
0.003558
0.001949
0.000752
0.000769
0.001406
0.002751
0.000734
0.000774
0.000767
0.001036
0.000793
0.000839
0.000798
0.000727
0.001383
0.000789
0.000846
0.001307
0.000786
0.000757
0.000741
0.002960
0.000747
0.002950
0.001319
0.000741
0.000684
0.003816
0.000811
0.001066
0.000788
0.000801
0.001105
0.005381
0.000675
0.002717
0.000745
0.000732
0.001578
0.000759
0.002614
0.001416
0.000710
0.002150
0.000741
0.000730
0.000746
0.000789
0.000755
0.000819
0.000778
0.001109
0.001474
0.003114
0.000774
0.000700
0.004931
0.000641
0.004197
0.004633
0.000747
0.000741
0.000828
0.000660
0.000826
0.000721
0.003166
0.000744
0.000715
0.003120
0.000680
0.000753
0.001543
0.001275
0.000774
0.000722
0.000729
0.002554
0.002824
0.000718
0.000713
0.001957
0.002918
0.000668
0.000752
0.000708
0.001784
0.000684
0.001106
0.000916
0.001797
0.000761
0.000754
0.000768
0.000747
0.000766
0.000696
0.001560
0.002058
0.000778
0.003264
0.000680
0.003321
0.001298
0.000747
0.000801
0.000747
0.000735
0.000826
0.000728
0.003483
0.003923
0.000754
0.000793
0.001657
0.000739
0.001380
0.000769
0.003789
0.000764
0.000726
0.000688
0.001146
0.001628
0.000809
0.000823
0.002552
0.000680
0.000783
0.001857
0.001969
0.001987
0.006186
0.000741
0.003475
0.003294
0.000759
0.000750
0.001853
0.000648
0.000788
0.001303
0.001564
0.002648
0.001784
0.002168
0.001249
0.000752
0.000663
0.002586
0.000732
0.000920
0.000740
0.000717
0.000788
0.000764
0.001173
0.000636
0.002228
0.003771
0.000738
0.002717
0.000834
0.000848
0.004112
0.003753
0.000793
0.000767
0.003630
0.000745
0.000740
0.002310
0.000720
0.000766
0.000780
0.000698
0.000823
0.000717
0.000750
0.000718
0.003273
0.000790
0.000779
0.001175
0.000781
0.001136
0.000807
0.000739
0.003876
0.000919
0.000758
0.000726
0.000739
0.001774
0.000817
0.000751
0.000767
0.000773
0.004597
0.000722
0.001859
0.000696
0.000755
0.002482
0.000722
0.001957
0.000782
0.000775
0.000758
0.000729
0.000740
0.000760
0.004291
0.000723
0.000773
0.001843
0.000825
0.000762
0.000780
0.004934
0.002361
0.001285
0.000745
0.000739
0.000747
0.001638
0.000746
0.000787
0.001888
0.001540
0.001333
0.000744
0.001543
0.000803
0.001052
0.001350
0.000742
0.000860
0.000727
0.000767
0.000780
0.000758
0.001711
0.000774
0.000742
0.000719
0.000803
0.002917
0.000772
0.000725
0.002183
0.000761
0.000767
0.001793
0.000781
0.000773
0.000827
0.000814
0.000721
0.000979
0.000743
0.000743
0.000726
0.003268
0.000754
0.001202
0.000776
0.000787
0.001058
0.000705
0.000785
0.001543
0.000731
0.000970
0.000723
0.000729
0.001785
0.000705
0.000712
0.001399
0.000768
0.000707
0.000851
0.000750
0.000739
0.002216
0.000766
0.000718
0.002462
0.000736
0.000720
0.002268
0.005694
0.000783
0.001179
0.000859
0.000780
0.000721
0.000729
0.000691
0.000766
0.000738
0.003394
0.000731
0.001328
0.000745
0.000766
0.000764
0.000713
0.001096
0.000837
0.000743
0.000749
0.001823
0.000783
0.000744
0.006205
0.000720
0.000696
0.000752
0.001067
0.000738
0.002399
0.000986
0.000778
0.000702
0.001952
0.000708
0.000737
0.002362
0.000790
0.000704
0.001471
0.000684
0.002322
0.000667
0.001588
0.000708
0.003791
0.003975
0.000667
0.000834
0.001580
0.000695
0.000725
0.001381
0.000688
0.000957
0.001222
0.000652
0.002218
0.003254
0.001373
0.000745
0.001078
0.000708
0.003240
0.000809
0.000711
0.001815
0.002446
0.002265
0.000655
0.004419
0.004428
0.000654
0.001712
0.000709
0.000708
0.000697
0.002643
0.000663
0.000756
0.003414
0.000734
0.000828
0.001009
0.002887
0.000870
0.003996
0.001094
0.000791
0.000755
0.000831
0.001407
0.000708
