0.002281
0.002915
0.002572
0.002956
0.003190
0.003022
0.002500
0.002566
0.002939
0.002479
0.002249
0.002595
0.002722
0.003192
0.002141
0.002715
0.003107
0.002543
0.003183
0.002273
0.003005
0.002859
0.003076
0.002777
0.003707
0.002866
0.002358
0.002886
0.002064
0.002749
0.003111
0.002987
0.002850
0.002416
0.003202
0.002912
0.002106
0.003914
0.002573
0.003349
0.002242
0.002746
0.003432
0.002662
0.002550
0.002299
0.002801
0.002534
0.002673
0.002897
0.003191
0.002179
0.002990
0.002637
0.003067
0.003017
0.002355
0.002596
0.002309
0.003144
0.002184
0.002772
0.002487
0.002521
0.002165
0.002267
0.002153
0.003287
0.002183
0.003001
0.002194
0.002273
0.002678
0.002544
0.002414
0.002632
0.002954
0.002569
0.002457
0.002973
0.002321
0.003312
0.002825
0.003399
0.002117
0.003062
0.003305
0.002622
0.002125
0.002119
0.002952
0.002251
0.002639
0.002721
0.003014
0.003089
0.002687
0.002438
0.002372
0.002406
0.002913
0.002547
0.002701
0.002800
0.002056
0.003059
0.002876
0.002943
0.003407
0.002984
0.002994
0.002871
0.003099
0.002534
0.002231
0.003138
0.002525
0.003066
0.002628
0.002951
0.003648
0.002827
0.003087
0.003025
0.002510
0.002057
0.002721
0.002710
0.002227
0.002988
0.003068
0.002480
0.002847
0.003709
0.003214
0.002103
0.002479
0.002718
0.002242
0.002106
0.003107
0.002747
0.003033
0.002628
0.003156
0.002581
0.002416
0.002764
0.002148
0.002482
0.002784
0.002515
0.002308
0.002220
0.003828
0.002069
0.003036
0.003117
0.002535
0.003071
0.002422
0.002305
0.002460
0.002155
0.002971
0.002153
0.002697
0.002825
0.002895
0.002334
0.002183
0.002110
0.002544
0.003019
0.002568
0.003025
0.003305
0.002497
0.003072
0.002633
0.002902
0.002918
0.002637
0.002838
0.003229
0.003044
0.002100
0.002740
0.002335
0.003247
0.002436
0.002866
0.002591
0.002983
0.003197
0.002300
0.002068
0.002981
0.002593
0.002288
0.002775
0.002645
0.002203
0.002991
0.002879
0.002723
0.002457
0.002750
0.002664
0.002215
0.003151
0.002997
0.003456
0.001937
0.002159
0.001735
0.002476
0.002367
0.002381
0.002081
0.003044
0.002907
0.002698
0.002412
0.002531
0.001883
0.003063
0.002842
0.002896
0.002698
0.002737
0.003014
0.002495
0.002195
0.002399
0.002688
0.002226
0.002659
0.002554
0.002496
0.003227
0.002555
0.003130
0.003171
0.002329
0.002580
0.002618
0.002637
0.002190
0.002850
0.002340
0.002112
0.003272
0.002094
0.002505
0.003464
0.003029
0.003092
0.003443
0.002875
0.003056
0.003256
0.002470
0.002836
0.002910
0.002331
0.002898
0.003174
0.002421
0.002425
0.002791
0.003442
0.002309
0.002675
0.002644
0.002201
0.002633
0.002520
0.002633
0.002449
0.003042
0.002319
0.002273
0.002615
0.003097
0.003075
0.002957
0.001923
0.003374
0.002551
0.003451
0.002489
0.003106
0.002931
0.002645
0.002625
0.002301
0.002447
0.002397
0.002556
0.002734
0.002527
0.002948
0.002636
0.003871
0.002405
0.002851
0.002420
0.003447
0.003135
0.002966
0.002790
0.003407
0.002735
0.002412
0.003412
0.002024
0.003045
0.002302
0.002368
0.002276
0.002495
0.002400
0.002643
0.002056
0.003049
0.002063
0.003011
0.002394
0.002631
0.002364
0.002962
0.002482
0.002518
0.003178
0.002327
0.002670
0.002645
0.003242
0.002180
0.002245
0.003008
0.002602
0.003013
0.003334
0.003058
0.002932
0.002797
0.003051
0.002960
0.003200
0.002334
0.002548
0.002528
0.002244
0.003103
0.002387
0.002613
0.003031
0.003745
0.002064
0.001894
0.002416
0.002469
0.002581
0.003091
0.002603
0.002840
0.003927
0.002948
0.002597
0.002251
0.002697
0.002447
0.002210
0.002394
0.002420
0.002360
0.003243
0.002978
0.002821
0.002581
0.002637
0.002868
0.002478
0.002335
0.002201
0.002672
0.002199
0.002966
0.002918
0.002299
0.002477
0.003051
0.002555
0.002595
0.002866
0.002373
0.002333
0.002839
0.002476
0.002319
0.002681
0.002979
0.002946
0.002137
0.002394
0.003007
0.002898
0.003273
0.002254
0.003087
0.002486
0.002698
0.003015
0.003295
0.002600
0.002775
0.002019
0.003020
0.002307
0.002519
0.002403
0.002450
0.003063
0.003882
0.002398
0.002937
0.002414
0.002381
0.003057
0.002556
0.003024
0.003463
0.003022
0.002354
0.002307
0.003047
0.002606
0.002308
0.002309
0.003107
0.002474
0.002915
0.003093
0.003177
0.002379
0.002461
0.002669
0.002958
0.002504
0.002760
0.003154
0.002610
0.002675
0.002080
0.002424
0.002477
0.002099
0.001540
0.002734
0.002861
0.003030
0.002550
0.002645
0.002214
0.002461
0.002308
0.003133
0.002112
0.002587
0.002457
0.002482
0.002409
0.002789
0.003561
0.001841
0.003073
0.002486
0.002396
0.002288
0.002713
0.002212
0.003267
0.002145
0.002739
0.002324
0.002788
0.002174
0.002970
0.002584
0.002644
0.002325
0.002502
0.002288
0.003116
0.003137
0.002625
0.002453
0.002184
0.003046
0.002637
0.002785
0.003104
0.001849
0.003119
0.002416
0.002541
0.002325
0.003311
0.002384
0.002734
0.002219
0.002901
0.002606
0.003222
0.002265
0.002631
0.003212
0.002584
0.001358
0.002637
0.002399
0.002581
0.003209
0.002644
0.002637
0.003078
0.002111
0.002518
0.002803
0.002995
0.002930
0.002887
0.002648
0.002091
0.003223
0.002665
0.003170
0.002732
0.002565
0.002748
0.003268
0.002527
0.003971
0.002798
0.002957
0.003191
0.002421
0.002555
0.002923
0.002395
0.003223
0.002520
0.002641
0.003343
0.002292
0.003237
0.002673
0.002245
0.003246
0.002288
0.002597
0.003129
0.002226
0.003259
0.002686
0.002706
0.002883
0.002353
0.003189
0.002344
0.002632
0.002688
0.002929
0.002414
0.002759
0.002331
0.002459
0.002641
0.002647
0.003061
0.002573
0.002567
0.002063
0.002895
0.002278
0.002529
0.001332
0.002144
0.002380
0.002487
0.002518
0.002619
0.002656
0.002481
0.002331
0.002390
0.002066
0.003237
0.002521
0.002993
0.002559
0.003054
0.002485
0.002211
0.002262
0.002945
0.002492
0.002543
0.003077
0.002613
0.002813
0.002908
0.002765
0.002542
0.002540
0.002792
0.002493
0.002495
0.001612
0.002770
0.002504
0.002667
0.002089
0.002559
0.002651
0.002457
0.002662
0.003135
0.003057
0.001715
0.002341
0.003060
0.002525
0.003028
0.002778
0.002409
0.002739
0.001718
0.003100
0.002784
0.001833
0.003099
0.002301
0.002323
0.002480
0.002657
0.003043
0.002500
0.002238
0.002296
0.002519
0.002953
0.002515
0.002714
0.002381
0.002962
0.003154
0.002557
0.002482
0.002701
0.003177
0.002928
0.002035
0.002973
0.002637
0.002612
0.002129
0.003177
0.002574
0.002954
0.002454
0.002846
0.002469
0.002815
0.003192
0.002599
0.002517
0.002794
0.002617
0.002511
0.002433
0.002097
0.003158
0.002199
0.002563
0.002345
0.002783
0.002752
0.002196
0.002582
0.002532
0.002851
0.003476
0.002235
0.003166
0.002488
0.002681
0.002244
0.002634
0.002866
0.002739
0.003142
0.002075
0.002540
0.002857
0.003709
0.002390
0.002210
0.002510
0.002876
0.002500
0.002903
0.002685
0.002791
0.002369
0.002990
0.002950
0.002638
0.002772
0.002613
0.003408
0.002611
0.003044
0.003049
0.002560
0.003008
0.003680
0.002880
0.002279
0.003428
0.003022
0.003018
0.002781
0.002331
0.002356
0.002616
0.003048
0.002440
0.002052
0.003084
0.002249
0.002354
0.002532
0.002970
0.002797
0.003055
0.002207
0.002174
0.002522
0.002300
0.002870
0.003079
0.003178
0.003066
0.002314
0.002656
0.002535
0.001788
0.002876
0.002474
0.002561
0.002744
0.001951
0.002447
0.003306
0.001537
0.002482
0.002925
0.002431
0.002457
0.002450
0.002342
0.003277
0.002513
0.002549
0.003064
0.002454
0.003035
0.002852
0.002698
0.001859
0.002556
0.003073
0.002415
0.002772
0.002089
0.002431
0.002064
0.002415
0.002867
0.002528
0.002481
0.002564
0.002610
0.002707
0.002447
0.003075
0.003000
0.002952
0.002497
0.002811
0.002259
0.002441
0.002786
0.002497
0.003150
0.003216
0.002416
0.002146
0.003109
0.003062
0.002978
0.002828
0.002458
0.002558
0.002532
0.002523
0.002590
0.002867
0.002368
0.002943
0.002238
0.002412
0.002625
0.002230
0.002867
0.002938
0.002486
0.002121
0.002171
0.002530
0.002540
0.002712
0.002989
0.002454
0.002357
0.002705
0.003039
0.002061
0.003131
0.002514
0.002607
0.002366
0.002691
0.003336
0.002712
0.002933
0.003431
0.002393
0.002488
0.002467
0.002697
0.002802
0.002682
0.001481
0.002524
0.002599
0.003401
0.002373
0.002901
0.003049
0.002656
0.003074
0.003265
0.002614
0.003062
0.002684
0.002513
0.003227
0.002371
0.003277
0.003187
0.003212
0.003005
0.002885
0.002047
0.002590
0.002129
0.002983
0.002499
0.003125
0.002454
0.002719
0.002590
0.002668
0.002603
0.002030
0.002729
0.003785
0.002421
0.003151
0.002731
0.002332
0.002366
0.003290
0.002345
0.002756
0.003178
0.002330
0.003009
0.002528
0.003113
0.003008
0.003098
0.003063
0.002709
0.002841
0.002565
0.002515
0.004124
0.003042
0.002340
0.002868
0.002619
0.002477
0.002868
0.002318
0.003247
0.003102
0.003164
0.002572
0.003252
0.002979
0.002522
0.003612
0.002590
0.003055
0.002942
0.002567
0.002610
0.003180
0.002303
0.002509
0.002770
0.002635
0.002980
0.003562
0.002251
0.002371
0.002529
0.002961
0.002975
0.002521
0.003335
0.002488
0.002571
0.002984
0.002827
0.002998
0.002660
0.002355
0.002638
0.002361
0.002546
0.002328
0.002123
0.002442
0.003364
0.002785
0.003231
0.003077
0.002189
0.002586
0.003312
0.002938
0.002524
0.002144
0.002905
0.002599
0.002629
0.002461
0.003145
0.004039
0.003151
0.002648
0.002358
0.002484
0.002727
0.003225
0.003431
0.003131
0.002781
0.002469
0.002702
0.002707
0.002811
0.002967
0.003457
0.002994
0.002852
0.003130
0.002240
0.002616
0.003133
0.002999
0.003131
0.002906
0.002198
