0.005073
0.003336
0.003112
0.000773
0.000403
0.001152
0.002675
0.001776
0.002545
0.003097
0.003077
0.002576
0.002614
0.002862
0.002090
0.002055
0.001626
0.002915
0.004343
0.000375
0.002621
0.003554
0.003275
0.002108
0.001414
0.003932
0.000993
0.002800
0.001652
0.000629
0.004631
0.003342
0.004551
0.000354
0.002569
0.001446
0.002972
0.000390
0.002560
0.002221
0.003175
0.004896
0.001156
0.002698
0.000366
0.000365
0.002191
0.003434
0.003480
0.002201
0.001769
0.002546
0.002575
0.002333
0.002586
0.003036
0.001992
0.002443
0.001447
0.003612
0.002246
0.002304
0.000699
0.002612
0.001808
0.002065
0.005253
0.000369
0.001743
0.001976
0.002746
0.001778
0.003160
0.001654
0.004095
0.003071
0.003278
0.001819
0.003158
0.000482
0.001781
0.003341
0.001682
0.002513
0.003371
0.001692
0.000468
0.002137
0.000630
0.002223
0.002572
0.004595
0.000375
0.002421
0.004767
0.001963
0.000307
0.002140
0.000639
0.002060
0.002470
0.001992
0.002648
0.003049
0.002307
0.003527
0.003130
0.002732
0.001344
0.002761
0.001440
0.000448
0.002050
0.000582
0.002915
0.003793
0.001876
0.003092
0.000435
0.000368
0.001770
0.003840
0.000326
0.001216
0.003314
0.002657
0.001893
0.000797
0.002187
0.000577
0.003276
0.001973
0.001869
0.001596
0.000480
0.003453
0.002056
0.003577
0.003651
0.002363
0.000460
0.002364
0.001711
0.000586
0.002963
0.002325
0.001486
0.002188
0.002278
0.000395
0.002482
0.004353
0.002684
0.002796
0.001710
0.004516
0.001753
0.002584
0.002704
0.001868
0.002984
0.001930
0.003697
0.002705
0.002502
0.000353
0.001032
0.002529
0.002713
0.001858
0.000440
0.003006
0.002131
0.002470
0.003454
0.002442
0.002629
0.003021
0.002045
0.003880
0.003479
0.002325
0.000880
0.003164
0.003229
0.003303
0.003422
0.003137
0.000989
0.003056
0.001276
0.002869
0.002617
0.001480
0.003409
0.001526
0.001356
0.003244
0.001743
0.001482
0.002189
0.002931
0.003010
0.001966
0.001159
0.002516
0.002575
0.003831
0.002740
0.002238
0.002772
0.002285
0.004623
0.003692
0.003708
0.002489
0.000434
0.001889
0.000663
0.001768
0.002846
0.000403
0.003156
0.003268
0.004787
0.003097
0.003955
0.003408
0.001793
0.003688
0.001913
0.003311
0.002079
0.002458
0.001129
0.002999
0.002187
0.002930
0.003620
0.001757
0.001887
0.000499
0.001815
0.002351
0.003064
0.000436
0.002666
0.001200
0.003405
0.002091
0.002214
0.001655
0.000840
0.001810
0.002981
0.000649
0.002804
0.002856
0.003063
0.003334
0.000356
0.002239
0.002314
0.001342
0.003242
0.003629
0.001925
0.000418
0.002109
0.004433
0.000583
0.002688
0.003503
0.004587
0.003096
0.003750
0.002276
0.002082
0.002568
0.000497
0.002819
0.003948
0.002192
0.002480
0.002379
0.002434
0.003183
0.003318
0.002167
0.001825
0.000653
0.002029
0.004232
0.003234
0.002364
0.002247
0.000455
0.002132
0.001812
0.002346
0.001641
0.003778
0.002581
0.002602
0.002007
0.001221
0.004426
0.004239
0.001314
0.001584
0.003049
0.001777
0.001211
0.001944
0.003519
0.001216
0.003134
0.002130
0.002987
0.002694
0.003000
0.002115
0.001651
0.000369
0.003936
0.003201
0.001569
0.001490
0.003615
0.000456
0.002166
0.002498
0.001987
0.003647
0.002909
0.004392
0.001082
0.003191
0.002865
0.001697
0.000609
0.002371
0.003796
0.001725
0.004867
0.002739
0.003858
0.004051
0.002806
0.002469
0.002784
0.003902
0.002890
0.002581
0.002625
0.001599
0.003382
0.001565
0.001298
0.002854
0.002245
0.002226
0.002391
0.002175
0.003829
0.001841
0.001964
0.001874
0.000709
0.000858
0.003027
0.002638
0.003042
0.002230
0.002899
0.003303
0.002493
0.002627
0.002896
0.001131
0.003743
0.002553
0.002922
0.002184
0.001970
0.001305
0.000404
0.000453
0.002085
0.003145
0.002734
0.001657
0.003155
0.001523
0.003163
0.001661
0.002296
0.002376
0.000442
0.002842
0.002524
0.003801
0.000446
0.000440
0.002733
0.003570
0.002356
0.000396
0.002055
0.003942
0.002142
0.003970
0.002550
0.000636
0.002059
0.003338
0.000624
0.000641
0.002152
0.002345
0.002662
0.001731
0.002582
0.002784
0.002872
0.002908
0.002709
0.003704
0.003895
0.001685
0.000551
0.002205
0.002151
0.002331
0.002406
0.002711
0.002629
0.002124
0.003308
0.000534
0.002198
0.003009
0.002193
0.002044
0.002008
0.002302
0.002024
0.002817
0.002827
0.009053
0.001332
0.003705
0.002116
0.003697
0.000329
0.001140
0.002580
0.001193
0.001689
0.004521
0.002742
0.001689
0.004742
0.004165
0.004187
0.004047
0.003976
0.003382
0.001755
0.000698
0.003002
0.004509
0.002820
0.003032
0.001299
0.003183
0.002981
0.003581
0.002565
0.002377
0.000502
0.002347
0.003514
0.001334
0.002155
0.002152
0.001994
0.000701
0.002999
0.004287
0.003001
0.000364
0.002544
0.003335
0.002630
0.002351
0.004392
0.002312
0.002082
0.001547
0.002908
0.001618
0.000393
0.002799
0.005117
0.001762
0.003321
0.002862
0.002865
0.002556
0.002319
0.000553
0.002433
0.000483
0.001981
0.000453
0.002612
0.002937
0.002620
0.002085
0.002936
0.003244
0.002913
0.000447
0.001261
0.004217
0.002687
0.001738
0.001985
0.003503
0.000440
0.004265
0.002925
0.002838
0.003242
0.002419
0.002428
0.002236
0.002062
0.000644
0.002074
0.001634
0.002553
0.000523
0.000519
0.001691
0.001996
0.002491
0.002426
0.003962
0.002640
0.000295
0.003083
0.003236
0.002796
0.000624
0.003356
0.001992
0.002388
0.002565
0.002573
0.000515
0.000556
0.001841
0.004093
0.001558
0.000453
0.001236
0.000493
0.002456
0.003209
0.001575
0.003181
0.000347
0.003865
0.002297
0.000524
0.002718
0.000479
0.002488
0.002158
0.000437
0.003088
0.003324
0.000527
0.000440
0.000333
0.002871
0.000387
0.002483
0.002650
0.002367
0.002170
0.002683
0.003329
0.001918
0.000543
0.003125
0.002629
0.003285
0.002715
0.002584
0.002640
0.000400
0.002040
0.003232
0.001381
0.003978
0.000844
0.001801
0.003279
0.002600
0.002144
0.002205
0.000433
0.001082
0.002503
0.000685
0.002307
0.003876
0.003636
0.003422
0.002591
0.003424
0.003068
0.002014
0.002928
0.001976
0.002331
0.001506
0.002268
0.003286
0.000351
0.003012
0.001693
0.001806
0.003818
0.005818
0.002341
0.002736
0.004991
0.000327
0.003693
0.003494
0.001474
0.003835
0.000327
0.001829
0.000574
0.002736
0.003601
0.002708
0.004368
0.001090
0.000436
0.000668
0.002139
0.003747
0.003657
0.002108
0.003705
0.000727
0.003652
0.002368
0.001689
0.003716
0.000401
0.002509
0.004153
0.000516
0.004327
0.002462
0.004016
0.001690
0.003082
0.003280
0.000386
0.000570
0.001474
0.002727
0.003353
0.003789
0.003044
0.003238
0.003228
0.000751
0.002329
0.000747
0.001807
0.001483
0.000467
0.002070
0.002351
0.003803
0.000382
0.001478
0.003651
0.001936
0.000382
0.003694
0.001644
0.003865
0.000636
0.002339
0.002355
0.000479
0.001223
0.000345
0.000358
0.003728
0.002191
0.003996
0.003122
0.002137
0.000552
0.002782
0.003937
0.003065
0.002709
0.000464
0.001523
0.002253
0.002697
0.001190
0.001866
0.002842
0.002638
0.002534
0.001588
0.003751
0.002871
0.000662
0.001618
0.002809
0.003357
0.002085
0.001937
0.002524
0.002965
0.000394
0.000364
0.003151
0.002704
0.000622
0.000403
0.002558
0.002783
0.002238
0.003228
0.003018
0.000327
0.003944
0.000481
0.000301
0.001428
0.000470
0.000918
0.002407
0.001793
0.001083
0.002254
0.003506
0.001773
0.002473
0.002551
0.003071
0.000324
0.001425
0.003703
0.003744
0.002144
0.003667
0.000557
0.002463
0.002175
0.004044
0.004786
0.001560
0.000522
0.002417
0.004456
0.002314
0.003089
0.003310
0.002736
0.002778
0.001962
0.002750
0.002226
0.002938
0.002367
0.000491
0.001336
0.002414
0.002461
0.001640
0.003776
0.003104
0.002834
0.000967
0.004786
0.003024
0.003382
0.002658
0.001954
0.001474
0.003953
0.001571
0.003792
0.002332
0.003573
0.000948
0.003595
0.003465
0.003515
0.001296
0.004177
0.002389
0.000827
0.000368
0.002730
0.001945
0.000461
0.002237
0.001847
0.003142
0.002892
0.002802
0.000371
0.002371
0.002574
0.002308
0.002787
0.002696
0.000622
0.002605
0.003165
0.002465
0.002455
0.002689
0.002486
0.001675
0.003469
0.000365
0.002571
0.004392
0.001675
0.002898
0.002803
0.002623
0.001663
0.000361
0.002711
0.002942
0.001728
0.002803
0.001879
0.002009
0.003179
0.000643
0.002180
0.000329
0.003341
0.000367
0.002747
0.002459
0.002973
0.002272
0.001169
0.002663
0.002860
0.000434
0.000316
0.002680
0.003605
0.001824
0.003459
0.002480
0.001178
0.002290
0.002116
0.000888
0.003433
0.002379
0.001919
0.000669
0.002528
0.002321
0.001947
0.003041
0.001806
0.004101
0.002249
0.002053
0.001843
0.001948
0.003995
0.000297
0.003050
0.003174
0.001621
0.004014
0.002251
0.000692
0.002074
0.002319
0.003365
0.002604
0.000573
0.002507
0.000750
0.002314
0.002186
0.003628
0.001669
0.002467
0.003398
0.000363
0.001219
0.004831
0.001556
0.005868
0.003187
0.004017
0.000367
0.003054
0.002040
0.001341
0.001805
0.000342
0.002444
0.002326
0.003625
0.002498
0.001527
0.001744
0.002622
0.000469
0.002495
0.002024
0.001572
0.002390
0.003251
0.001717
0.000854
0.002397
0.002674
0.000442
0.002668
0.002399
0.002921
0.002577
0.002389
0.003400
0.001942
0.002208
0.001689
0.002391
0.002838
0.000843
0.002546
0.002540
0.002029
0.002008
0.000377
0.000899
0.001825
0.002746
0.003140
0.001349
0.003519
0.002425
0.001282
0.002827
0.003184
0.003039
0.001216
0.001834
0.000651
0.003926
0.002163
0.002183
0.003760
0.002230
0.001390
0.001645
0.004318
0.001864
0.000927
0.001496
0.002731
0.003972
0.002247
0.003083
0.001489
0.003656
0.000503
0.002089
0.003201
0.001821
