0.001800
0.001515
0.001630
0.001552
0.001761
0.001442
0.001596
0.001930
0.001479
0.001609
0.001530
0.001855
0.001638
0.001557
0.001807
0.001457
0.001518
0.001463
0.001753
0.001793
0.001397
0.002204
0.001666
0.001607
0.001254
0.001259
0.001861
0.001982
0.002015
0.001166
0.001432
0.001737
0.001495
0.001427
0.001893
0.001328
0.001672
0.001627
0.001612
0.001844
0.001430
0.001609
0.001496
0.001613
0.001542
0.001464
0.001328
0.001581
0.001437
0.001319
0.001449
0.001854
0.001612
0.001533
0.001655
0.001455
0.001902
0.001609
0.001699
0.001621
0.001431
0.001370
0.001872
0.001565
0.001438
0.001980
0.001422
0.001807
0.001340
0.001489
0.001616
0.001932
0.001922
0.001599
0.001771
0.001653
0.001902
0.001656
0.001431
0.001509
0.001665
0.001579
0.001474
0.001510
0.001424
0.001453
0.002324
0.001251
0.001335
0.001407
0.001527
0.001650
0.001364
0.001454
0.001564
0.001707
0.001508
0.001779
0.001537
0.001260
0.001996
0.001680
0.001587
0.001694
0.001614
0.001580
0.001440
0.001507
0.001573
0.001439
0.002064
0.001916
0.001461
0.001378
0.001501
0.001661
0.001301
0.001566
0.001640
0.001733
0.001648
0.001660
0.001632
0.001570
0.001550
0.001678
0.001625
0.001618
0.001518
0.001570
0.001433
0.001923
0.002321
0.001462
0.001396
0.002022
0.001790
0.001915
0.001725
0.001537
0.001422
0.001242
0.001580
0.001645
0.001504
0.001614
0.001399
0.001472
0.001384
0.001596
0.001530
0.001496
0.001753
0.001455
0.001761
0.001523
0.001422
0.001843
0.001489
0.001186
0.001290
0.001526
0.001977
0.001715
0.001484
0.001405
0.001722
0.001257
0.001960
0.001365
0.001621
0.001413
0.001890
0.001632
0.001687
0.001514
0.001527
0.001609
0.001477
0.001274
0.001514
0.001369
0.001500
0.001998
0.001460
0.001622
0.001802
0.001521
0.001217
0.001484
0.001228
0.001318
0.001694
0.001853
0.001461
0.001501
0.001544
0.001659
0.001752
0.001560
0.001496
0.001618
0.001597
0.001627
0.001664
0.001546
0.001410
0.001493
0.001926
0.001642
0.001390
0.001318
0.001563
0.001496
0.001671
0.001276
0.001573
0.001378
0.001956
0.001634
0.001454
0.001910
0.001462
0.001675
0.001721
0.001735
0.001976
0.001785
0.001544
0.001599
0.001684
0.001312
0.001682
0.001450
0.001569
0.001913
0.001660
0.001473
0.002089
0.002601
0.001736
0.001670
0.001585
0.001282
0.001344
0.001342
0.001212
0.001277
0.001201
0.001226
0.001679
0.001539
0.001736
0.001382
0.001581
0.001512
0.001766
0.001752
0.001764
0.001335
0.001548
0.001373
0.001284
0.001512
0.001341
0.001713
0.001881
0.002223
0.001490
0.001382
0.001745
0.001567
0.001515
0.001436
0.001777
0.001560
0.001668
0.001584
0.001252
0.001232
0.001624
0.001539
0.001609
0.001539
0.001374
0.001261
0.001849
0.001865
0.001482
0.001413
0.001249
0.002102
0.001535
0.001625
0.001584
0.001366
0.001796
0.001667
0.001372
0.001345
0.001659
0.001617
0.001242
0.001517
0.001517
0.001898
0.001831
0.001568
0.001898
0.001494
0.001885
0.001296
0.001499
0.001523
0.001396
0.001441
0.001827
0.001713
0.001582
0.001569
0.001566
0.001599
0.001672
0.001516
0.001607
0.001354
0.001496
0.001605
0.001644
0.001632
0.001707
0.001728
0.001831
0.001451
0.001547
0.001715
0.001872
0.001621
0.001688
0.001336
0.001334
0.001504
0.001449
0.001254
0.001333
0.001414
0.001458
0.001538
0.001605
0.001479
0.001677
0.001768
0.001894
0.001949
0.001730
0.001630
0.001932
0.001619
0.001864
0.001651
0.001882
0.001739
0.001546
0.001895
0.001975
0.001611
0.001879
0.001870
0.002347
0.001851
0.002253
0.001952
0.001449
0.001897
0.002654
0.002018
0.002372
0.001844
0.002311
0.002136
0.002155
0.002264
0.002025
0.001648
0.001627
0.001808
0.002301
0.001178
0.002012
0.001713
0.001586
0.002028
0.001979
0.001916
0.002243
0.001605
0.002163
0.002248
0.001896
0.001880
0.002146
0.001766
0.001547
0.002225
0.002102
0.001764
0.002411
0.001801
0.001662
0.001883
0.002385
0.001743
0.001745
0.002176
0.002299
0.001564
0.002128
0.001536
0.001729
0.001935
0.001921
0.001588
0.001965
0.002160
0.001997
0.002215
0.002086
0.001945
0.002093
0.001660
0.004513
0.002367
0.001998
0.001799
0.001584
0.001558
0.002454
0.001798
0.002680
0.002228
0.001712
0.001886
0.002003
0.002090
0.002230
0.001862
0.002333
0.001992
0.001910
0.001916
0.001819
0.001760
0.001937
0.001921
0.002237
0.001586
0.002323
0.001581
0.002012
0.001776
0.001872
0.001866
0.002261
0.001714
0.001598
0.002078
0.002138
0.001918
0.001444
0.001657
0.002404
0.001871
0.001815
0.001866
0.001962
0.002339
0.001864
0.001982
0.001916
0.001817
0.001841
0.001904
0.001530
0.002002
0.001883
0.001821
0.001500
0.001952
0.002178
0.001976
0.002131
0.001623
0.001977
0.001607
0.001890
0.001869
0.001843
0.002298
0.001817
0.001993
0.001517
0.002040
0.001954
0.001655
0.001967
0.002025
0.002112
0.001555
0.001907
0.002377
0.002051
0.001526
0.001816
0.001728
0.001982
0.001687
0.001990
0.002895
0.002425
0.001842
0.001580
0.001618
0.001531
0.001842
0.001859
0.001547
0.001936
0.001922
0.002111
0.002015
0.001943
0.001814
0.002785
0.001761
0.001796
0.002109
0.001709
0.002147
0.001852
0.002109
0.001657
0.002072
0.001962
0.001884
0.002028
0.001768
0.002247
0.002351
0.001929
0.001889
0.001655
0.001871
0.002744
0.002322
0.002119
0.001853
0.001945
0.002023
0.002575
0.002375
0.002595
0.001997
0.002257
0.001913
0.001797
0.001859
0.002109
0.001898
0.002225
0.001448
0.001735
0.001980
0.002119
0.001741
0.001891
0.001698
0.001941
0.002397
0.002103
0.001762
0.001905
0.001699
0.001644
0.002265
0.001902
0.002231
0.001700
0.002428
0.002192
0.002043
0.002038
0.001653
0.001940
0.001926
0.001662
0.002627
0.001742
0.001776
0.002110
0.001896
0.001967
0.002148
0.001741
0.002216
0.001891
0.001946
0.002077
0.001834
0.002104
0.001661
0.001834
0.002325
0.001920
0.001801
0.002217
0.001748
0.001689
0.002997
0.001748
0.002058
0.001715
0.002124
0.001550
0.001944
0.002069
0.001807
0.002247
0.001887
0.001924
0.001816
0.001879
0.001760
0.001836
0.001856
0.001843
0.001648
0.001860
0.001827
0.002130
0.001680
0.001722
0.001941
0.001544
0.001837
0.001541
0.001778
0.002199
0.001775
0.002063
0.001964
0.001816
0.002152
0.001586
0.001766
0.002464
0.001979
0.001883
0.001862
0.001827
0.002102
0.001813
0.001528
0.001625
0.001653
0.001887
0.002571
0.001949
0.001805
0.002178
0.002372
0.002040
0.002106
0.001996
0.002125
0.001582
0.001960
0.001645
0.002109
0.001742
0.002107
0.001897
0.001830
0.001985
0.001803
0.001625
0.001571
0.002183
0.001958
0.001963
0.002201
0.001989
0.001539
0.002380
0.002367
0.001564
0.002227
0.002105
0.001755
0.001922
0.001671
0.001977
0.001838
0.001842
0.002261
0.002295
0.002137
0.001881
0.001736
0.001894
0.002154
0.001706
0.002974
0.001850
0.001950
0.001637
0.001866
0.002021
0.001904
0.002109
0.002256
0.001716
0.001866
0.002182
0.001901
0.001779
0.001971
0.001711
0.002387
0.001923
0.001840
0.001918
0.001941
0.001782
0.001934
0.001727
0.002112
0.002470
0.001905
0.001959
0.002129
0.002144
0.001651
0.002000
0.002267
0.001691
0.002321
0.002118
0.001750
0.002028
0.002622
0.002169
0.001971
0.002122
0.001466
0.001879
0.001847
0.002175
0.001742
0.002821
0.002004
0.001749
0.001527
0.001732
0.001846
0.001750
0.002118
0.002225
0.001873
0.001786
0.001814
0.001681
0.002156
0.001821
0.001976
0.002036
0.002041
0.001873
0.001896
0.002253
0.001808
0.001835
0.001556
0.002611
0.002287
0.001830
0.002194
0.001501
0.001708
0.001789
0.001478
0.001761
0.001914
0.001648
0.001998
0.001849
0.001827
0.002110
0.001946
0.002231
0.002136
0.001823
0.001987
0.001753
0.001870
0.001790
0.001851
0.001863
0.001584
0.002252
0.001780
0.001787
0.001759
0.001636
0.001996
0.001921
0.002078
0.001843
0.001901
0.001973
0.001910
0.001917
0.001855
0.001824
0.002303
0.001525
0.002680
0.001670
0.001676
0.001693
0.001772
0.001522
0.001482
0.001505
0.002107
0.002081
0.002498
0.001826
0.002131
0.001662
0.001904
0.002090
0.001727
0.001931
0.001832
0.001811
0.001735
0.002153
0.001890
0.001585
0.002047
0.002011
0.002200
0.002192
0.002195
0.001843
0.001807
0.002055
0.001965
0.001637
0.001984
0.002088
0.001809
0.002098
0.001759
0.001990
0.002481
0.001748
0.001829
0.001910
0.001960
0.001843
0.001689
0.002102
0.002055
0.001768
0.001663
0.001880
0.001681
0.001855
0.001704
0.002139
0.002440
0.002213
0.001773
0.001809
0.002241
0.002070
0.002076
0.001963
0.002042
0.001716
0.001969
0.002202
0.002043
0.002120
0.002042
0.001888
0.001823
0.002007
0.001977
0.001872
0.001985
0.002279
0.001810
0.001864
0.002054
0.001677
0.001709
0.002358
0.002052
0.001833
0.001955
0.001889
0.001953
0.001820
0.001985
0.002152
0.001708
0.001867
0.002180
0.002197
0.002158
0.002219
0.002051
0.002033
0.001951
0.001991
0.001976
0.001790
0.002082
0.001697
0.002020
0.001725
0.001703
0.002088
0.001831
0.002221
0.001971
0.001762
0.001756
0.002383
0.002002
0.001840
0.002225
0.002239
0.001956
0.002422
0.002168
0.002183
0.001888
0.001864
0.001656
0.001793
0.001893
0.001968
0.001865
0.001853
0.002292
0.001834
0.002045
0.001958
0.001741
0.001843
0.001836
0.001683
0.001303
0.002167
0.002007
0.001972
0.002298
0.001895
0.002193
0.001909
0.002034
0.002068
0.001965
0.001763
0.001902
0.001953
0.002034
0.002530
0.002640
0.002452
0.001899
0.001868
0.002412
0.001929
0.002343
0.002361
0.001775
0.001978
0.001836
0.001775
0.002306
0.002197
0.001636
0.001898
0.002058
0.001680
0.002135
