0.001672
0.000877
0.003516
0.002699
0.000875
0.001778
0.000918
0.000931
0.001263
0.000908
0.001883
0.000874
0.000736
0.001030
0.000837
0.001827
0.000834
0.003974
0.000875
0.001141
0.000752
0.003250
0.001662
0.001274
0.001081
0.003661
0.001152
0.000702
0.003235
0.000883
0.002079
0.001174
0.001142
0.001102
0.000839
0.000851
0.000811
0.003120
0.001045
0.000994
0.002029
0.000870
0.001213
0.002146
0.002942
0.000789
0.001768
0.001153
0.001287
0.001536
0.000854
0.000741
0.003402
0.001367
0.001594
0.000796
0.001855
0.006116
0.002040
0.000838
0.003754
0.000832
0.001762
0.000998
0.001027
0.005422
0.001281
0.000986
0.001165
0.003712
0.001290
0.000883
0.001316
0.003551
0.001545
0.001014
0.010281
0.002658
0.001180
0.002059
0.001598
0.001245
0.001516
0.001828
0.001231
0.007654
0.005532
0.001023
0.004359
0.002818
0.001324
0.001247
0.001897
0.002017
0.001472
0.002246
0.002250
0.000960
0.001644
0.001326
0.007989
0.001646
0.002163
0.001968
0.009480
0.004435
0.001474
0.005202
0.002310
0.001858
0.001123
0.004241
0.001049
0.001086
0.002329
0.010378
0.000968
0.001820
0.000829
0.003785
0.000821
0.001296
0.007410
0.000832
0.003447
0.000920
0.007680
0.001166
0.001161
0.001650
0.000774
0.004527
0.000907
0.000837
0.000870
0.000971
0.004625
0.000977
0.000831
0.000878
0.000861
0.001710
0.001287
0.001033
0.003149
0.004005
0.001529
0.001065
0.000877
0.000758
0.004268
0.003539
0.002138
0.001285
0.000905
0.001334
0.000764
0.000912
0.007426
0.000926
0.003337
0.000846
0.001340
0.001161
0.000760
0.001272
0.003678
0.000968
0.001073
0.001091
0.001019
0.000908
0.000948
0.000828
0.001051
0.001811
0.003570
0.001044
0.000918
0.001158
0.001731
0.000846
0.001278
0.001857
0.002701
0.004223
0.003899
0.002559
0.001329
0.004550
0.000805
0.003498
0.003699
0.000931
0.000805
0.001564
0.000979
0.001819
0.001577
0.003062
0.001018
0.002284
0.000872
0.002311
0.000756
0.002822
0.001087
0.003234
0.001464
0.007877
0.001492
0.004953
0.000885
0.001160
0.002420
0.000756
0.000998
0.002005
0.000791
0.001583
0.001005
0.000958
0.006403
0.000874
0.001453
0.001820
0.001138
0.001172
0.001917
0.000883
0.002063
0.000765
0.001886
0.005821
0.001181
0.001258
0.004597
0.002204
0.000868
0.003587
0.000775
0.009527
0.001191
0.001481
0.000934
0.001216
0.001078
0.000812
0.000861
0.001138
0.000818
0.002045
0.001406
0.003414
0.001253
0.005208
0.000771
0.002037
0.001502
0.004157
0.001168
0.001731
0.000898
0.000909
0.002793
0.001035
0.002685
0.001036
0.001964
0.001011
0.001090
0.000755
0.001155
0.000856
0.001040
0.001010
0.000833
0.000778
0.001375
0.000788
0.000918
0.002000
0.000760
0.001877
0.000890
0.001355
0.000835
0.002408
0.000763
0.000817
0.001025
0.000831
0.002200
0.000975
0.003796
0.000814
0.000829
0.002675
0.001073
0.000871
0.001442
0.000917
0.000898
0.000757
0.001940
0.003832
0.002912
0.002396
0.000945
0.001722
0.001665
0.000931
0.001092
0.001637
0.001892
0.000759
0.006276
0.000779
0.004077
0.002804
0.002458
0.001141
0.000985
0.002707
0.001122
0.001453
0.000764
0.000844
0.001005
0.002732
0.001153
0.001727
0.001676
0.001010
0.000872
0.003721
0.000736
0.000769
0.000830
0.003048
0.000768
0.000859
0.000776
0.008600
0.000855
0.001236
0.002107
0.000858
0.000763
0.004242
0.002899
0.001169
0.000899
0.000967
0.000875
0.001450
0.001067
0.002084
0.008277
0.004276
0.003139
0.004890
0.003445
0.001585
0.000981
0.000779
0.001094
0.000931
0.001690
0.000772
0.001274
0.001092
0.004625
0.000748
0.007645
0.006165
0.001243
0.006331
0.000767
0.003035
0.001101
0.000804
0.003062
0.001193
0.001035
0.000871
0.000767
0.001309
0.002967
0.000829
0.002136
0.001425
0.000838
0.001006
0.001268
0.000892
0.001266
0.003302
0.000966
0.000957
0.001303
0.000836
0.002636
0.001037
0.000746
0.001075
0.001014
0.001843
0.000785
0.001490
0.000940
0.001161
0.000960
0.000979
0.000943
0.001372
0.000752
0.008674
0.006031
0.001251
0.002658
0.000820
0.007395
0.002023
0.002453
0.001220
0.000852
0.002075
0.000889
0.002817
0.000798
0.002158
0.001866
0.002335
0.001798
0.000744
0.002014
0.001092
0.000827
0.000879
0.000776
0.000919
0.001348
0.001267
0.000801
0.003383
0.001476
0.001329
0.000896
0.001864
0.003935
0.000905
0.002923
0.000900
0.001790
0.000776
0.000773
0.001221
0.000983
0.000903
0.001751
0.003781
0.001248
0.002771
0.000799
0.003677
0.007786
0.001267
0.001278
0.000921
0.006724
0.002492
0.002056
0.001298
0.001361
0.002313
0.000739
0.001446
0.000777
0.003466
0.001029
0.000996
0.001881
0.000926
0.000997
0.000861
0.000964
0.000858
0.003285
0.000928
0.001112
0.000989
0.000812
0.003692
0.001507
0.001116
0.002633
0.001759
0.001294
0.001036
0.001540
0.001237
0.000745
0.001515
0.000909
0.000969
0.000753
0.003058
0.003044
0.001125
0.001028
0.001399
0.001631
0.000738
0.000786
0.001275
0.002185
0.003428
0.000793
0.003436
0.000832
0.000909
0.000835
0.002239
0.002318
0.006379
0.000813
0.000851
0.003905
0.000784
0.002761
0.002037
0.003712
0.000794
0.003155
0.000986
0.002766
0.000862
0.001241
0.003514
0.001060
0.000760
0.001436
0.009726
0.001382
0.004127
0.001298
0.001006
0.000780
0.000993
0.001699
0.001003
0.001267
0.005622
0.001949
0.002027
0.004464
0.002252
0.000873
0.009608
0.002691
0.001147
0.002022
0.000821
0.003364
0.000790
0.000952
0.001350
0.001396
0.000822
0.004191
0.002382
0.000983
0.000976
0.001036
0.001020
0.000871
0.000781
0.002539
0.004400
0.002061
0.005374
0.001094
0.000998
0.005662
0.000816
0.001655
0.000914
0.001771
0.002952
0.001030
0.000899
0.002628
0.002038
0.000755
0.001470
0.000911
0.004493
0.000768
0.009609
0.001044
0.000821
0.006596
0.001006
0.001291
0.000789
0.000785
0.000924
0.002332
0.000753
0.000799
0.001048
0.001283
0.000752
0.000989
0.001037
0.001062
0.003826
0.001335
0.000721
0.000897
0.000886
0.000756
0.002356
0.000887
0.000804
0.000833
0.001396
0.000785
0.000883
0.000914
0.001363
0.000748
0.011631
0.003056
0.004176
0.001348
0.000752
0.001969
0.003298
0.000785
0.001829
0.000962
0.001460
0.001193
0.004350
0.003987
0.001121
0.000988
0.001148
0.000772
0.001177
0.000901
0.000882
0.000784
0.000903
0.000756
0.001854
0.001003
0.002827
0.000993
0.001555
0.001584
0.000743
0.008663
0.003160
0.000783
0.001592
0.001060
0.001525
0.000863
0.000948
0.000975
0.001222
0.003086
0.002471
0.001131
0.001266
0.000762
0.000935
0.001908
0.001247
0.001141
0.001125
0.000824
0.000812
0.002641
0.001806
0.001851
0.006217
0.002805
0.000751
0.001307
0.000734
0.000888
0.000790
0.001161
0.000843
0.002711
0.001420
0.000740
0.003191
0.003247
0.001777
0.001207
0.001037
0.001216
0.000832
0.000762
0.001692
0.001064
0.000773
0.002098
0.001070
0.002709
0.000962
0.000835
0.000945
0.003799
0.000794
0.001338
0.002053
0.001030
0.000897
0.001164
0.000801
0.002880
0.000803
0.001066
0.001179
0.000749
0.002506
0.000838
0.001324
0.001816
0.000804
0.001480
0.000720
0.001789
0.000884
0.001289
0.000800
0.007052
0.002390
0.000904
0.002643
0.000855
0.001296
0.001022
0.001064
0.001143
0.002694
0.000775
0.000853
0.001284
0.001362
0.000932
0.003005
0.000881
0.003491
0.003079
0.001848
0.000916
0.002548
0.001713
0.000801
0.001135
0.000792
0.001410
0.000782
0.001249
0.000984
0.001681
0.001033
0.002371
0.000789
0.000875
0.000914
0.000801
0.000794
0.002698
0.000754
0.001167
0.003118
0.002525
0.000719
0.000856
0.001964
0.000747
0.001381
0.001060
0.001243
0.000807
0.004965
0.003168
0.001100
0.001405
0.001123
0.001263
0.000762
0.001464
0.000938
0.000852
0.000813
0.001573
0.002405
0.002098
0.000905
0.001912
0.000750
0.008203
0.000826
0.000836
0.000754
0.000829
0.001057
0.002376
0.000767
0.004325
0.000781
0.003455
0.000913
0.000965
0.001230
0.006390
0.000887
0.000765
0.002339
0.001505
0.000743
0.000754
0.001079
0.000909
0.000742
0.003679
0.001138
0.002945
0.000882
0.000824
0.000978
0.001363
0.000768
0.000852
0.000748
0.001098
0.000847
0.001920
0.005535
0.000799
0.004346
0.000975
0.000805
0.003140
0.000751
0.012380
0.000821
0.001251
0.000971
0.001964
0.000992
0.001109
0.000785
0.003730
0.001058
0.001395
0.001016
0.001272
0.000872
0.001124
0.001756
0.001446
0.000935
0.001190
0.000801
0.003915
0.000798
0.000781
0.000969
0.002877
0.000768
0.011186
0.000927
0.002413
0.000775
0.001372
0.001025
0.000778
0.003308
0.001109
0.001686
0.000792
0.002713
0.000838
0.002819
0.000863
0.003864
0.000949
0.002194
0.000898
0.001320
0.001504
0.002739
0.000863
0.007618
0.000815
0.001769
0.000919
0.003051
0.000786
0.000878
0.001020
0.000802
0.000905
0.002185
0.000910
0.001664
0.000719
0.001984
0.000912
0.000950
0.003770
0.002382
0.000930
0.002007
0.001717
0.000811
0.003762
0.000778
0.002124
0.001253
0.004010
0.001451
0.000959
0.001238
0.001943
0.003932
0.000946
0.005060
0.002024
0.001064
0.000947
0.003989
0.001046
0.000906
0.009289
0.001655
0.003210
0.001268
0.002021
0.008400
0.001916
0.002212
0.001684
0.003098
0.000786
0.000820
0.001120
0.004054
0.001375
0.001625
0.001752
0.001985
0.000985
0.003833
0.002146
0.003854
0.003259
0.002991
0.001643
0.005747
0.000869
0.000938
0.000879
0.001231
0.000758
0.000820
0.006963
0.001050
0.001015
0.000977
0.001260
0.003825
0.001355
0.002912
0.003121
0.001331
0.001348
0.002098
0.000915
0.008417
0.006978
0.001856
0.003061
0.003242
0.003607
0.001311
0.001847
0.005465
0.002163
0.001217
