0.004835
0.001625
0.001781
0.002546
0.001669
0.002442
0.001519
0.001190
0.001791
0.001918
0.001376
0.001608
0.002525
0.002134
0.001962
0.001668
0.000830
0.001033
0.000385
0.001017
0.001134
0.000363
0.002013
0.000985
0.000734
0.001727
0.001493
0.000829
0.000662
0.001924
0.002098
0.001789
0.002288
0.002259
0.003743
0.002753
0.001895
0.001144
0.001084
0.000433
0.001224
0.002024
0.001095
0.002198
0.002185
0.001334
0.002530
0.002303
0.002526
0.001688
0.000989
0.001627
0.001719
0.001594
0.002002
0.001663
0.001816
0.001505
0.001683
0.001834
0.001019
0.001355
0.002608
0.000562
0.001566
0.001481
0.002253
0.002514
0.000930
0.001340
0.000593
0.001397
0.001713
0.001907
0.002554
0.002696
0.002872
0.001994
0.002479
0.001505
0.001600
0.002175
0.001464
0.002405
0.001108
0.001643
0.001066
0.002530
0.001254
0.002687
0.001201
0.000991
0.001764
0.001468
0.000870
0.002732
0.001784
0.001965
0.001794
0.001793
0.001746
0.001175
0.001128
0.000867
0.000818
0.001575
0.000861
0.000821
0.001309
0.001542
0.002303
0.002481
0.002765
0.002118
0.001596
0.000866
0.001435
0.003540
0.002156
0.002129
0.002009
0.002120
0.000930
0.000997
0.001201
0.002408
0.001083
0.001728
0.002060
0.001654
0.001898
0.001338
0.002367
0.001895
0.001794
0.001758
0.001053
0.000875
0.001060
0.001653
0.001516
0.001441
0.002714
0.001257
0.002006
0.001919
0.001552
0.001844
0.000555
0.001078
0.001892
0.001957
0.002046
0.002091
0.002477
0.001862
0.002563
0.003784
0.001421
0.001581
0.001583
0.001952
0.000564
0.001123
0.001420
0.000904
0.001846
0.001514
0.001026
0.001919
0.001956
0.001010
0.001252
0.000712
0.001731
0.001656
0.001729
0.002740
0.001481
0.002376
0.001806
0.002076
0.002031
0.001273
0.001761
0.002008
0.000965
0.001592
0.001564
0.001478
0.001312
0.001680
0.001245
0.001947
0.001626
0.001519
0.001621
0.001159
0.001714
0.001997
0.001479
0.002853
0.001848
0.001570
0.001938
0.001835
0.001809
0.001843
0.001045
0.001078
0.001021
0.004664
0.001897
0.002312
0.001754
0.001410
0.001269
0.001368
0.001976
0.001653
0.000596
0.001330
0.002563
0.002657
0.002640
0.001318
0.001884
0.001045
0.001784
0.002196
0.001759
0.002229
0.001689
0.002549
0.002057
0.002156
0.002412
0.000816
0.002104
0.001498
0.001077
0.001106
0.000829
0.002007
0.001876
0.001375
0.002778
0.002836
0.002741
0.002668
0.001996
0.001955
0.000946
0.001353
0.001205
0.002065
0.001342
0.002091
0.000293
0.001195
0.003123
0.002010
0.002078
0.001978
0.001117
0.001573
0.001553
0.001859
0.001600
0.002248
0.001500
0.001079
0.001880
0.002584
0.002344
0.002218
0.001629
0.000912
0.003213
0.001758
0.001392
0.002056
0.002832
0.001873
0.002886
0.003228
0.000994
0.001447
0.001550
0.000946
0.001627
0.002168
0.003067
0.001581
0.002139
0.001613
0.002138
0.002257
0.001465
0.001929
0.001501
0.001699
0.004455
0.000902
0.001458
0.001894
0.001849
0.001182
0.001758
0.001544
0.001730
0.001201
0.002473
0.001618
0.001947
0.001075
0.002399
0.001852
0.002127
0.002332
0.001996
0.002397
0.001150
0.000954
0.001439
0.001117
0.001116
0.001716
0.001575
0.001150
0.001044
0.002628
0.001301
0.003816
0.002052
0.002005
0.001692
0.000795
0.001061
0.001158
0.001714
0.001268
0.000855
0.001059
0.000910
0.001031
0.001768
0.000704
0.002518
0.001797
0.001847
0.001592
0.001712
0.000681
0.000938
0.000972
0.001680
0.001926
0.001785
0.002235
0.001789
0.001936
0.001771
0.001302
0.003693
0.001838
0.001734
0.000895
0.001871
0.001885
0.002123
0.002075
0.002314
0.001292
0.001791
0.002122
0.003040
0.000895
0.002740
0.000803
0.001090
0.001152
0.002209
0.002321
0.001655
0.002919
0.001483
0.001736
0.001780
0.001705
0.001654
0.001695
0.001199
0.001670
0.003247
0.002014
0.001175
0.001103
0.001838
0.001485
0.002299
0.001158
0.004064
0.002109
0.001832
0.002936
0.002496
0.002268
0.003261
0.001274
0.001894
0.001553
0.003548
0.001983
0.001565
0.001082
0.001900
0.002202
0.001752
0.001026
0.001165
0.001306
0.001663
0.001816
0.002653
0.001616
0.000415
0.001571
0.002972
0.001993
0.001713
0.001201
0.002355
0.001712
0.000814
0.001706
0.000979
0.003049
0.001954
0.001069
0.000907
0.001953
0.002801
0.001126
0.001658
0.001455
0.002032
0.002142
0.001268
0.002261
0.002246
0.003779
0.001470
0.001306
0.000561
0.001860
0.002176
0.001565
0.001023
0.002071
0.002079
0.001504
0.001782
0.001956
0.000957
0.001471
0.001564
0.001107
0.001643
0.000997
0.002740
0.001767
0.002588
0.002277
0.002320
0.001785
0.001797
0.001892
0.001168
0.002282
0.001647
0.002442
0.001566
0.002643
0.001826
0.001616
0.000573
0.002714
0.002444
0.001236
0.000283
0.001631
0.002090
0.001887
0.001934
0.002402
0.002225
0.001566
0.001103
0.001112
0.002610
0.001279
0.001407
0.001564
0.002017
0.001852
0.001053
0.001195
0.001831
0.001408
0.001001
0.001808
0.002026
0.002422
0.002175
0.001699
0.001723
0.002133
0.001430
0.001979
0.001837
0.001754
0.001842
0.002645
0.001400
0.002361
0.001409
0.000753
0.001839
0.002229
0.002875
0.000894
0.001583
0.001644
0.001705
0.001288
0.001540
0.000315
0.002517
0.002420
0.002215
0.001898
0.001190
0.001831
0.001419
0.001671
0.001147
0.002174
0.001339
0.002039
0.000351
0.001800
0.000673
0.001149
0.002442
0.001827
0.000466
0.001094
0.002577
0.001922
0.002612
0.001439
0.000687
0.001325
0.001885
0.003167
0.001687
0.001866
0.001454
0.002396
0.002378
0.001271
0.002587
0.000847
0.002060
0.001722
0.001763
0.001596
0.002742
0.001713
0.001459
0.001506
0.001536
0.002066
0.002308
0.001145
0.002011
0.001391
0.001872
0.002023
0.001884
0.001519
0.001059
0.002037
0.001071
0.001600
0.001773
0.001070
0.000568
0.001728
0.001487
0.001576
0.001401
0.000611
0.001945
0.000778
0.001715
0.002256
0.001566
0.001745
0.003113
0.001112
0.001313
0.001113
0.000993
0.001534
0.001907
0.001134
0.001673
0.001568
0.002305
0.001624
0.001617
0.001086
0.001106
0.002511
0.001571
0.001622
0.001817
0.002179
0.001363
0.002852
0.003899
0.002199
0.002352
0.003399
0.001802
0.002656
0.001876
0.001057
0.001024
0.001123
0.002024
0.001490
0.001637
0.001671
0.001393
0.001438
0.000860
0.000756
0.001659
0.002385
0.001053
0.000348
0.001300
0.000425
0.001592
0.001265
0.001639
0.000899
0.002389
0.001484
0.001814
0.001074
0.001500
0.002041
0.000815
0.000471
0.001276
0.000861
0.001727
0.002212
0.001013
0.001828
0.000869
0.002901
0.001434
0.002129
0.001068
0.001517
0.002584
0.001313
0.001261
0.002302
0.001782
0.001599
0.001056
0.001988
0.001393
0.000306
0.002139
0.002082
0.002598
0.002600
0.002232
0.001628
0.003481
0.001131
0.002424
0.001883
0.002022
0.001815
0.001629
0.001266
0.001493
0.001455
0.003791
0.002186
0.001508
0.001439
0.001557
0.001126
0.001090
0.001380
0.001778
0.001389
0.001333
0.001830
0.002030
0.002152
0.000866
0.001681
0.001887
0.001713
0.001908
0.002676
0.002535
0.001334
0.002300
0.000523
0.001762
0.001596
0.001198
0.001486
0.001489
0.002028
0.001258
0.000468
0.001425
0.001100
0.001230
0.000623
0.002080
0.001232
0.001707
0.002236
0.000870
0.001404
0.001842
0.000622
0.000970
0.001326
0.001859
0.001606
0.001039
0.001868
0.001651
0.001341
0.000716
0.001336
0.002002
0.003881
0.001649
0.002329
0.002409
0.000671
0.003853
0.001386
0.001645
0.001490
0.001923
0.001831
0.001665
0.001723
0.001497
0.000911
0.002865
0.001960
0.001351
0.001545
0.001376
0.003616
0.002081
0.002508
0.001710
0.002184
0.001463
0.000990
0.001657
0.001669
0.001521
0.001120
0.000464
0.001522
0.002058
0.001732
0.000763
0.000940
0.001126
0.000867
0.001571
0.001641
0.002201
0.001021
0.001085
0.002131
0.001826
0.001343
0.001613
0.001501
0.002100
0.001822
0.001333
0.003060
0.002593
0.001465
0.001153
0.001785
0.001630
0.001969
0.001108
0.001048
0.001718
0.001812
0.000973
0.002241
0.000960
0.002422
0.002914
0.001633
0.002027
0.001247
0.002108
0.001777
0.002576
0.001449
0.001852
0.001199
0.001807
0.001829
0.001769
0.000342
0.001678
0.002152
0.001065
0.002015
0.001052
0.001854
0.002031
0.001689
0.001732
0.001154
0.001304
0.001602
0.001858
0.002230
0.001589
0.001073
0.001983
0.002084
0.001978
0.001577
0.001098
0.002832
0.001481
0.001463
0.001084
0.001105
0.001920
0.000719
0.002582
0.002595
0.001698
0.001554
0.001612
0.001222
0.001712
0.001741
0.001411
0.001751
0.002481
0.003581
0.001222
0.001791
0.000942
0.001800
0.002365
0.002145
0.001668
0.001837
0.001984
0.001833
0.002148
0.002361
0.001817
0.001377
0.001757
0.001774
0.001414
0.001315
0.002385
0.001757
0.001020
0.002736
0.001103
0.001167
0.001623
0.000968
0.001774
0.001617
0.001195
0.001327
0.001020
0.001202
0.001896
0.001090
0.000540
0.001699
0.002501
0.001063
0.002626
0.000670
0.001974
0.001285
0.000604
0.001815
0.001937
0.002132
0.002122
0.001052
0.002551
0.001507
0.001063
0.001118
0.002241
0.001102
0.001759
0.002242
0.002172
0.001818
0.001700
0.001949
0.003255
0.000739
0.001728
0.000716
0.001013
0.000505
0.001804
0.001665
0.001593
0.002806
0.001458
0.002278
0.001311
0.002051
0.002058
0.001107
0.001039
0.002004
0.001462
0.002208
0.002556
0.002093
0.002620
0.001491
0.001751
0.001695
0.001008
0.001875
0.001452
0.002203
0.000930
0.001712
0.002162
0.001200
0.001692
0.002068
0.001353
0.001882
0.001472
0.001558
0.000966
0.001467
0.001859
0.001378
0.001470
0.001550
0.001307
0.001285
0.001770
0.001552
0.000837
0.001577
0.001684
0.001793
0.001094
0.001780
0.001838
0.001485
