0.000800
0.001005
0.000867
0.000579
0.002499
0.000683
0.000803
0.000510
0.002866
0.000982
0.000507
0.001507
0.003744
0.001301
0.002316
0.000799
0.001776
0.002055
0.000540
0.001225
0.000488
0.003135
0.001091
0.000535
0.000716
0.001377
0.000665
0.001014
0.000896
0.002048
0.000503
0.001688
0.000535
0.000642
0.001152
0.001016
0.001106
0.000520
0.003615
0.000984
0.002745
0.001074
0.000555
0.000520
0.003263
0.001772
0.000576
0.001045
0.000759
0.000777
0.002460
0.001595
0.000533
0.001480
0.001743
0.000529
0.001474
0.000668
0.000535
0.002120
0.002019
0.001700
0.000551
0.000649
0.000506
0.001576
0.002091
0.001551
0.000509
0.001173
0.000652
0.001580
0.001072
0.001836
0.000660
0.000609
0.001107
0.000495
0.002126
0.002479
0.001587
0.000508
0.000537
0.000580
0.000736
0.000510
0.001000
0.000547
0.000556
0.003030
0.002077
0.003181
0.000833
0.000515
0.000973
0.001967
0.000540
0.000507
0.000565
0.000864
