0.000581
0.001597
0.000841
0.003150
0.001086
0.004510
0.000875
0.000542
0.003397
0.000572
0.000597
0.001856
0.000605
0.000531
0.000755
0.001610
0.000555
0.000507
0.001717
0.000573
0.000560
0.000534
0.000572
0.002185
0.000871
0.000566
0.002107
0.000544
0.001159
0.001239
0.002007
0.001255
0.000534
0.000867
0.000583
0.000576
0.000773
0.004469
0.001184
0.000505
0.000869
0.001587
0.000777
0.001921
0.000520
0.000540
0.000750
0.002499
0.000720
0.001536
0.000668
0.000977
0.001999
0.001172
0.005678
0.000560
0.000629
0.000536
0.017148
0.000588
0.001522
0.000869
0.005539
0.004567
0.001431
0.001734
0.010632
0.000563
0.002888
0.001254
0.000747
0.001415
0.004518
0.005028
0.002881
0.006440
0.001322
0.002208
0.001498
0.005029
0.001264
0.006113
0.001080
0.000596
0.002212
0.001415
0.007479
0.008060
0.001144
0.007663
0.003427
0.000727
0.000916
0.002267
0.005885
0.001420
0.003235
0.001964
0.000913
0.004845
0.007322
0.005473
0.003994
0.001540
0.001220
0.001841
0.001949
0.006731
0.003364
0.002788
0.003927
0.001765
0.000577
0.000841
0.001727
0.003675
0.000513
0.008355
0.000546
0.001410
0.002776
0.000544
0.001823
0.000766
0.003270
0.001302
0.008009
0.000875
0.000763
0.000856
0.000548
0.003750
0.000868
0.002124
0.002494
0.004398
0.005061
0.001441
0.000577
0.007710
0.001045
0.006755
0.001513
0.000637
0.000601
0.000661
0.001406
0.001331
0.003425
0.000554
0.000550
0.002242
0.000586
0.002166
0.000861
0.003398
0.000530
0.000814
0.000620
0.001153
0.005074
0.000543
0.006332
0.001076
0.000553
0.000973
0.000589
0.000586
0.001304
0.003136
0.001237
0.001080
0.001208
0.000725
0.001686
0.001105
0.005408
0.000887
0.001671
0.006870
0.001048
0.000639
0.001596
0.000546
0.000643
0.001837
0.001227
0.003249
0.001278
0.002134
0.000560
0.000563
0.004959
0.001608
0.001212
0.002702
0.001307
0.000569
0.001756
0.002137
0.000979
0.001824
0.001238
0.010659
0.000612
0.003858
0.003455
0.005652
0.004668
0.001389
0.000916
0.000578
0.001190
0.000883
0.001762
0.001724
0.000942
0.000899
0.000572
0.000552
0.000724
0.000920
0.001406
0.000890
0.003468
0.001768
0.004826
0.000558
0.003796
0.001246
0.001794
0.000519
0.000540
0.000808
0.001169
0.008838
0.000572
0.004976
0.001085
0.002307
0.000547
0.000600
0.003132
0.000693
0.000876
0.001990
0.000655
0.006034
0.001635
0.002536
0.000631
0.002404
0.002612
0.002092
0.001149
0.000573
0.000647
0.005867
0.000782
0.003739
0.001421
0.002366
0.000826
0.001565
0.000644
0.001124
0.002418
0.000779
0.001187
0.000765
0.005238
0.000558
0.004623
0.001144
0.003393
0.001152
0.002629
0.000682
0.003308
0.000537
0.001216
0.001765
0.000571
0.003071
0.001157
0.002103
0.000900
0.000837
0.000546
0.002270
0.000721
0.000559
0.008693
0.000764
0.000798
0.000532
0.006997
0.000630
0.000824
0.000595
0.000961
0.001132
0.001644
0.000543
0.000561
0.000556
0.001382
0.001287
0.000908
0.001017
0.002603
0.000879
0.000996
0.002746
0.000614
0.000537
0.000828
0.000569
0.000724
0.000565
0.001338
0.001553
0.000812
0.000692
0.001279
0.001082
0.000527
0.002124
0.003589
0.000615
0.000535
0.004788
0.001843
0.000949
0.001189
0.001967
0.000532
0.000532
0.000534
0.001760
0.000563
0.001229
0.000536
0.004445
0.000585
0.000673
0.000799
0.001741
0.000539
0.000664
0.002209
0.000915
0.001920
0.000727
0.001291
0.001315
0.000556
0.001149
0.001000
0.000943
0.001088
0.000847
0.002442
0.000804
0.001504
0.003329
0.002248
0.000978
0.000639
0.002240
0.001110
0.001277
0.000735
0.000564
0.000552
0.000609
0.001329
0.000601
0.000546
0.001644
0.000604
0.000649
0.001060
0.002013
0.000861
0.002320
0.000752
0.000619
0.008414
0.001028
0.001926
0.000623
0.000583
0.001313
0.002160
0.000545
0.000569
0.000568
0.001376
0.000921
0.001426
0.000586
0.001114
0.001507
0.000807
0.000552
0.003937
0.000873
0.000725
0.005564
0.000745
0.001496
0.001549
0.000830
0.001462
0.002736
0.000572
0.000617
0.001833
0.000554
0.003291
0.000561
0.000564
0.001654
0.001304
0.004758
0.000588
0.002147
0.002182
0.000704
0.000573
0.000537
0.006909
0.001928
0.001422
0.000534
0.002139
0.001896
0.000518
0.001474
0.000533
0.005336
0.003030
0.004183
0.000558
0.002266
0.000963
0.001376
0.001327
0.000584
0.002245
0.001339
0.002089
0.001113
0.001725
0.000556
0.000573
0.000916
0.001434
0.002524
0.002636
0.002975
0.000769
0.004232
0.000537
0.000544
0.002340
0.000841
0.003164
0.000566
0.000537
0.003469
0.000892
0.004301
0.002728
0.001128
0.000684
0.003263
0.000537
0.008986
0.000550
0.000615
0.006927
0.000643
0.001101
0.001734
0.000549
0.000551
0.000933
0.000901
0.002406
0.000562
0.001239
0.004126
0.002811
0.001141
0.004246
0.004857
0.000961
0.001280
0.003891
0.000578
0.000541
0.001400
0.000720
0.000775
0.001207
0.001213
0.005127
0.001650
0.000569
0.002698
0.000995
0.000531
0.000685
0.001487
0.000591
0.001640
0.000629
0.006002
0.000530
0.003199
0.000575
0.001224
0.002047
0.001418
0.000708
0.000725
0.001016
0.000561
0.000533
0.000554
0.003077
0.000626
0.000530
0.004837
0.006232
0.000596
0.006567
0.002925
0.003316
0.000547
0.000557
0.000553
0.001851
0.001314
0.001930
0.001237
0.000575
0.000587
0.001842
0.000762
0.000539
0.000545
0.000570
0.000587
0.000764
0.000568
0.000574
0.000560
0.000653
0.002190
0.003760
0.000602
0.003087
0.000878
0.001419
0.001180
0.002210
0.000535
0.000568
0.001145
0.001410
0.000591
0.001334
0.001466
0.003699
0.000548
0.000652
0.001651
0.001630
0.001804
0.001614
0.001253
0.007223
0.000536
0.001806
0.001328
0.001773
0.001167
0.001828
0.001204
0.001513
0.005997
0.000600
0.003115
0.001542
0.010656
0.000526
0.000605
0.000568
0.000547
0.002224
0.001159
0.002691
0.001590
0.000541
0.001265
0.002962
0.000554
0.000533
0.001297
0.002115
0.000624
0.005088
0.001057
0.000596
0.005874
0.000929
0.000527
0.000545
0.001399
0.002248
0.001248
0.001248
0.000718
0.000647
0.002521
0.000566
0.000570
0.001642
0.006552
0.000524
0.000607
0.001052
0.003849
0.001527
0.000559
0.000879
0.001856
0.002634
0.002903
0.001153
0.005063
0.000927
0.000600
0.000594
0.000965
0.001811
0.001520
0.001331
0.002031
0.001178
0.001194
0.001512
0.000894
0.000566
0.006721
0.000867
0.002523
0.000905
0.000544
0.002831
0.000551
0.000589
0.000621
0.000767
0.004042
0.001241
0.002995
0.001929
0.003328
0.000765
0.001244
0.001321
0.001135
0.000981
0.002604
0.000553
0.001156
0.001832
0.002420
0.000752
0.000740
0.000959
0.001820
0.001466
0.000771
0.001364
0.001657
0.000593
0.000558
0.001406
0.000543
0.001213
0.000539
0.001841
0.000582
0.001793
0.002293
0.000552
0.000539
0.001163
0.001725
0.002006
0.001126
0.001735
0.000545
0.000505
0.002581
0.000758
0.000981
0.010077
0.001141
0.000565
0.002305
0.001039
0.001387
0.002394
0.000553
0.002014
0.003315
0.000582
0.001204
0.003027
0.001458
0.000933
0.000526
0.001766
0.001479
0.000728
0.000793
0.000561
0.002885
0.001501
0.000761
0.000776
0.001096
0.001676
0.001343
0.003044
0.000556
0.000545
0.001035
0.000811
0.002996
0.000579
0.001202
0.000547
0.002208
0.000939
0.002925
0.000635
0.000576
0.004452
0.000954
0.001654
0.003184
0.001511
0.000813
0.000652
0.007358
0.000966
0.000629
0.002608
0.000584
0.007846
0.000553
0.001140
0.000543
0.006002
0.000753
0.003139
0.000873
0.002177
0.000540
0.001267
0.001431
0.000536
0.000890
0.000583
0.000576
0.003874
0.000558
0.000979
0.000517
0.001322
0.001358
0.001300
0.003159
0.000999
0.002969
0.000566
0.000563
0.001587
0.000654
0.001086
0.001054
0.001771
0.000590
0.002604
0.001384
0.001776
0.000955
0.001050
0.000917
0.000693
0.001223
0.003954
0.000528
0.001196
0.000542
0.003681
0.000549
0.004864
0.005715
0.002312
0.000556
0.000925
0.000689
0.002356
0.001134
0.000567
0.001199
0.002121
0.001443
0.001759
0.001317
0.002008
0.000940
0.000573
0.001240
0.001866
0.000576
0.007477
0.001127
0.000791
0.001258
0.000616
0.001251
0.008090
0.000809
0.000550
0.000944
0.004531
0.000557
0.000545
0.001026
0.002874
0.002009
0.000980
0.000687
0.000570
0.000590
0.004237
0.000556
0.006612
0.000777
0.005607
0.000813
0.001794
0.000558
0.000947
0.001161
0.006377
0.001987
0.000653
0.003845
0.000568
0.000587
0.000914
0.001606
0.001508
0.000954
0.005495
0.000837
0.000580
0.001351
0.001314
0.000551
0.008412
0.001273
0.000535
0.000641
0.003359
0.001076
0.001492
0.009312
0.001120
0.001815
0.000539
0.001116
0.000560
0.000897
0.001059
0.002149
0.001109
0.000568
0.001874
0.002288
0.001068
0.002868
0.000582
0.000585
0.002455
0.002247
0.001058
0.001179
0.000527
0.000602
0.001881
0.000530
0.000784
0.001072
0.000840
0.001970
0.001825
0.002441
0.001248
0.005631
0.001107
0.008157
0.000877
0.000872
0.000822
0.000862
0.004344
0.001189
0.000736
0.002663
0.008858
0.001502
0.001025
0.001611
0.002120
0.001690
0.001387
0.001826
0.008476
0.001559
0.002699
0.001425
0.002363
0.000535
0.000618
0.001979
0.001401
0.004684
0.000967
0.000575
0.000777
0.000549
0.000584
0.002561
0.000571
0.000610
0.001354
0.001626
0.000576
0.003871
0.000615
0.002234
0.001931
0.001949
0.001358
0.001441
0.002385
0.001817
0.003048
0.000819
0.000983
0.001093
0.003748
0.000929
0.000538
0.001177
0.006041
0.001713
0.002572
0.001989
0.001239
0.006842
0.001891
0.002107
0.000962
0.006800
0.003049
0.001173
0.008433
0.002102
0.000717
0.003137
0.001446
0.013450
0.000613
0.001579
0.001036
0.002197
0.001025
0.001223
