0.010044
0.010827
0.010410
0.008922
0.011346
0.007485
0.009377
0.009088
0.011257
0.010628
0.009667
0.009553
0.009532
0.007640
0.010632
0.011922
0.010996
0.011634
0.011261
0.008279
0.010126
0.008200
0.010137
0.009883
0.008348
0.005683
0.005906
0.009141
0.011336
0.009868
0.010817
0.011078
0.010015
0.009847
0.010620
0.008517
0.010205
0.009901
0.009521
0.008058
0.008524
0.011435
0.009463
0.005948
0.011299
0.012374
0.010682
0.009901
0.009993
0.005891
0.009231
0.005566
0.008577
0.009631
0.009570
0.010257
0.010301
0.010979
0.010144
0.009722
0.006218
0.010975
0.009316
0.006040
0.009033
0.010062
0.008365
0.011045
0.010091
0.010232
0.014006
0.009376
0.005782
0.010113
0.010576
0.011179
0.009723
0.009528
0.010322
0.010462
0.008721
0.010067
0.010680
0.008169
0.008621
0.009826
0.010995
0.011574
0.009341
0.007759
0.010393
0.008057
0.006196
0.011167
0.009499
0.009889
0.008192
0.008326
0.009816
0.010329
0.009284
0.011117
0.012274
0.010535
0.010572
0.009740
0.007828
0.009283
0.011561
0.015334
0.010047
0.007681
0.010330
0.010684
0.010048
0.007928
0.011077
0.010115
0.010183
0.008837
0.007685
0.009903
0.013765
0.012017
0.009655
0.010715
0.011144
0.011246
0.007533
0.007714
0.008957
0.010091
0.005703
0.005640
0.009685
0.009528
0.009754
0.009513
0.006028
0.009092
0.010337
0.009707
0.010462
0.009006
0.010409
0.010439
0.005603
0.009935
0.008541
0.005622
0.007887
0.011363
0.006176
0.005962
0.009698
0.008544
0.006133
0.007929
0.009617
0.006063
0.009917
0.005593
0.010202
0.010985
0.005974
0.010030
0.010954
0.009144
0.010772
0.008885
0.005438
0.009207
0.008978
0.006135
0.006846
0.006312
0.009295
0.005609
0.010518
0.011359
0.009966
0.010732
0.008058
0.007971
0.006105
0.011430
0.011149
0.010158
0.009380
0.011471
0.006103
0.009760
0.010331
0.009627
0.008917
0.011116
0.009637
0.009436
0.008360
0.010162
0.010582
0.005842
0.005761
0.005527
0.007744
0.011016
0.010600
0.009184
0.011228
0.010197
0.010465
0.011606
0.008433
0.008553
0.005682
0.010067
0.010298
0.009972
0.010409
0.010727
0.009225
0.005681
0.009595
0.005772
0.009860
0.010793
0.011045
0.005660
0.007597
0.007221
0.010017
0.010752
0.005610
0.007414
0.010977
0.006127
0.010177
0.009732
0.007672
0.010986
0.010157
0.009011
0.008751
0.007529
0.011329
0.008850
0.010168
0.009567
0.008874
0.009921
0.010417
0.009216
0.009002
0.007481
0.005642
0.005446
0.010445
0.009998
0.009571
0.010909
0.010863
0.010131
0.010870
0.010004
0.005933
0.008211
0.011046
0.005814
0.005553
0.007506
0.011079
0.010713
0.005826
0.011521
0.005680
0.009734
0.011553
0.007933
0.010406
0.009894
0.008926
0.008132
0.007891
0.010167
0.009021
0.008627
0.010173
0.010216
0.011121
0.008656
0.008115
0.005834
0.011026
0.008922
0.007295
0.009982
0.007434
0.010424
0.009931
0.010932
0.006811
0.007635
0.010768
0.008012
0.011260
0.010272
0.006006
0.009330
0.011433
0.008529
0.009858
0.010371
0.006541
0.016311
0.010883
0.010681
0.014904
0.011176
0.010569
0.006138
0.010149
0.007884
0.010439
0.009953
0.006058
0.006796
0.009876
0.009940
0.010372
0.007967
0.005813
0.010149
0.011066
0.009431
0.010814
0.010726
0.008522
0.009505
0.010089
0.005695
0.011042
0.006079
0.010384
0.009818
0.010731
0.010967
0.009690
0.011897
0.007441
0.011493
0.009935
0.010135
0.010871
0.010510
0.011112
0.005941
0.010740
0.005789
0.010471
0.009081
0.011012
0.007237
0.010171
0.010656
0.010593
0.010446
0.011665
0.011022
0.010241
0.010534
0.009896
0.010685
0.010540
0.010304
0.011826
0.005771
0.011043
0.010276
0.009806
0.009512
0.005735
0.008042
0.010002
0.009690
0.011121
0.009539
0.011110
0.008137
0.006445
0.009421
0.005736
0.009565
0.011192
0.010532
0.011460
0.010076
0.005808
0.010993
0.006059
0.010186
0.009099
0.010095
0.009939
0.010887
0.009440
0.009644
0.011559
0.011303
0.005714
0.010809
0.009730
0.008437
0.010290
0.010115
0.007568
0.010129
0.011126
0.009296
0.010881
0.011517
0.010240
0.009806
0.009687
0.008808
0.010704
0.005770
0.011101
0.009752
0.009815
0.009970
0.010599
0.008700
0.005836
0.010441
0.011603
0.010967
0.010710
0.006125
0.005776
0.010043
0.010125
0.005592
0.010812
0.005942
0.009507
0.010299
0.011193
0.006423
0.009013
0.005680
0.007493
0.005862
0.009317
0.010696
0.010246
0.011509
0.007930
0.011029
0.010291
0.009401
0.009131
0.005941
0.010435
0.009651
0.009408
0.010076
0.009573
0.010749
0.011210
0.010130
0.005950
0.009422
0.010572
0.009349
0.005911
0.006252
0.010842
0.008066
0.010583
0.013074
0.010036
0.009847
0.005683
0.010221
0.011583
0.011057
0.011340
0.011120
0.010688
0.008132
0.009453
0.007918
0.011517
0.008332
0.011047
0.007891
0.010433
0.009135
0.009966
0.009243
0.011045
0.005477
0.011008
0.009816
0.008244
0.005684
0.011549
0.009755
0.010135
0.008633
0.011225
0.011062
0.005974
0.012261
0.008149
0.010389
0.005977
0.010570
0.006323
0.005591
0.010155
0.010833
0.009786
0.011083
0.011646
0.009895
0.009529
0.010720
0.008122
0.010581
0.011115
0.011449
0.005768
0.007997
0.008059
0.010027
0.005988
0.007504
0.005898
0.010351
0.010951
0.011105
0.011777
0.008610
0.007724
0.005860
0.005745
0.009605
0.010256
0.011008
0.008156
0.010479
0.010763
0.007794
0.011743
0.008103
0.011672
0.008405
0.010386
0.010184
0.010454
0.010110
0.010546
0.010862
0.010166
0.010113
0.010508
0.010845
0.009371
0.010174
0.007981
0.010260
0.009702
0.006206
0.007436
0.010888
0.005854
0.008329
0.010166
0.008792
0.009274
0.011421
0.010732
0.009073
0.006002
0.008364
0.010693
0.008379
0.008356
0.005685
0.008646
0.006612
0.009282
0.010358
0.010174
0.008190
0.010543
0.005650
0.010679
0.009598
0.005911
0.005917
0.009458
0.010294
0.005693
0.010817
0.005717
0.010088
0.009785
0.011013
0.011295
0.008993
0.010503
0.010257
0.011322
0.009590
0.011317
0.009570
0.010770
0.007922
0.008666
0.010943
0.008776
0.009901
0.006746
0.006304
0.008212
0.009105
0.010037
0.009924
0.015071
0.008205
0.011061
0.013247
0.010527
0.010487
0.008905
0.009662
0.010784
0.012169
0.010647
0.006188
0.011091
0.009414
0.010172
0.008432
0.011054
0.009623
0.005666
0.010084
0.008318
0.010812
0.005762
0.007515
0.010157
0.010740
0.009616
0.011289
0.010512
0.009739
0.009215
0.010302
0.010699
0.010282
0.010032
0.011041
0.010846
0.011567
0.010798
0.010378
0.005734
0.008361
0.011466
0.005747
0.010312
0.011219
0.009975
0.010667
0.011037
0.009679
0.008560
0.010985
0.010202
0.009253
0.005857
0.011041
0.011383
0.009597
0.010365
0.005832
0.010513
0.010940
0.009661
0.005779
0.010336
0.010440
0.010655
0.011223
0.007765
0.010714
0.008063
0.010162
0.009996
0.010196
0.005604
0.011107
0.006182
0.010738
0.010064
0.011015
0.011635
0.007891
0.010517
0.009414
0.011377
0.009673
0.011030
0.009015
0.011544
0.008044
0.009152
0.011456
0.010409
0.011206
0.006060
0.010945
0.007342
0.005889
0.010510
0.010982
0.010046
0.008300
0.010161
0.010468
0.012051
0.008880
0.009407
0.009811
0.007954
0.011048
0.010366
0.005696
0.010303
0.010253
0.010300
0.005703
0.005614
0.009924
0.010517
0.005776
0.010695
0.008543
0.010492
0.010742
0.011214
0.011301
0.011500
0.005660
0.010389
0.011516
0.011130
0.005686
0.007880
0.010844
0.011458
0.008202
0.007961
0.008135
0.010296
0.011139
0.009934
0.007057
0.008621
0.010318
0.010999
0.010300
0.010450
0.009436
0.008259
0.010813
0.010594
0.006409
0.008440
0.010849
0.011134
0.009520
0.009603
0.009910
0.010105
0.007089
0.010153
0.009775
0.005613
0.009509
0.008060
0.010976
0.010046
0.008673
0.006260
0.008461
0.006167
0.005544
0.005580
0.009532
0.011301
0.010500
0.009434
0.009431
0.010595
0.005799
0.009881
0.009809
0.011504
0.010003
0.010163
0.010154
0.009514
0.005864
0.011564
0.010765
0.006118
0.008334
0.005881
0.010234
0.011132
0.005515
0.011041
0.011932
0.005627
0.008588
0.008709
0.009829
0.005777
0.008309
0.009154
0.010727
0.010631
0.009155
0.005521
0.010163
0.006084
0.009019
0.009987
0.005783
0.009229
0.007171
0.010789
0.009440
0.011035
0.005634
0.009676
0.008730
0.006376
0.006862
0.009539
0.010498
0.009764
0.010345
0.009553
0.010349
0.009835
0.011279
0.009479
0.011151
0.010715
0.010069
0.010523
0.011288
0.008191
0.005758
0.010843
0.010607
0.009404
0.006040
0.011474
0.005827
0.011285
0.010243
0.010155
0.006191
0.009095
0.005877
0.005709
0.010276
0.009724
0.006074
0.011494
0.010565
0.009593
0.010920
0.005949
0.007979
0.010300
0.008428
0.010488
0.009720
0.008199
0.005826
0.010431
0.006862
0.010378
0.010507
0.008222
0.008262
0.008991
0.010027
0.010368
0.010235
0.006486
0.008203
0.009609
0.011165
0.011165
0.010455
0.011405
0.011008
0.009759
0.011159
0.009424
0.008902
0.009067
0.010880
0.009610
0.008283
0.006177
0.005250
0.011572
0.011049
0.009767
0.011223
0.006972
0.011097
0.010210
0.005590
0.011062
0.011648
0.006580
0.010040
0.011255
0.015222
0.011067
0.011157
0.006137
0.010641
0.010278
0.008232
0.010874
0.010605
0.009708
0.010620
0.009058
0.011267
0.006023
0.010143
0.009798
0.008299
0.010904
0.011365
0.010997
0.011434
0.010559
0.007729
0.010658
0.009461
0.009785
0.011046
0.010102
0.010301
0.005639
0.008166
0.005834
0.006197
0.010366
0.009856
0.008151
0.010664
0.005663
0.010327
0.010784
0.010450
0.010402
0.011511
0.008764
0.011020
0.006267
0.009558
0.011478
0.008640
0.011163
0.010477
0.011252
0.009658
0.008788
0.009206
0.008217
0.006001
0.009453
0.009162
0.005704
0.009855
