0.012953
0.017659
0.016794
0.014651
0.014268
0.016144
0.016550
0.017188
0.015687
0.018169
0.018359
0.017939
0.016579
0.016960
0.017444
0.018975
0.017203
0.013332
0.018875
0.010096
0.014605
0.015872
0.017092
0.015274
0.019384
0.019569
0.019337
0.016724
0.014787
0.017095
0.015068
0.014589
0.016929
0.015513
0.015132
0.017045
0.011888
0.018402
0.020823
0.016436
0.019699
0.016102
0.017420
0.018140
0.010731
0.018127
0.011634
0.015320
0.017069
0.016522
0.021211
0.015223
0.018697
0.018216
0.016656
0.018497
0.016882
0.018344
0.015948
0.011116
0.016216
0.018822
0.018066
0.019834
0.016809
0.019497
0.016429
0.016815
0.019793
0.017642
0.018642
0.017139
0.015222
0.017288
0.019698
0.014428
0.017041
0.018111
0.013877
0.018008
0.015602
0.017759
0.016150
0.018556
0.015774
0.015243
0.016242
0.018629
0.016182
0.017065
0.015832
0.016800
0.016226
0.016486
0.018751
0.017614
0.013761
0.015210
0.014676
0.018278
0.016974
0.016797
0.014223
0.018544
0.016275
0.015954
0.019391
0.010959
0.015206
0.018112
0.016212
0.016477
0.016742
0.018323
0.016457
0.016977
0.016999
0.017307
0.019007
0.011590
0.018632
0.015794
0.010375
0.016886
0.019670
0.016280
0.018254
0.019353
0.017682
0.017504
0.015392
0.013416
0.015171
0.018409
0.018458
0.017538
0.018091
0.015188
0.017573
0.016431
0.019346
0.017366
0.018219
0.016499
0.018577
0.018047
0.015426
0.013262
0.016147
0.012764
0.018645
0.015047
0.020020
0.017394
0.017458
0.015692
0.013686
0.015460
0.015046
0.013919
0.015509
0.017269
0.016209
0.019263
0.013914
0.016799
0.017260
0.010628
0.018240
0.016573
0.020326
0.017926
0.016005
0.015944
0.017751
0.016814
0.016297
0.016637
0.017652
0.019383
0.017055
0.017396
0.012635
0.016184
0.015713
0.016712
0.014502
0.016687
0.020399
0.018596
0.013615
0.016508
0.016935
0.016182
0.015619
0.018333
0.011174
0.019060
0.017596
0.023025
0.013135
0.014695
0.016030
0.017586
0.016645
0.017026
0.018266
0.016276
0.015879
0.014368
0.017195
0.020137
0.016885
0.015787
0.012624
0.017213
0.020970
0.018728
0.016759
0.018053
0.018337
0.011055
0.018320
0.017510
0.016053
0.018496
0.015676
0.016252
0.014885
0.016276
0.011020
0.018218
0.018643
0.016144
0.016237
0.018495
0.010967
0.016111
0.017230
0.016560
0.017782
0.016397
0.019957
0.015466
0.015834
0.018964
0.016971
0.016912
0.014631
0.014974
0.012117
0.015066
0.016825
0.019717
0.018992
0.018370
0.016275
0.016594
0.015375
0.018499
0.017835
0.011382
0.012052
0.014768
0.021594
0.014245
0.016019
0.018014
0.014489
0.017983
0.018906
0.016683
0.017953
0.015371
0.017618
0.013350
0.018477
0.017272
0.010777
0.015462
0.015124
0.016986
0.017108
0.017714
0.012685
0.010670
0.015088
0.020042
0.017442
0.018604
0.017187
0.017874
0.016143
0.018068
0.011925
0.018221
0.016348
0.017069
0.017429
0.015495
0.016155
0.017375
0.012988
0.018778
0.017511
0.015624
0.019655
0.015099
0.018752
0.010212
0.019642
0.017848
0.018462
0.020334
0.014231
0.013902
0.014848
0.016346
0.017387
0.011770
0.015577
0.019603
0.018147
0.017504
0.017173
0.019575
0.017826
0.018974
0.020274
0.018349
0.016672
0.016514
0.016100
0.014750
0.019364
0.017717
0.016343
0.016344
0.017586
0.016975
0.016705
0.016726
0.015864
0.015100
0.016878
0.015122
0.014346
0.017124
0.017016
0.012367
0.012035
0.016027
0.013553
0.016959
0.016395
0.018497
0.018278
0.016432
0.018845
0.016153
0.019264
0.016058
0.017338
0.017579
0.012043
0.018053
0.018147
0.013529
0.015068
0.018709
0.014792
0.017470
0.016432
0.017728
0.015798
0.020536
0.016736
0.015157
0.020707
0.017182
0.018532
0.020311
0.015609
0.017045
0.016731
0.017237
0.014117
0.018521
0.015505
0.017485
0.015458
0.018916
0.016139
0.017321
0.020060
0.015842
0.016612
0.018150
0.017943
0.015452
0.015113
0.015061
0.015013
0.018533
0.013730
0.014436
0.014438
0.019800
0.018958
0.016205
0.015872
0.016700
0.019019
0.016301
0.015804
0.017549
0.010604
0.018403
0.016048
0.014027
0.018051
0.017315
0.018241
0.017611
0.017778
0.016016
0.017676
0.016949
0.016705
0.011354
0.013014
0.016009
0.016472
0.015627
0.010914
0.017654
0.013292
0.017783
0.013510
0.015901
0.018349
0.016550
0.017599
0.011484
0.014394
0.015586
0.010121
0.016165
0.018388
0.013250
0.015916
0.015716
0.017223
0.019485
0.016571
0.019912
0.016785
0.016282
0.017225
0.010564
0.010268
0.017388
0.015569
0.015377
0.015680
0.016682
0.016154
0.018141
0.014506
0.017080
0.017773
0.013471
0.014433
0.019122
0.017738
0.012898
0.018899
0.017893
0.018453
0.015750
0.016918
0.018252
0.020014
0.013163
0.014858
0.017998
0.018918
0.016541
0.020206
0.014934
0.017172
0.019202
0.015570
0.018300
0.016222
0.015356
0.019102
0.017892
0.018135
0.016597
0.016487
0.017886
0.015000
0.017407
0.015855
0.017214
0.017468
0.016743
0.016358
0.011138
0.016715
0.012939
0.015858
0.016219
0.015433
0.015771
0.018078
0.015449
0.019130
0.020536
0.020000
0.016294
0.012629
0.015182
0.010803
0.021248
0.016591
0.021097
0.015839
0.015094
0.015364
0.016010
0.017652
0.014271
0.017254
0.014518
0.019952
0.015745
0.014516
0.018200
0.014768
0.017742
0.015506
0.016001
0.019015
0.019273
0.019084
0.015907
0.015122
0.016426
0.019412
0.016407
0.014602
0.014163
0.010769
0.007567
0.014524
0.017812
0.013036
0.014486
0.013999
0.011799
0.015575
0.015635
0.015786
0.020282
0.015268
0.015885
0.017846
0.013838
0.017468
0.017626
0.015179
0.011192
0.011208
0.015629
0.014979
0.018280
0.021807
0.017728
0.016991
0.018086
0.015569
0.015928
0.018116
0.017368
0.016413
0.016088
0.015684
0.015725
0.011458
0.008947
0.017904
0.017796
0.017465
0.018020
0.017097
0.018664
0.017973
0.019188
0.017973
0.015854
0.016344
0.017003
0.017293
0.018252
0.017911
0.015956
0.017213
0.018184
0.018929
0.016142
0.018173
0.016035
0.014561
0.010913
0.019256
0.020525
0.011504
0.013479
0.017651
0.019212
0.017538
0.010931
0.018481
0.017667
0.018422
0.016951
0.017704
0.014514
0.015199
0.018138
0.010784
0.016993
0.017132
0.012277
0.017808
0.015727
0.015628
0.015333
0.017352
0.019920
0.019084
0.015157
0.016512
0.016951
0.018772
0.017330
0.020991
0.017138
0.017770
0.010809
0.018039
0.018637
0.016924
0.014687
0.016497
0.021458
0.018489
0.017523
0.016066
0.015931
0.014016
0.017771
0.019782
0.019680
0.016535
0.017187
0.019062
0.015368
0.016608
0.018602
0.016072
0.017581
0.018100
0.016558
0.017213
0.019897
0.019012
0.016826
0.016936
0.017272
0.011210
0.016377
0.015380
0.017271
0.016515
0.017290
0.015520
0.018875
0.017157
0.017079
0.015218
0.015171
0.012374
0.017823
0.015434
0.015043
0.014927
0.016267
0.014578
0.016142
0.021725
0.020949
0.019014
0.016705
0.015542
0.021493
0.021261
0.013968
0.016357
0.020171
0.019362
0.019270
0.019020
0.017953
0.014689
0.016616
0.017283
0.017693
0.014538
0.013936
0.019188
0.017990
0.018224
0.017720
0.017354
0.017155
0.019142
0.016969
0.017752
0.018400
0.016314
0.017316
0.017874
0.014838
0.019921
0.016509
0.014708
0.016341
0.018858
0.015473
0.016213
0.017844
0.015759
0.016811
0.016377
0.017398
0.019154
0.018773
0.021773
0.017284
0.019216
0.016792
0.018380
0.014549
0.020973
0.011973
0.016918
0.015523
0.016612
0.016255
0.018517
0.018861
0.016138
0.016868
0.014550
0.017006
0.018032
0.017264
0.018858
0.015915
0.020615
0.016606
0.018536
0.017103
0.016534
0.016743
0.018242
0.014635
0.019077
0.015760
0.013996
0.016409
0.015518
0.021663
0.017706
0.016095
0.018044
0.013889
0.018110
0.017651
0.015058
0.014367
0.018184
0.019007
0.017663
0.015429
0.019526
0.016756
0.017925
0.012098
0.016252
0.016575
0.014140
0.020522
0.015022
0.017949
0.017190
0.019804
0.014573
0.011081
0.018749
0.014704
0.017988
0.017102
0.017415
0.016948
0.014912
0.018346
0.016984
0.019346
0.016037
0.019524
0.016520
0.016553
0.019538
0.013019
0.017164
0.014701
0.015549
0.014911
0.019567
0.017613
0.017589
0.015085
0.012148
0.013590
0.017121
0.015313
0.017907
0.016311
0.016338
0.016381
0.010214
0.016333
0.014710
0.016122
0.016718
0.018271
0.015466
0.011290
0.014571
0.015537
0.014743
0.018942
0.018038
0.015951
0.014782
0.016101
0.018881
0.015146
0.017738
0.015702
0.016243
0.016730
0.016205
0.018545
0.017867
0.016921
0.017887
0.016262
0.015096
0.014223
0.019917
0.014762
0.015091
0.016348
0.017776
0.016310
0.011747
0.013475
0.017370
0.014173
0.018012
0.017499
0.018748
0.017559
0.018303
0.015092
0.015487
0.017790
0.016599
0.015438
0.017115
0.015968
0.015779
0.015796
0.016383
0.013902
0.013681
0.015212
0.018293
0.011294
0.014480
0.018384
0.017581
0.020308
0.015439
0.016075
0.016934
0.011169
0.018389
0.016690
0.018485
0.017603
0.010354
0.014895
0.013720
0.013797
0.015575
0.018274
0.020453
0.013338
0.022511
0.016120
0.018379
0.019093
0.021529
0.018431
0.017793
0.022743
0.019237
0.010612
0.014549
0.017168
0.015164
0.017472
0.017837
0.016852
0.015834
0.016829
0.018423
0.017024
0.017827
0.017084
0.017323
0.022919
0.015184
0.015238
0.020046
0.013510
0.017691
0.015125
0.017889
0.011104
0.010616
0.018372
0.018464
0.015599
0.013948
0.019049
0.015653
0.016708
0.018694
0.016762
0.014348
0.015670
0.018059
0.019518
0.016086
0.017160
0.020115
0.016005
0.018820
0.020782
0.018048
0.017617
0.017101
0.020542
0.017450
0.013315
0.015228
0.017263
0.015249
0.011796
0.016830
0.018465
0.017009
0.010525
0.020443
0.010978
0.018328
0.015334
0.017419
0.015453
0.017606
0.018641
0.016934
0.015115
