0.008160
0.007706
0.008221
0.008993
0.007944
0.007734
0.007906
0.008065
0.009234
0.006794
0.007808
0.008161
0.008227
0.007860
0.007709
0.008671
0.007927
0.008494
0.009336
0.007458
0.008548
0.009024
0.008580
0.008088
0.008639
0.008843
0.007793
0.008472
0.008296
0.007543
0.007921
0.008223
0.008225
0.007999
0.007815
0.007138
0.008096
0.009024
0.008617
0.007347
0.007237
0.008121
0.007905
0.008075
0.007645
0.008494
0.007768
0.007905
0.008918
0.008589
0.007617
0.008072
0.008100
0.006419
0.007711
0.007538
0.008586
0.008645
0.007973
0.008503
0.008133
0.007156
0.006920
0.008626
0.007488
0.008057
0.008432
0.008226
0.007580
0.008104
0.007832
0.009012
0.007923
0.008294
0.007735
0.007892
0.008890
0.008692
0.008372
0.008654
0.007201
0.008831
0.009761
0.010212
0.011346
0.010330
0.009658
0.010102
0.011107
0.009291
0.011242
0.010059
0.009669
0.009824
0.009454
0.010278
0.010891
0.010669
0.009428
0.016871
0.008524
0.011380
0.009980
0.009831
0.010151
0.011068
0.009415
0.010842
0.009764
0.009605
0.010112
0.009365
0.010334
0.010600
0.010621
0.010203
0.010845
0.011245
0.010066
0.009847
0.010179
0.010465
0.007765
0.010784
0.009630
0.008774
0.009600
0.009825
0.010270
0.010309
0.009961
0.009530
0.010003
0.010794
0.011026
0.010232
0.009706
0.009942
0.010080
0.008579
0.010534
0.011510
0.008971
0.010467
0.010525
0.011343
0.011102
0.010345
0.010416
0.010334
0.009566
0.010735
0.010927
0.007349
0.010874
0.010867
0.010030
0.009187
0.009247
0.010268
0.010117
0.010760
0.010509
0.010185
0.013169
0.011424
0.010644
0.009524
0.010850
0.010333
0.011534
0.010903
0.010902
0.009760
0.010318
0.010006
0.010246
0.010023
0.010032
0.010079
0.009828
0.010467
0.010954
0.009832
0.009624
0.010627
0.011222
0.010312
0.010584
0.010670
0.010324
0.009050
0.009890
0.010998
0.009283
0.009982
0.010787
0.010774
0.010415
0.010050
0.010852
0.010589
0.009454
0.009335
0.009236
0.009826
0.009438
0.011367
0.011249
0.008986
0.009101
0.011088
0.009939
0.010630
0.010216
0.008163
0.009584
0.011283
0.009434
0.010506
0.010808
0.010050
0.010653
0.010986
0.010455
0.010301
0.010297
0.009994
0.010459
0.010046
0.009988
0.012801
0.011871
0.010470
0.008870
0.010058
0.010921
0.010192
0.009475
0.009647
0.008225
0.010351
0.009736
0.010405
0.010043
0.010977
0.010871
0.009313
0.008732
0.007656
0.010533
0.010679
0.010874
0.009869
0.010743
0.009667
0.010523
0.010234
0.009746
0.010967
0.011174
0.007400
0.010063
0.008792
0.010936
0.009557
0.010044
0.009615
0.009002
0.010076
0.010550
0.008631
0.009835
0.010761
0.010410
0.010288
0.009811
0.010720
0.010961
0.010008
0.010798
0.010834
0.008486
0.010984
0.009934
0.010768
0.009516
0.010327
0.010073
0.010163
0.011155
0.008199
0.010188
0.009863
0.010815
0.010517
0.010658
0.008848
0.009551
0.010329
0.009444
0.010733
0.009694
0.010516
0.009792
0.010305
0.009483
0.009901
0.007592
0.011022
0.009262
0.010985
0.010514
0.010061
0.010227
0.009038
0.010849
0.010431
0.010773
0.011024
0.008991
0.010333
0.008459
0.011017
0.011281
0.009986
0.009903
0.010662
0.009799
0.009710
0.010522
0.010813
0.010109
0.010757
0.009745
0.010676
0.009901
0.010883
0.010541
0.009926
0.010816
0.010146
0.008741
0.009396
0.009232
0.010373
0.009209
0.011108
0.005851
0.011383
0.008790
0.009385
0.011130
0.009975
0.009833
0.010480
0.009750
0.011235
0.010003
0.009892
0.010508
0.008299
0.010082
0.011059
0.011406
0.009400
0.010469
0.010028
0.010918
0.008564
0.008776
0.009070
0.010274
0.009105
0.010103
0.010904
0.010816
0.010043
0.010716
0.010556
0.006012
0.009831
0.010811
0.010031
0.011254
0.008045
0.009722
0.010700
0.010285
0.008271
0.010060
0.010879
0.009989
0.010437
0.008703
0.011023
0.008300
0.011041
0.010055
0.010557
0.010514
0.011235
0.010854
0.011333
0.009512
0.010769
0.010582
0.008689
0.010382
0.010538
0.010078
0.009714
0.009840
0.011072
0.010429
0.011375
0.008149
0.010383
0.010273
0.010291
0.010160
0.009032
0.009988
0.010955
0.010495
0.010314
0.009054
0.010179
0.010258
0.009598
0.011050
0.010359
0.010331
0.009334
0.011243
0.010138
0.010688
0.009938
0.009983
0.009851
0.008916
0.009980
0.010049
0.009957
0.010032
0.011083
0.010639
0.011256
0.011199
0.010205
0.010811
0.011525
0.011004
0.009788
0.010623
0.007166
0.011368
0.009878
0.008412
0.011092
0.010729
0.010371
0.008662
0.010334
0.011662
0.010498
0.010903
0.011287
0.006001
0.008547
0.009468
0.010572
0.009284
0.011055
0.009896
0.008599
0.010238
0.010381
0.011093
0.011333
0.010621
0.009446
0.009921
0.010610
0.010463
0.010152
0.007875
0.010530
0.010783
0.011258
0.007722
0.010890
0.010903
0.011198
0.010721
0.010321
0.010015
0.009996
0.010477
0.010307
0.006076
0.011496
0.009763
0.010815
0.008422
0.009761
0.010194
0.009553
0.010447
0.011091
0.009723
0.011073
0.009825
0.010288
0.010056
0.011137
0.010547
0.010372
0.010588
0.010885
0.009831
0.009115
0.010550
0.010606
0.009906
0.009009
0.009345
0.010454
0.010045
0.010466
0.010721
0.010416
0.010592
0.010762
0.011479
0.011669
0.009173
0.009950
0.010484
0.009307
0.008989
0.009948
0.010948
0.010726
0.011123
0.011004
0.010979
0.009890
0.010965
0.010098
0.011441
0.010194
0.010302
0.009808
0.009977
0.011107
0.011149
0.009595
0.010867
0.008538
0.010539
0.011260
0.009119
0.010123
0.010660
0.010058
0.010001
0.010761
0.009537
0.010462
0.008849
0.009532
0.008821
0.009634
0.011785
0.010870
0.009924
0.009439
0.010197
0.009965
0.010108
0.010872
0.009958
0.010043
0.010771
0.010854
0.010266
0.010590
0.009714
0.009523
0.010554
0.011238
0.010977
0.010436
0.009543
0.010358
0.009452
0.010644
0.009564
0.009289
0.009739
0.011596
0.010106
0.009613
0.010874
0.007268
0.005481
0.010641
0.010975
0.014461
0.014246
0.012839
0.012834
0.013544
0.013421
0.010628
0.010728
0.010845
0.008021
0.010951
0.010345
0.009492
0.008347
0.009175
0.010708
0.010062
0.010624
0.010014
0.009879
0.009574
0.010830
0.010182
0.010832
0.009919
0.009920
0.008852
0.009670
0.009797
0.007844
0.011032
0.008995
0.009883
0.010393
0.008830
0.010295
0.010540
0.010312
0.010669
0.010654
0.010610
0.008893
0.008768
0.010902
0.011514
0.010704
0.010682
0.009771
0.009735
0.009767
0.009709
0.010713
0.010962
0.010157
0.010748
0.012535
0.008732
0.010208
0.009673
0.011168
0.010693
0.010141
0.010131
0.012935
0.010935
0.010408
0.009793
0.009629
0.009893
0.011237
0.010955
0.010250
0.010052
0.010736
0.009429
0.013071
0.010442
0.010860
0.009762
0.010089
0.009534
0.009116
0.009861
0.009786
0.005943
0.010652
0.011398
0.009903
0.009463
0.010999
0.010351
0.010109
0.008887
0.010915
0.010077
0.010704
0.010572
0.011069
0.005475
0.009953
0.010024
0.010071
0.008736
0.009275
0.010378
0.010067
0.010160
0.009087
0.008262
0.011442
0.009244
0.010166
0.010772
0.010732
0.010072
0.012000
0.011165
0.010477
0.008195
0.010176
0.009036
0.010657
0.010247
0.010470
0.010300
0.010460
0.010329
0.010653
0.010305
0.009647
0.010945
0.010629
0.010890
0.010475
0.009881
0.009713
0.010839
0.010785
0.010870
0.010652
0.009656
0.009549
0.009692
0.005611
0.010298
0.009274
0.009481
0.009818
0.010187
0.010502
0.009154
0.010590
0.009129
0.010848
0.010608
0.010158
0.009938
0.009369
0.009941
0.009352
0.010140
0.010660
0.008001
0.010752
0.008700
0.011084
0.009731
0.008395
0.010432
0.011783
0.010119
0.009710
0.010810
0.009579
0.011281
0.009630
0.011158
0.010070
0.009886
0.010642
0.008004
0.009729
0.010718
0.010085
0.011167
0.010263
0.009560
0.010158
0.010887
0.013576
0.012260
0.010333
0.010649
0.010463
0.010277
0.010289
0.011035
0.009882
0.010407
0.009318
0.010001
0.010303
0.009025
0.008963
0.010080
0.008859
0.010202
0.010465
0.009065
0.010972
0.010118
0.011050
0.010499
0.010868
0.010336
0.009903
0.010045
0.010091
0.009814
0.010549
0.010033
0.010967
0.010923
0.009880
0.011177
0.010082
0.009701
0.010925
0.005663
0.009557
0.010476
0.008545
0.009964
0.009625
0.010651
0.011307
0.010819
0.009950
0.009932
0.009485
0.010457
0.010800
0.010620
0.010284
0.006835
0.009132
0.010460
0.010170
0.010983
0.011084
0.010266
0.011104
0.010545
0.011182
0.010902
0.011545
0.009909
0.009651
0.009835
0.010141
0.010544
0.010861
0.009595
0.009658
0.010722
0.010196
0.010877
0.009832
0.009071
0.009484
0.010920
0.009465
0.009815
0.011162
0.010886
0.011176
0.009977
0.009889
0.010121
0.009086
0.009840
0.008919
0.010626
0.009708
0.010355
0.009267
0.009727
0.010172
0.010095
0.010414
0.010415
0.011067
0.005151
0.009223
0.010462
0.009950
0.009148
0.011017
0.010797
0.009329
0.010308
0.010867
0.011094
0.010146
0.009657
0.010592
0.009845
0.009414
0.009517
0.009861
0.010968
0.009734
0.009678
0.010752
0.009769
0.009843
0.011021
0.010540
0.010570
0.010542
0.009769
0.010143
0.010183
0.010037
0.007701
0.010616
0.010511
0.011812
0.010076
0.009459
0.010437
0.008543
0.009291
0.010259
0.010800
0.010112
0.009914
0.010064
0.009643
0.010192
0.010065
0.010528
0.011048
0.009589
0.009721
0.010582
0.010489
0.011789
0.008982
0.010133
0.011357
0.007743
0.010115
0.009848
0.009648
0.010651
0.010143
0.008851
0.009854
0.011521
0.011424
0.010409
0.011198
0.011062
0.010110
0.010307
0.008328
0.010791
0.011356
0.009571
0.010325
0.010010
0.010805
0.010393
0.010522
0.009640
0.009635
0.009883
0.010769
0.010584
0.009467
0.008868
0.009778
0.009748
0.010816
0.010909
0.010943
0.008910
0.011407
0.009865
0.009850
