0.019548
0.019337
0.018697
0.017821
0.016635
0.019975
0.018810
0.021283
0.017218
0.019121
0.018089
0.019966
0.019126
0.020450
0.018652
0.018664
0.019562
0.019010
0.018924
0.015743
0.019428
0.019103
0.016147
0.019770
0.019407
0.016972
0.018072
0.019076
0.017624
0.019424
0.019648
0.019150
0.018791
0.019308
0.019829
0.020432
0.018628
0.017350
0.018898
0.020553
0.020697
0.015954
0.014753
0.017559
0.019962
0.018937
0.019916
0.018912
0.018421
0.019539
0.017332
0.016731
0.020495
0.017885
0.017135
0.018603
0.016948
0.019240
0.018389
0.017115
0.018315
0.018602
0.018374
0.019307
0.017431
0.021112
0.018645
0.018251
0.018899
0.020747
0.017991
0.018651
0.018576
0.018797
0.020091
0.019424
0.018601
0.018676
0.018212
0.020521
0.017686
0.018238
0.019809
0.018929
0.016276
0.018404
0.018444
0.019561
0.020949
0.018956
0.017708
0.019110
0.018733
0.016598
0.017345
0.017993
0.018717
0.019291
0.020010
0.017534
0.019419
0.018011
0.018768
0.020134
0.019198
0.017221
0.018366
0.017661
0.017433
0.018847
0.018047
0.019357
0.019191
0.017553
0.019167
0.018377
0.019088
0.018264
0.018236
0.020071
0.019544
0.019068
0.016974
0.016087
0.018081
0.018981
0.016770
0.015438
0.019920
0.016035
0.018322
0.019163
0.017298
0.017620
0.019283
0.018884
0.017795
0.018997
0.017814
0.018150
0.017200
0.018226
0.018652
0.019180
0.015753
0.017110
0.017011
0.018943
0.018674
0.019334
0.018374
0.018445
0.016311
0.015200
0.019882
0.019832
0.019028
0.019948
0.018189
0.019452
0.017676
0.018817
0.016926
0.018703
0.019558
0.016593
0.019073
0.019035
0.018135
0.018194
0.018570
0.016217
0.018037
0.016815
0.018349
0.020055
0.017477
0.017738
0.017216
0.018117
0.012757
0.016261
0.019441
0.017645
0.019167
0.016934
0.018132
0.019939
0.018589
0.019285
0.017804
0.020126
0.019023
0.018166
0.016978
0.018007
0.018330
0.018506
0.017807
0.015828
0.019365
0.017707
0.019090
0.019420
0.020318
0.017898
0.017332
0.019797
0.019026
0.019758
0.019391
0.017793
0.017744
0.018707
0.021978
0.019791
0.017608
0.019540
0.018339
0.018528
0.018686
0.018873
0.017841
0.017781
0.017027
0.017755
0.019297
0.019349
0.015880
0.018885
0.019232
0.019756
0.018039
0.018992
0.019383
0.019771
0.015004
0.017067
0.018604
0.018319
0.018506
0.018696
0.017619
0.017044
0.016145
0.019566
0.018517
0.019471
0.020438
0.020707
0.020306
0.018634
0.019818
0.020035
0.019521
0.015855
0.018782
0.018548
0.019689
0.019345
0.018973
0.016681
0.019092
0.020279
0.020473
0.020113
0.016087
0.016709
0.017507
0.018364
0.018736
0.018867
0.018127
0.019792
0.019408
0.018437
0.018426
0.018407
0.019007
0.017918
0.015638
0.017031
0.018639
0.016813
0.018167
0.019625
0.019114
0.017408
0.020796
0.018797
0.017219
0.017418
0.018157
0.017354
0.019112
0.017929
0.018266
0.018473
0.016829
0.020068
0.020142
0.019073
0.019021
0.020344
0.016175
0.017466
0.020590
0.016905
0.016180
0.018486
0.018675
0.019309
0.019893
0.019650
0.019391
0.019672
0.018926
0.017812
0.017481
0.017879
0.019592
0.019131
0.017155
0.017673
0.017903
0.020410
0.018933
0.019415
0.015390
0.017330
0.018695
0.020176
0.016910
0.018165
0.018383
0.018470
0.019928
0.018269
0.016576
0.015466
0.019088
0.017530
0.019168
0.016459
0.019308
0.017616
0.017890
0.019235
0.019225
0.019643
0.017049
0.018732
0.018791
0.019892
0.017507
0.018367
0.018126
0.014321
0.017660
0.018067
0.018588
0.019950
0.023011
0.018027
0.017626
0.016067
0.020139
0.018297
0.019270
0.019136
0.018391
0.018168
0.018609
0.019039
0.018657
0.017306
0.019424
0.018384
0.019100
0.018623
0.019424
0.019266
0.018838
0.019436
0.018424
0.017665
0.015968
0.017814
0.015614
0.020335
0.014964
0.017165
0.018133
0.019192
0.016406
0.018438
0.019790
0.020068
0.018882
0.018444
0.019862
0.018751
0.018688
0.018773
0.018946
0.020281
0.017094
0.021523
0.018519
0.015643
0.016644
0.018826
0.018132
0.018463
0.017490
0.019463
0.017552
0.017808
0.018280
0.019168
0.018697
0.018433
0.015778
0.019118
0.020593
0.016005
0.015406
0.015695
0.018916
0.017436
0.018085
0.013295
0.019023
0.018470
0.018508
0.017645
0.018705
0.018327
0.019276
0.019124
0.015056
0.018935
0.018792
0.019847
0.016797
0.018397
0.017638
0.019167
0.021199
0.018601
0.016567
0.018921
0.019422
0.017279
0.019303
0.017415
0.020196
0.017225
0.019337
0.019462
0.018975
0.015219
0.018343
0.018947
0.018593
0.019031
0.015379
0.019640
0.018752
0.018612
0.016678
0.019748
0.018944
0.018129
0.018078
0.019271
0.020062
0.018426
0.019621
0.018728
0.017310
0.017339
0.017503
0.018905
0.020044
0.017230
0.019524
0.018719
0.018608
0.017371
0.017277
0.018229
0.019891
0.019922
0.022023
0.019472
0.018893
0.017289
0.020173
0.019069
0.018729
0.018665
0.018761
0.018550
0.018713
0.017188
0.018731
0.019864
0.019080
0.015988
0.019443
0.020933
0.017396
0.017330
0.019052
0.019085
0.015452
0.017582
0.019049
0.019567
0.018449
0.017165
0.017587
0.019000
0.015309
0.018833
0.016230
0.017432
0.015730
0.018192
0.017528
0.017201
0.017868
0.019649
0.020070
0.017285
0.016163
0.018939
0.019605
0.018607
0.019116
0.018021
0.018905
0.017604
0.019640
0.018155
0.019102
0.018783
0.019392
0.019110
0.018304
0.019322
0.017224
0.017302
0.016490
0.017466
0.010531
0.018118
0.019740
0.019850
0.017303
0.021890
0.017996
0.018733
0.017869
0.018788
0.019608
0.017718
0.020334
0.019333
0.018179
0.018002
0.019539
0.017058
0.017692
0.019728
0.018726
0.014787
0.017220
0.016607
0.016668
0.020504
0.020061
0.019270
0.018096
0.018666
0.018932
0.019949
0.014608
0.019085
0.019650
0.018391
0.019226
0.019778
0.018580
0.019049
0.019265
0.018875
0.020544
0.018529
0.017617
0.015882
0.017180
0.018825
0.019531
0.019245
0.018008
0.019675
0.017585
0.015724
0.019366
0.015665
0.019473
0.020272
0.017562
0.016778
0.017711
0.017121
0.015340
0.019576
0.018080
0.019783
0.020283
0.020375
0.018320
0.018155
0.018988
0.019058
0.019307
0.018838
0.019138
0.018874
0.017566
0.019619
0.018867
0.018524
0.019493
0.017638
0.019996
0.020123
0.017901
0.019650
0.015057
0.019191
0.018782
0.018871
0.018629
0.015122
0.017040
0.018567
0.017548
0.020243
0.014938
0.017212
0.015775
0.019267
0.018961
0.019596
0.017400
0.018579
0.017425
0.017629
0.015860
0.019036
0.018476
0.018667
0.019456
0.017541
0.019457
0.018641
0.019312
0.017224
0.017627
0.019022
0.019693
0.018941
0.018018
0.019618
0.017591
0.019076
0.018340
0.018911
0.018515
0.017863
0.018694
0.019394
0.018704
0.017848
0.017990
0.019231
0.019492
0.018785
0.019336
0.019057
0.017281
0.019732
0.020340
0.017892
0.018698
0.019246
0.019338
0.017169
0.018571
0.019078
0.014914
0.019508
0.018577
0.019151
0.015897
0.019515
0.018350
0.017558
0.018477
0.017346
0.018245
0.019002
0.018722
0.018277
0.017411
0.018457
0.018967
0.018589
0.019659
0.019092
0.021241
0.016321
0.019468
0.018776
0.019537
0.018935
0.015827
0.017967
0.015257
0.018300
0.018872
0.016913
0.018176
0.018828
0.019184
0.019293
0.018286
0.019878
0.019368
0.015218
0.018148
0.018044
0.018764
0.018861
0.017642
0.018886
0.017175
0.019507
0.019195
0.017755
0.016420
0.019829
0.019766
0.017210
0.019449
0.017626
0.018754
0.019853
0.018565
0.018576
0.020572
0.018275
0.018791
0.019123
0.017358
0.018353
0.018882
0.018905
0.017849
0.019353
0.017206
0.019358
0.018533
0.019534
0.019306
0.019235
0.017464
0.018379
0.014855
0.019211
0.019025
0.017490
0.017608
0.018427
0.017097
0.017861
0.020057
0.018295
0.018193
0.015942
0.014925
0.017596
0.016092
0.019115
0.019644
0.018778
0.018481
0.018458
0.018004
0.017088
0.017997
0.018388
0.017336
0.018587
0.019804
0.018958
0.018842
0.018238
0.018889
0.017052
0.016926
0.016039
0.017175
0.016623
0.017465
0.016736
0.016459
0.018706
0.019329
0.018054
0.016951
0.019634
0.018842
0.019669
0.019423
0.019898
0.017920
0.016596
0.018300
0.019116
0.018539
0.018360
0.015617
0.019112
0.018429
0.018696
0.019335
0.017660
0.018952
0.018128
0.015510
0.018209
0.017668
0.017464
0.019922
0.019106
0.017879
0.018957
0.020490
0.017232
0.019310
0.019009
0.019951
0.017644
0.018110
0.019180
0.019403
0.017224
0.018831
0.016989
0.017828
0.018224
0.018174
0.018094
0.019089
0.017283
0.017454
0.017265
0.018777
0.019729
0.020437
0.018306
0.019473
0.020298
0.017814
0.015869
0.019706
0.017661
0.018956
0.016233
0.018528
0.015459
0.018343
0.017193
0.019841
0.017522
0.018398
0.018747
0.015685
0.017421
0.018196
0.018801
0.018514
0.020110
0.018843
0.019401
0.017542
0.019038
0.016809
0.017852
0.019416
0.018078
0.019385
0.017570
0.018986
0.018486
0.020045
0.020333
0.017237
0.019704
0.020483
0.017642
0.017923
0.017031
0.019101
0.017755
0.018210
0.019651
0.019031
0.018674
0.018571
0.017746
0.019887
0.018585
0.018511
0.017730
0.018154
0.017310
0.019566
0.019552
0.017942
0.016518
0.017579
0.018953
0.019377
0.018207
0.018896
0.019592
0.017445
0.018070
0.017993
0.018614
0.017781
0.018856
0.018952
0.017839
0.017180
0.017286
0.016613
0.019058
0.015706
0.018771
0.019308
0.018191
0.017888
0.015403
0.017170
0.017205
0.018127
0.018325
0.018883
0.018101
0.019216
0.017712
0.019061
0.020144
0.019218
0.019931
0.020438
0.014894
0.017323
0.018660
0.018321
0.019089
0.020437
0.017206
0.016675
0.018612
0.017338
0.019955
0.019086
0.019460
0.016582
0.018829
0.017412
0.016947
0.017514
0.017282
0.019877
0.012746
0.016246
0.018259
0.019822
0.016669
0.018020
0.017754
