0.018629
0.000443
0.000243
0.000265
0.000394
0.000238
0.000259
0.000274
0.000323
0.000217
0.000297
0.000242
0.000218
0.000218
0.000214
0.000355
0.000222
0.000214
0.000322
0.000298
0.000212
0.000250
0.000224
0.000314
0.000214
0.000223
0.000225
0.000250
0.000221
0.000268
0.000215
0.000220
0.000346
0.000266
0.000308
0.000282
0.000217
0.000262
0.000222
0.000229
0.000259
0.000321
0.000218
0.000214
0.000264
0.000217
0.000219
0.000357
0.000276
0.000217
0.000320
0.000299
0.000234
0.000216
0.000215
0.000357
0.000234
0.000241
0.000216
0.000244
0.000234
0.000220
0.000401
0.000228
0.000217
0.000241
0.000216
0.000223
0.000256
0.000257
0.000216
0.000219
0.000269
0.000225
0.000212
0.000298
0.000217
0.000271
0.000213
0.000284
0.000303
0.000297
0.000248
0.000217
0.000287
0.000216
0.000257
0.000260
0.000239
0.000213
0.000379
0.000215
0.000215
0.000220
0.000240
0.000223
0.000216
0.000219
0.000262
0.000307
