0.000933
0.000577
0.000598
0.000559
0.000580
0.000564
0.000578
0.000578
0.000555
0.000574
0.000604
0.000532
0.000529
0.000583
0.000545
0.000573
0.000564
0.000605
0.000583
0.000563
0.000577
0.000594
0.000612
0.001119
0.000573
0.000589
0.000541
0.000566
0.000537
0.000540
0.000530
0.000547
0.000589
0.001683
0.000531
0.000975
0.000640
0.000588
0.000554
0.000618
0.000550
0.000539
0.000589
0.000549
0.000545
0.000579
0.000579
0.000564
0.000556
0.000530
0.000569
0.000571
0.000581
0.000587
0.000555
0.000612
0.000540
0.000569
0.000570
0.000579
0.000559
0.000550
0.000535
0.000576
0.000563
0.000574
0.000887
0.000621
0.000545
0.000615
0.000556
0.000872
0.000577
0.000552
0.000627
0.000563
0.000545
0.000611
0.000535
0.000984
0.000644
0.000538
0.000561
0.000557
0.000583
0.000568
0.000531
0.000594
0.000533
0.000582
0.000591
0.000660
0.000596
0.000547
0.000682
0.000603
0.000585
0.000553
0.000931
0.000572
