0.000591
0.000276
0.000276
0.000274
0.000268
0.000316
0.000278
0.000376
0.000278
0.000311
0.000277
0.000446
0.000654
0.000276
0.001404
0.000336
0.000272
0.000275
0.000278
0.000284
0.000322
0.000314
0.000325
0.000316
0.000269
0.000296
0.000289
0.000361
0.000390
0.000482
0.000276
0.000277
0.000336
0.000289
0.000307
0.000284
0.000272
0.000326
0.000297
0.000286
0.000297
0.000309
0.000339
0.000408
0.000279
0.000336
0.000522
0.000271
0.000293
0.000465
0.000278
0.000395
0.000299
0.000325
0.000397
0.000404
0.000275
0.000326
0.000505
0.000280
0.000338
0.000283
0.000268
0.000274
0.000273
0.000593
0.000277
0.000273
0.000331
0.000556
0.000320
0.000366
0.000375
0.000478
0.000284
0.000276
0.000278
0.000324
0.000275
0.000378
0.000311
0.000269
0.000294
0.000303
0.000301
0.000293
0.000276
0.000275
0.000278
0.000274
0.000275
0.000280
0.000308
0.000613
0.000330
0.000461
0.000282
0.000277
0.000291
0.000282
