0.001082
0.000889
0.001328
0.000971
0.001395
0.000688
0.000934
0.002024
0.001167
0.001510
0.000664
0.000848
0.001092
0.000235
0.001086
0.001043
0.001279
0.000952
0.000866
0.000999
0.001305
0.002294
0.001768
0.000622
0.000388
0.002014
0.000618
0.000192
0.001562
0.001257
0.001214
0.001651
0.000242
0.000789
0.001285
0.001191
0.001133
0.000659
0.000538
0.001038
0.001261
0.000830
0.001349
0.000591
0.001240
0.001095
0.001417
0.001236
0.001008
0.001149
0.002501
0.000927
0.001723
0.001260
0.000607
0.001338
0.001007
0.000592
0.001136
0.001107
0.001256
0.001226
0.001278
0.000977
0.001895
0.001063
0.001897
0.001385
0.000559
0.000476
0.000677
0.001245
0.001587
0.000196
0.001351
0.000558
0.001314
0.000322
0.001737
0.000960
0.001575
0.000667
0.001460
0.001636
0.000894
0.001148
0.001001
0.001565
0.000687
0.001285
0.001066
0.001382
0.002022
0.001326
0.001363
0.001855
0.001025
0.001370
0.001467
0.001204
