0.000935
0.000839
0.000666
0.000839
0.000677
0.000867
0.000631
0.000956
0.000888
0.000843
0.000872
0.000908
0.000991
0.000883
0.000839
0.000991
0.001194
0.001054
0.001219
0.001094
0.001294
0.001099
0.001041
0.001068
0.001022
0.001370
0.001011
0.001516
0.001273
0.000913
0.001033
0.001161
0.001104
0.000819
0.000861
0.001141
0.000876
0.001095
0.001047
0.001044
0.001114
0.001085
0.001111
0.001055
0.001128
0.001649
0.001085
0.001137
0.001107
0.001049
0.001160
0.001067
0.001106
0.001076
0.001092
0.001042
0.001138
0.001020
0.001108
0.001107
0.001077
0.001110
0.001085
0.000977
0.001082
0.000949
0.001053
0.001052
0.001067
0.001034
0.001068
0.001089
0.001091
0.001181
0.001183
0.001090
0.001203
0.001016
0.001041
0.001011
0.001064
0.001139
0.001278
0.001087
0.000987
0.001094
0.001125
0.000810
0.001061
0.001021
0.000999
0.001094
0.001131
0.001069
0.000989
0.001079
0.001046
0.001094
0.001544
0.000818
0.001047
0.001127
0.001226
0.000793
0.001046
0.001043
0.001019
0.001088
0.001142
0.000801
0.001069
0.001059
0.001065
0.000903
0.000823
0.001094
0.001025
0.001121
0.001046
0.000853
0.001101
0.000807
0.001078
0.001107
0.001050
0.000792
0.001086
0.001058
0.000822
0.001002
0.000991
0.001106
0.000842
0.000816
0.001068
0.001099
0.000832
0.001061
0.001032
0.001066
0.001187
0.000995
0.001095
0.001074
0.001079
0.001054
0.000832
0.000832
0.001178
0.001081
0.001085
0.000989
0.001051
0.001116
0.000824
0.001004
0.001007
0.000822
0.001152
0.001071
0.000861
0.000906
0.001092
0.001093
0.000811
0.000826
0.001078
0.001090
0.001106
0.001056
0.000848
0.000988
0.001704
0.001062
0.001032
0.000818
0.001031
0.001108
0.001053
0.000843
0.001075
0.001038
0.001652
0.001054
0.000797
0.001060
0.001017
0.001037
0.001079
0.001067
0.000822
0.001064
0.000990
0.001036
0.001040
0.000997
0.001014
0.001017
0.001066
0.000821
0.001060
0.000957
0.000853
0.001098
0.001084
0.001079
0.000914
0.000810
0.001037
0.001084
0.001111
0.001158
0.001081
0.000798
0.001057
0.001109
0.001037
0.001023
0.001084
0.001034
0.001132
0.001080
0.001061
0.001001
0.001147
0.001096
0.001151
0.001071
0.001067
0.001046
0.001065
0.000849
0.001011
0.000829
0.001026
0.001093
0.001049
0.000842
0.000829
0.001067
0.001086
0.001839
0.000807
0.000992
0.001043
0.001015
0.000903
0.001002
0.000812
0.001072
0.001051
0.001129
0.001048
0.001036
0.001033
0.001015
0.001122
0.001174
0.001122
0.001138
0.000911
0.000843
0.001060
0.001084
0.000842
0.000823
0.001056
0.001052
0.001123
0.001021
0.001028
0.001093
0.000838
0.000837
0.001000
0.001164
0.001067
0.000839
0.001893
0.001060
0.001145
0.001028
0.001124
0.000998
0.000833
0.001069
0.001048
0.001084
0.000999
0.001049
0.000884
0.001112
0.001082
0.001054
0.001136
0.001137
0.001064
0.000932
0.001089
0.001064
0.001704
0.000814
0.000860
0.000825
0.001029
0.001007
0.001095
0.001369
0.001093
0.001056
0.001054
0.001061
0.001007
0.001069
0.000805
0.001107
0.001031
0.001086
0.001102
0.001103
0.001037
0.001126
0.000793
0.000842
0.001046
0.001081
0.001069
0.000988
0.001038
0.001049
0.000997
0.001057
0.000848
0.001075
0.001137
0.001064
0.001094
0.001106
0.000879
0.001065
0.000864
0.000857
0.001031
0.001077
0.001025
0.001061
0.001064
0.001087
0.000868
0.001069
0.000874
0.000838
0.001022
0.000835
0.000846
0.000869
0.001132
0.001073
0.001006
0.000883
0.000802
0.000846
0.001070
0.000833
0.001076
0.001030
0.001020
0.001073
0.001044
0.000886
0.001027
0.000806
0.001182
0.001076
0.001075
0.000827
0.001076
0.001115
0.000791
0.000869
0.001061
0.001096
0.001044
0.000825
0.001005
0.001029
0.001078
0.001072
0.001062
0.000920
0.001071
0.001178
0.001060
0.001068
0.000835
0.001072
0.001022
0.000992
0.000802
0.001102
0.000842
0.001037
0.000847
0.001008
0.001044
0.000899
0.000827
0.001092
0.001090
0.001041
0.001042
0.001036
0.000799
0.001072
0.001062
0.000805
0.000856
0.000814
0.001090
0.000815
0.001013
0.000810
0.001093
0.001061
0.000805
0.001083
0.001006
0.000996
0.001011
0.001128
0.000984
0.001430
0.001265
0.001306
0.001354
0.001448
0.001514
0.001596
0.001536
0.001442
0.001548
0.001513
0.001849
0.001824
0.001787
0.001799
0.001829
0.001672
0.001155
0.001018
0.001083
0.001033
0.001081
0.001011
0.000810
0.001072
0.000848
0.000864
0.001070
0.001068
0.001000
0.000911
0.001015
0.001094
0.001106
0.001054
0.001026
0.001143
0.001063
0.001076
0.001057
0.001066
0.001651
0.001148
0.001027
0.001074
0.001087
0.000787
0.001063
0.001037
0.000991
0.001135
0.001048
0.001005
0.001079
0.001068
0.001068
0.001054
0.000911
0.000834
0.000838
0.000858
0.001231
0.001073
0.001025
0.001094
0.001066
0.000823
0.000917
0.000828
0.001082
0.001115
0.001872
0.001062
0.001048
0.001214
0.000825
0.000790
0.001112
0.001080
0.001058
0.001057
0.001055
0.000855
0.000997
0.001005
0.001069
0.001131
0.001057
0.001046
0.000853
0.001252
0.001045
0.001028
0.001088
0.001028
0.001103
0.000990
0.001049
0.000818
0.001090
0.001067
0.001122
0.001091
0.001017
0.001036
0.000915
0.000978
0.000991
0.001063
0.001088
0.001130
0.000979
0.001099
0.000988
0.001032
0.001064
0.001086
0.001049
0.001154
0.001072
0.001043
0.000944
0.001082
0.000891
0.000801
0.001087
0.001087
0.000815
0.000867
0.000814
0.001098
0.000876
0.001128
0.000803
0.000855
0.001051
0.001076
0.001061
0.001140
0.001115
0.000813
0.001137
0.001099
0.000862
0.000936
0.000896
0.001161
0.000841
0.000885
0.001049
0.000855
0.000797
0.001110
0.001147
0.001073
0.001021
0.001053
0.000865
0.001079
0.001118
0.000931
0.001133
0.001080
0.001035
0.001066
0.000877
0.001094
0.000843
0.000999
0.000800
0.000872
0.000987
0.001192
0.001016
0.001037
0.001215
0.001675
0.000795
0.001019
0.000813
0.001073
0.000843
0.000880
0.001035
0.000822
0.001076
0.001270
0.000950
0.000810
0.001097
0.001079
0.001110
0.001107
0.001162
0.001069
0.001050
0.001048
0.001023
0.001107
0.001121
0.001064
0.001164
0.001092
0.001072
0.000801
0.000836
0.001082
0.001059
0.001078
0.001071
0.001066
0.001035
0.001020
0.001055
0.000858
0.001043
0.001098
0.001037
0.001132
0.001132
0.001097
0.001165
0.001009
0.001009
0.001097
0.000995
0.001016
0.001132
0.001054
0.001111
0.001056
0.001150
0.001008
0.001063
0.000833
0.001069
0.001367
0.001018
0.000791
0.001077
0.001058
0.001055
0.001129
0.001013
0.001032
0.001018
0.000990
0.001056
0.001095
0.000830
0.000888
0.001097
0.001052
0.001129
0.000869
0.001084
0.001674
0.000835
0.001063
0.001060
0.001042
0.000852
0.000801
0.001152
0.001130
0.000930
0.001108
0.001083
0.001056
0.000841
0.000824
0.001067
0.000865
0.000834
0.001047
0.001116
0.000870
0.000986
0.001085
0.001395
0.000835
0.000852
0.001108
0.001069
0.000859
0.001152
0.001028
0.001010
0.001289
0.001107
0.001128
0.001089
0.001090
0.001144
0.001131
0.001021
0.000823
0.000805
0.001072
0.001039
0.001118
0.000835
0.001137
0.000848
0.001062
0.001067
0.001068
0.001108
0.001048
0.001037
0.001086
0.001054
0.000832
0.001056
0.001122
0.000808
0.000807
0.000852
0.001008
0.001142
0.001068
0.001081
0.001102
0.001090
0.000783
0.001068
0.000939
0.001047
0.000996
0.000851
0.001019
0.000811
0.001007
0.001038
0.000888
0.001102
0.001206
0.000853
0.001084
0.001054
0.001070
0.001080
0.001041
0.000879
0.001057
0.001106
0.001069
0.001024
0.001092
0.000875
0.001037
0.000825
0.001158
0.001104
0.000991
0.001070
0.001055
0.001092
0.001085
0.000837
0.001124
0.001035
0.001107
0.001064
0.000823
0.001074
0.001071
0.001037
0.001148
0.001125
0.001080
0.001084
0.001070
0.001108
0.001024
0.001003
0.000800
0.001086
0.001047
0.001074
0.000984
0.001012
0.001020
0.001055
0.001011
0.001041
0.001057
0.001035
0.000825
0.000804
0.001069
0.001057
0.000844
0.001099
0.000876
0.001074
0.001117
0.000828
0.001045
0.000823
0.001090
0.001088
0.001053
0.001091
0.001111
0.000820
0.000831
0.001040
0.001055
0.001093
0.001066
0.001040
0.000915
0.001020
0.001162
0.001156
0.000845
0.001026
0.001041
0.001100
0.001060
0.001046
0.000828
0.000838
0.000990
0.001022
0.000875
0.000998
0.000825
0.001078
0.001078
0.001046
0.000978
0.001051
0.000827
0.001112
0.001122
0.001099
0.001015
0.001010
0.001202
0.001117
0.001075
0.001070
0.000995
0.001049
0.001045
0.001094
0.000816
0.000930
0.001064
0.001035
0.001122
0.001086
0.000848
0.000976
0.001023
0.001023
0.001069
0.001101
0.001071
0.001049
0.000990
0.001069
0.001120
0.001078
0.001016
0.001071
0.000822
0.001000
0.001063
0.001082
0.001065
0.001036
0.000796
0.000881
0.001020
0.001136
0.001093
0.001074
0.000805
0.001158
0.001087
0.001086
0.000808
0.000850
0.000788
0.001022
0.001058
0.000810
0.000840
0.000988
0.001074
0.001074
0.001068
0.000824
0.001097
0.001016
0.000997
0.001042
0.000808
0.001152
0.000787
0.000820
0.001123
0.001071
0.001080
0.001067
0.001067
0.000844
0.001024
0.001010
0.001125
0.001004
0.000822
0.001065
0.001018
0.001060
0.001989
0.000878
0.001048
0.000817
0.001049
0.001103
0.001076
0.001050
0.001057
0.000841
0.000822
0.001030
0.000814
0.000835
0.000819
0.001053
0.001037
0.001054
0.001069
0.000803
0.000838
0.001040
0.001010
0.001076
0.001161
0.001045
0.001136
0.000806
0.000971
0.001018
0.001093
0.001101
0.001484
0.000901
0.001190
0.001029
0.001078
0.001134
0.001104
0.001022
0.001175
0.001018
0.001023
0.001082
0.001114
0.001088
0.000802
0.000830
0.000978
0.001146
0.001079
