0.001808
0.001581
0.001796
0.001639
0.001613
0.001593
0.001690
0.001629
0.001679
0.001634
0.001559
0.001881
0.001737
0.001693
0.001610
0.001726
0.001589
0.001847
0.001940
0.001804
0.001660
0.002475
0.001680
0.001638
0.001766
0.001608
0.001396
0.002121
0.001796
0.001653
0.001681
0.001429
0.001812
0.001665
0.001550
0.001623
0.001734
0.001711
0.001540
0.001430
0.001426
0.001737
0.001594
0.001753
0.001687
0.001715
0.001329
0.001638
0.001867
0.001797
0.001635
0.001355
0.001386
0.001682
0.001623
0.001553
0.001744
0.001694
0.001398
0.001600
0.001629
0.001765
0.001802
0.001365
0.001354
0.001816
0.001678
0.001728
0.001712
0.001635
0.001575
0.001595
0.001785
0.001651
0.001690
0.001292
0.001661
0.001754
0.001600
0.001711
0.001857
0.001667
0.001568
0.001605
0.001628
0.001701
0.001709
0.001582
0.001598
0.001639
0.001724
0.001446
0.001510
0.001559
0.001556
0.001705
0.001667
0.001545
0.001723
0.001648
0.001364
0.001304
0.001851
0.001637
0.001461
0.001848
0.001579
0.001616
0.001820
0.001588
0.001663
0.001573
0.001282
0.001558
0.001674
0.001855
0.001706
0.001699
0.001680
0.001801
0.001402
0.001640
0.001410
0.001747
0.001782
0.001729
0.001783
0.001788
0.001680
0.001599
0.001621
0.001689
0.001747
0.001849
0.001481
0.001534
0.001617
0.001664
0.001502
0.001556
0.001393
0.001602
0.001585
0.001742
0.001564
0.001405
0.001815
0.001321
0.001760
0.001587
0.001681
0.001664
0.001647
0.001603
0.001800
0.001744
0.001440
0.001686
0.001359
0.001400
0.001503
0.001558
0.001746
0.001655
0.001724
0.001673
0.001405
0.001775
0.001581
0.001767
0.001361
0.001731
0.001784
0.001709
0.001564
0.001569
0.002364
0.001794
0.001360
0.001577
0.001691
0.001620
0.001900
0.001550
0.001596
0.001729
0.001655
0.001628
0.001521
0.001674
0.001675
0.001642
0.001693
0.001368
0.001749
0.001638
0.001333
0.001709
0.001593
0.001587
0.001450
0.001628
0.001633
0.001360
0.001602
0.001573
0.001776
0.001687
0.001882
0.001814
0.001704
0.001803
0.001085
0.001585
0.001762
0.001753
0.001773
0.001708
0.001615
0.001360
0.001698
0.001596
0.001615
0.001580
0.001702
0.001571
0.001653
0.001708
0.001617
0.001560
0.001277
0.001349
0.001690
0.001810
0.001845
0.001593
0.001338
0.001715
0.001683
0.001540
0.001669
0.001633
0.001322
0.001857
0.001765
0.001688
0.001704
0.001330
0.001671
0.001766
0.001743
0.001730
0.001601
0.001700
0.001549
0.001689
0.001348
0.001541
0.001641
0.001668
0.001818
0.001813
0.001791
0.001423
0.001762
0.002084
0.001680
0.001781
0.001588
0.001635
0.001360
0.001770
0.001725
0.001762
0.001646
0.001587
0.001346
0.002363
0.001847
0.001673
0.001586
0.001676
0.001613
0.001634
0.001676
0.001696
0.001622
0.001718
0.001664
0.001900
0.001320
0.001630
0.001684
0.001648
0.001684
0.001915
0.001692
0.001604
0.001384
0.001340
0.001401
0.001825
0.001383
0.001729
0.001883
0.001697
0.001771
0.001749
0.001587
0.001687
0.001705
0.001678
0.001628
0.001727
0.001666
0.001639
0.001546
0.001797
0.001683
0.001764
0.001671
0.001578
0.001679
0.001593
0.001653
0.001761
0.001728
0.001729
0.001953
0.001658
0.001364
0.001634
0.001707
0.001357
0.001683
0.001735
0.001809
0.001750
0.001746
0.001660
0.001362
0.001679
0.001704
0.001831
0.001345
0.001716
0.001706
0.001833
0.002005
0.001641
0.001618
0.001648
0.001670
0.001602
0.001788
0.001808
0.001628
0.001817
0.001695
0.001592
0.001589
0.001613
0.001725
0.001869
0.001717
0.001362
0.001690
0.001542
0.001586
0.001599
0.001743
0.001622
0.001672
0.001345
0.001614
0.001850
0.001788
0.001662
0.001707
0.001737
0.001722
0.001599
0.001723
0.001628
0.001588
0.001740
0.001846
0.001807
0.001593
0.001694
0.001606
0.001609
0.001694
0.001721
0.001719
0.001721
0.001586
0.001444
0.001315
0.001793
0.001405
0.001564
0.001349
0.001690
0.001707
0.001615
0.001422
0.001633
0.001701
0.001800
0.001732
0.001734
0.001657
0.001697
0.001351
0.001685
0.001676
0.001804
0.001745
0.001575
0.001622
0.001654
0.001665
0.001625
0.001686
0.001673
0.001600
0.001614
0.001362
0.001577
0.001773
0.001577
0.001821
0.001663
0.001364
0.001820
0.001357
0.001367
0.001865
0.001718
0.001730
0.001697
0.001372
0.001772
0.001635
0.001804
0.001761
0.001654
0.001692
0.001561
0.001788
0.001668
0.001677
0.001414
0.001390
0.001726
0.001714
0.001549
0.001379
0.001382
0.001770
0.001624
0.001625
0.001732
0.001746
0.001725
0.001606
0.001655
0.001694
0.001352
0.001358
0.001395
0.001559
0.001620
0.001663
0.001769
0.001557
0.001573
0.001629
0.001681
0.001629
0.001615
0.001697
0.001648
0.001757
0.001651
0.001952
0.001632
0.001560
0.001371
0.001680
0.001670
0.001655
0.001784
0.001361
0.001684
0.001441
0.001886
0.001656
0.001543
0.001730
0.001576
0.001622
0.001698
0.001923
0.001799
0.001580
0.001724
0.001647
0.001402
0.001282
0.001748
0.001851
0.001638
0.001640
0.001775
0.001363
0.001647
0.001687
0.001567
0.001678
0.001358
0.001747
0.001739
0.001601
0.001689
0.001625
0.001638
0.001686
0.001653
0.001744
0.001711
0.001639
0.001623
0.001741
0.001677
0.001794
0.001800
0.001696
0.001457
0.001942
0.001761
0.001693
0.001681
0.001719
0.001781
0.001759
0.001773
0.001757
0.001747
0.001595
0.001329
0.002101
0.001354
0.001352
0.001724
0.001728
0.001712
0.001670
0.001755
0.001341
0.001654
0.001673
0.001587
0.001688
0.001765
0.001355
0.001792
0.001456
0.001644
0.001683
0.001847
0.001633
0.001704
0.001926
0.001816
0.001651
0.001669
0.001579
0.001696
0.001699
0.001343
0.001666
0.001724
0.001660
0.001592
0.001723
0.001556
0.001647
0.001686
0.001611
0.001615
0.001383
0.001875
0.001738
0.001342
0.001654
0.001815
0.001418
0.001605
0.001619
0.001590
0.001705
0.001769
0.001633
0.001681
0.001694
0.001611
0.001870
0.001313
0.001729
0.001725
0.001794
0.001645
0.001614
0.001738
0.001762
0.001724
0.001639
0.001683
0.001643
0.001678
0.001787
0.001570
0.001597
0.001737
0.001652
0.001761
0.001631
0.001698
0.001680
0.001616
0.001668
0.001765
0.001593
0.001614
0.001746
0.001686
0.001742
0.001667
0.001705
0.001738
0.001649
0.001711
0.001663
0.001709
0.001743
0.001867
0.001770
0.001628
0.001713
0.001698
0.001676
0.001619
0.001629
0.001654
0.001626
0.001653
0.001343
0.001342
0.001657
0.001281
0.001722
0.001296
0.001680
0.001757
0.001712
0.001624
0.001599
0.001597
0.001716
0.001834
0.001597
0.001758
0.001653
0.001593
0.001603
0.001688
0.001718
0.001656
0.001721
0.001722
0.001580
0.001813
0.001633
0.001704
0.001741
0.001668
0.001384
0.001764
0.001576
0.001334
0.001792
0.001698
0.001659
0.001645
0.001730
0.001362
0.001900
0.001765
0.001449
0.001719
0.001670
0.001736
0.001560
0.001834
0.001706
0.001623
0.001374
0.002536
0.001785
0.001752
0.001385
0.001700
0.001730
0.001755
0.001401
0.001710
0.001929
0.001453
0.001842
0.001738
0.001651
0.001811
0.001958
0.001516
0.002366
0.001669
0.001750
0.001674
0.001568
0.001596
0.002036
0.001666
0.001723
0.001758
0.001638
0.001578
0.001931
0.001729
0.001574
0.001745
0.001574
0.001428
0.001792
0.001839
0.001728
0.001703
0.001345
0.001692
0.001598
0.001577
0.001729
0.001266
0.001652
0.001653
0.001672
0.001360
0.001737
0.001391
0.001390
0.001656
0.001503
0.001325
0.001728
0.001761
0.001367
0.001695
0.001675
0.001673
0.001702
0.001560
0.001598
0.001661
0.001798
0.001673
0.001686
0.001659
0.001608
0.001723
0.001664
0.001630
0.001594
0.001655
0.001564
0.001599
0.001716
0.001667
0.001648
0.001669
0.001662
0.001636
0.001666
0.001858
0.001855
0.001714
0.001576
0.001560
0.001686
0.001676
0.001505
0.001619
0.001483
0.001373
0.001700
0.001418
0.001435
0.001735
0.001583
0.001543
0.001773
0.001644
0.001669
0.001703
0.001605
0.001705
0.001660
0.001565
0.001584
0.001722
0.001694
0.001366
0.001343
0.001909
0.001903
0.001673
0.001614
0.001723
0.001685
0.001701
0.001732
0.001570
0.001618
0.001628
0.001645
0.001621
0.001674
0.001580
0.001571
0.001732
0.001351
0.001386
0.001780
0.001555
0.001689
0.001701
0.001679
0.001674
0.001719
0.001368
0.001347
0.001621
0.001354
0.001690
0.001684
0.001779
0.001892
0.001710
0.001353
0.001567
0.001654
0.001562
0.001507
0.001449
0.001623
0.001685
0.001678
0.001637
0.001882
0.001820
0.001585
0.001649
0.001798
0.001305
0.001722
0.001746
0.001762
0.001650
0.001796
0.001678
0.001654
0.001343
0.001808
0.001411
0.001293
0.001750
0.001779
0.001618
0.001631
0.001316
0.001786
0.001668
0.001801
0.001683
0.001379
0.001763
0.001680
0.001822
0.001788
0.001725
0.001718
0.001665
0.001729
0.001673
0.001743
0.001738
0.001409
0.001758
0.001890
0.001691
0.001595
0.001645
0.001599
0.001645
0.001786
0.001691
0.001861
0.001785
0.001760
0.001797
0.001738
0.001758
0.001745
0.001655
0.001353
0.001668
0.001708
0.001709
0.001674
0.001346
0.001702
0.001754
0.001704
0.001703
0.001842
0.001589
0.001667
0.001747
0.001642
0.001602
0.001812
0.001775
0.001593
0.001725
0.001611
0.001590
0.001840
0.001671
0.001749
0.001395
0.001250
0.001683
0.001572
0.001809
0.001389
0.001617
0.001699
0.001638
0.001369
0.001904
0.001714
0.001788
0.001766
0.001694
0.001574
0.001686
0.001594
0.001641
0.001615
0.001776
0.001756
0.001454
0.001688
0.001347
0.001644
0.001709
0.001678
0.001654
0.001634
0.001630
0.001703
0.001636
0.001795
0.001677
0.001698
0.001791
0.001845
0.001541
0.001646
0.001332
0.001719
0.001518
0.001737
0.001686
0.001643
0.001569
0.001565
0.001717
0.001720
0.001650
