0.000241
0.000258
0.000214
0.000195
0.000198
0.000217
0.000214
0.000217
0.000222
0.000214
0.000358
0.000258
0.000199
0.000202
0.000212
0.000196
0.000220
0.000213
0.000221
0.000216
0.000218
0.000217
0.000240
0.000198
0.000223
0.000212
0.000218
0.000260
0.000214
0.000214
0.000193
0.000217
0.000217
0.000220
0.000312
0.000211
0.000222
0.000220
0.000220
0.000215
0.000218
0.000229
0.000305
0.000218
0.000276
0.000221
0.000225
0.000221
0.000198
0.000194
0.000198
0.000219
0.000212
0.000266
0.000212
0.000214
0.000237
0.000220
0.000216
0.000216
0.000213
0.000198
0.000202
0.000243
0.000197
0.000193
0.000215
0.000212
0.000295
0.000210
0.000212
0.000269
0.000241
0.000221
0.000223
0.000211
0.000222
0.000215
0.000313
0.000269
0.000275
0.000259
0.000296
0.000279
0.000270
0.000275
0.000275
0.000274
0.000303
0.000269
0.000283
0.000279
0.000253
0.000315
0.000277
0.000268
0.000284
0.000280
0.000277
0.000272
0.000270
0.000269
0.000275
0.000276
0.000301
0.000280
0.000265
0.000284
0.000277
0.000276
0.000275
0.000264
0.000287
0.000276
0.000308
0.000274
0.000278
0.000276
0.000268
0.000282
0.000305
0.000271
0.000269
0.000272
0.000289
0.000326
0.000277
0.000263
0.000290
0.000270
0.000272
0.000302
0.000276
0.000183
0.000266
0.000276
0.000283
0.000264
0.000274
0.000272
0.000273
0.000265
0.000278
0.000284
0.000274
0.000270
0.000249
0.000243
0.000282
0.000273
0.000267
0.000271
0.000285
0.000265
0.000273
0.000276
0.000279
0.000273
0.000267
0.000271
0.000266
0.000272
0.000265
0.000265
0.000286
0.000293
0.000284
0.000276
0.000197
0.000275
0.000274
0.000271
0.000274
0.000280
0.000277
0.000267
0.000265
0.000273
0.000293
0.000279
0.000312
0.000272
0.000274
0.000295
0.000285
0.000272
0.000262
0.000252
0.000277
0.000269
0.000258
0.000332
0.000280
0.000253
0.000251
0.000249
0.000290
0.000302
0.000268
0.000286
0.000277
0.000295
0.000266
0.000305
0.000264
0.000344
0.000269
0.000287
0.000273
0.000881
0.000278
0.000272
0.000280
0.000318
0.000238
0.000287
0.000273
0.000273
0.000287
0.000308
0.000307
0.000293
0.000314
0.000275
0.000273
0.000275
0.000320
0.000275
0.000277
0.000280
0.000272
0.000307
0.000288
0.000287
0.000298
0.000268
0.000267
0.000268
0.000281
0.000269
0.000312
0.000285
0.000245
0.000283
0.000274
0.000249
0.000290
0.000279
0.000292
0.000259
0.000274
0.000284
0.000275
0.000280
0.000290
0.000284
0.000271
0.000274
0.000267
0.000271
0.000292
0.000277
0.000288
0.000268
0.000309
0.000276
0.000280
0.000282
0.000351
0.000335
0.000287
0.000273
0.000272
0.000278
0.000323
0.000337
0.000278
0.000276
0.000273
0.000296
0.000276
0.000285
0.000282
0.000293
0.000282
0.000272
0.000275
0.000276
0.000278
0.000276
0.000277
0.000276
0.000280
0.000275
0.000318
0.000267
0.000280
0.000280
0.000296
0.000278
0.000270
0.000319
0.000277
0.000276
0.000273
0.000300
0.000277
0.000245
0.000283
0.000292
0.000317
0.000274
0.000273
0.000294
0.000288
0.000291
0.000281
0.000299
0.000286
0.000257
0.000289
0.000275
0.000338
0.000281
0.000297
0.000280
0.000588
0.000274
0.000286
0.000308
0.000302
0.000267
0.000272
0.000276
0.000288
0.000280
0.000295
0.000280
0.000271
0.000306
0.000264
0.000286
0.000276
0.000276
0.000271
0.000272
0.000276
0.000278
0.000267
0.000268
0.000304
0.000289
0.000275
0.000285
0.000288
0.000245
0.000252
0.000261
0.000254
0.000268
0.000284
0.000273
0.000253
0.000273
0.000271
0.000255
0.000293
0.000293
0.000319
0.000257
0.000281
0.000291
0.000269
0.000242
0.000249
0.000271
0.000348
0.000267
0.000282
0.000287
0.000277
0.000252
0.000285
0.000274
0.000325
0.000265
0.000269
0.000274
0.000246
0.000294
0.000276
0.000275
0.000258
0.000283
0.000276
0.000252
0.000280
0.000282
0.000263
0.000303
0.000251
0.000263
0.000257
0.000255
0.000261
0.000282
0.000275
0.000252
0.000253
0.000253
0.000243
0.000254
0.000259
0.000245
0.000279
0.000250
0.000257
0.000264
0.000281
0.000260
0.000250
0.000253
0.000253
0.000252
0.000264
0.000262
0.000271
0.000246
0.000249
0.000246
0.000274
0.000310
0.000261
0.000274
0.000274
0.000282
0.000233
0.000281
0.000265
0.000265
0.000265
0.000249
0.000267
0.000284
0.000263
0.000280
0.000285
0.000266
0.000322
0.000265
0.000240
0.000283
0.000295
0.000275
0.000273
0.000281
0.000271
0.000269
0.000285
0.000314
0.000273
0.000278
0.000286
0.000261
0.000291
0.000269
0.000262
0.000283
0.000247
0.000249
0.000317
0.000252
0.000260
0.000271
0.000262
0.000256
0.000280
0.000260
0.000258
0.000271
0.000278
0.000283
0.000278
0.000286
0.000277
0.000277
0.000263
0.000284
0.000250
0.000271
0.000248
0.000247
0.000252
0.000262
0.000250
0.000244
0.000276
0.000290
0.000245
0.000246
0.000285
0.000246
0.000246
0.000251
0.000259
0.000249
0.000298
0.000281
0.000281
0.000294
0.000279
0.000268
0.000283
0.000260
0.000282
0.000284
0.000279
0.000278
0.000280
0.000282
0.000255
0.000298
0.000251
0.000277
0.000279
0.000257
0.000282
0.000306
0.000267
0.000282
0.000282
0.000279
0.000280
0.000279
0.000274
0.000289
0.000251
0.000277
0.000275
0.000263
0.000254
0.000304
0.000248
0.000254
0.000278
0.000266
0.000277
0.000249
0.000320
0.000247
0.000251
0.000170
0.000263
0.000285
0.000252
0.000269
0.000255
0.000275
0.000283
0.000267
0.000279
0.000253
0.000279
0.000251
0.000276
0.000307
0.000292
0.000275
0.000276
0.000322
0.000249
0.000279
0.000268
0.000296
0.000258
0.000150
0.000243
0.000295
0.000286
0.000258
0.000298
0.000258
0.000296
0.000271
0.000269
0.000266
0.000281
0.000284
0.000270
0.000279
0.000246
0.000279
0.000263
0.000261
0.000277
0.000263
0.000274
0.000254
0.000251
0.000284
0.000255
0.000248
0.000274
0.000283
0.000267
0.000276
0.000248
0.000262
0.000269
0.000283
0.000326
0.000247
0.000259
0.000247
0.000287
0.000298
0.000269
0.000276
0.000293
0.000265
0.000277
0.000303
0.000274
0.000268
0.000248
0.000291
0.000249
0.000249
0.000265
0.000289
0.000274
0.000275
0.000249
0.000246
0.000255
0.000281
0.000275
0.000252
0.000269
0.000279
0.000245
0.000267
0.000239
0.000273
0.000252
0.000264
0.000246
0.000274
0.000283
0.000303
0.000271
0.000326
0.000299
0.000270
0.000271
0.000277
0.000283
0.000295
0.000247
0.000252
0.000263
0.000246
0.000254
0.000250
0.000250
0.000283
0.000291
0.000261
0.000271
0.000288
0.000279
0.000252
0.000287
0.000263
0.000269
0.000272
0.000275
0.000295
0.000252
0.000275
0.000276
0.000258
0.000256
0.000281
0.000287
0.000290
0.000271
0.000273
0.000265
0.000282
0.000275
0.000253
0.000282
0.000275
0.000282
0.000273
0.000278
0.000274
0.000274
0.000276
0.000276
0.000283
0.000279
0.000273
0.000268
0.000277
0.000247
0.000285
0.000255
0.000242
0.000249
0.000255
0.000244
0.000254
0.000249
0.000320
0.000245
0.000261
0.000253
0.000311
0.000266
0.000253
0.000275
0.000248
0.000251
0.000273
0.000274
0.000276
0.000248
0.000267
0.000265
0.000282
0.000270
0.000283
0.000291
0.000253
0.000294
0.000272
0.000302
0.000321
0.000282
0.000238
0.000253
0.000254
0.000272
0.000287
0.000275
0.000277
0.000292
0.000281
0.000266
0.000282
0.000265
0.000271
0.000276
0.000266
0.000273
0.000247
0.000272
0.000270
0.000270
0.000404
0.000389
0.000386
0.000290
0.000293
0.000296
0.000293
0.000298
0.000335
0.000423
0.000404
0.000317
0.000293
0.000312
0.000280
0.000276
0.000275
0.000272
0.000279
0.000282
0.000277
0.000305
0.000276
0.000281
0.000268
0.000264
0.000271
0.000282
0.000277
0.000304
0.000245
0.000264
0.000277
0.000363
0.000275
0.000288
0.000277
0.000292
0.000282
0.000263
0.000265
0.000274
0.000272
0.000290
0.000274
0.000278
0.000184
0.000279
0.000265
0.000272
0.000328
0.000275
0.000247
0.000287
0.000258
0.000266
0.000255
0.000271
0.000273
0.000274
0.000271
0.000275
0.000276
0.000268
0.000310
0.000273
0.000296
0.000246
0.000264
0.000221
0.000273
0.000270
0.000263
0.000271
0.000273
0.000258
0.000273
0.000273
0.000278
0.000276
0.000268
0.000270
0.000262
0.000300
0.000265
0.000275
0.000284
0.000244
0.000293
0.000261
0.000307
0.000268
0.000277
0.000269
0.000274
0.000267
0.000268
0.000269
0.000272
0.000255
0.000266
0.000280
0.000264
0.000252
0.000259
0.000263
0.000274
0.000271
0.000262
0.000279
0.000248
0.000259
0.000300
0.000279
0.000284
0.000259
0.000282
0.000423
0.000242
0.000247
0.000257
0.000271
0.000275
0.000244
0.000259
0.000265
0.000269
0.000277
0.000256
0.000275
0.000266
0.000274
0.000270
0.000264
0.000274
0.000269
0.000246
0.000296
0.000327
0.000260
0.000307
0.000282
0.000249
0.000291
0.000277
0.000270
0.000275
0.000276
0.000279
0.000281
0.000274
0.000255
0.000265
0.000277
0.000277
0.000275
0.000255
0.000279
0.000281
0.000283
0.000287
0.000271
0.000274
0.000288
0.000273
0.000273
0.000280
0.000257
0.000265
0.000264
0.000273
0.000274
0.000281
0.000275
0.000279
0.000277
0.000277
0.000265
0.000269
0.000270
0.000258
0.000247
0.000275
0.000283
0.000283
0.000253
0.000269
0.000278
0.000280
0.000308
0.000279
0.000326
0.000278
0.000279
0.000288
0.000287
0.000261
0.000279
0.000285
0.000281
0.000252
0.000245
0.000311
0.000271
0.000280
0.000274
0.000267
0.000274
0.000270
0.000347
0.000271
0.000271
0.000280
0.000266
0.000265
0.000268
0.000267
0.000313
0.000275
0.000273
0.000283
0.000280
0.000287
0.000279
0.000277
0.000284
0.000275
0.000270
0.000279
0.000278
0.000266
0.000283
0.000279
0.000274
0.000292
0.000282
0.000268
0.000278
0.000276
