0.000622
0.001377
0.000745
0.005245
0.000603
0.001228
0.003101
0.000637
0.000839
0.000850
0.002591
0.000863
0.000623
0.000997
0.005174
0.003076
0.000700
0.001699
0.000702
0.000895
0.001044
0.001186
0.000699
0.000669
0.001311
0.001162
0.002921
0.001365
0.000974
0.000819
0.001052
0.003387
0.002603
0.000965
0.000622
0.001059
0.000717
0.000679
0.002789
0.000644
0.004068
0.001938
0.002551
0.000837
0.001526
0.000672
0.000841
0.001409
0.001034
0.001087
0.001376
0.000603
0.002565
0.001218
0.000837
0.001117
0.001170
0.000889
0.000895
0.001003
0.001141
0.001251
0.002181
0.003819
0.000801
0.000889
0.001026
0.000835
0.000727
0.000678
0.001679
0.001597
0.000955
0.000649
0.001301
0.001790
0.000760
0.001003
0.000719
0.002681
0.002287
0.000653
0.000914
0.003153
0.002911
0.002557
0.001006
0.002135
0.002380
0.000879
0.000870
0.000990
0.001526
0.000750
0.001077
0.001420
0.002121
0.001322
0.002085
0.000663
