0.000753
0.000739
0.000735
0.001305
0.000714
0.000701
0.002137
0.001019
0.000689
0.001305
0.000714
0.000805
0.000775
0.000697
0.000721
0.003377
0.000682
0.001230
0.002784
0.000808
0.000756
0.002625
0.000711
0.001716
0.002614
0.000770
0.000699
0.000666
0.000710
0.000787
0.002123
0.000711
0.001777
0.001118
0.002429
0.000704
0.000730
0.000913
0.000691
0.001966
0.002942
0.000720
0.000685
0.001333
0.001746
0.000693
0.001482
0.000759
0.001819
0.002102
0.003413
0.001408
0.000676
0.000704
0.000904
0.000759
0.002139
0.002260
0.001513
0.000976
0.000739
0.001508
0.000694
0.003027
0.000731
0.000707
0.000729
0.000710
0.000738
0.001705
0.000687
0.002455
0.001344
0.001337
0.000716
0.002624
0.000732
0.000683
0.000686
0.003333
0.000686
0.000861
0.000943
0.000686
0.000722
0.002638
0.000683
0.003037
0.002354
0.000734
0.000710
0.001662
0.000809
0.000731
0.003457
0.000747
0.000854
0.001590
0.000723
0.000722
0.000738
0.000755
0.003721
0.000716
0.000714
0.002673
0.000722
0.000695
0.000684
0.001134
0.000731
0.001710
0.000675
0.002301
0.001516
0.000729
0.000793
0.000735
0.000712
0.000709
0.002584
0.000712
0.003029
0.001744
0.003204
0.000706
0.000702
0.001960
0.000714
0.000816
0.003769
0.000720
0.000740
0.003976
0.000719
0.000758
0.001262
0.002483
0.000736
0.001115
0.000728
0.000713
0.000891
0.000718
0.000713
0.001723
0.000727
0.000698
0.000721
0.000707
0.001312
0.000708
0.000731
0.002291
0.000670
0.003140
0.000804
0.000746
0.001738
0.001269
0.000698
0.000709
0.001648
0.000741
0.001567
0.003050
0.000708
0.000708
0.001435
0.001575
0.000709
0.001722
0.000709
0.002729
0.002596
0.001389
0.000736
0.002226
0.000728
0.000700
0.001010
0.000758
0.002095
0.003116
0.000719
0.000723
0.000741
0.000738
0.000704
0.001374
0.000690
0.000695
0.000695
0.000703
0.001161
0.001106
0.000731
0.000712
0.000695
0.001752
0.000990
0.002983
0.000847
0.000746
0.002572
0.002087
0.001176
0.000706
0.001469
0.001171
0.000712
0.000723
0.000688
0.000701
0.001093
0.000705
0.000756
0.000834
0.000706
0.000700
0.002444
0.000724
0.003201
0.002261
0.001255
0.000726
0.001162
0.000944
0.000724
0.000677
0.000727
0.000864
0.000713
0.002521
0.000707
0.002617
0.001683
0.000728
0.000710
0.001779
0.000712
0.003127
0.000705
0.000733
0.001605
0.001341
0.000703
0.000741
0.000689
0.002145
0.000772
0.002820
0.000724
0.002935
0.000845
0.001467
0.000733
0.002000
0.000701
0.001873
0.001320
0.002156
0.000748
0.000922
0.000708
0.001510
0.003794
0.000933
0.000692
0.000733
0.001677
0.000718
0.001699
0.000926
0.000694
0.001115
0.000728
0.000787
0.000720
0.001810
0.000720
0.000720
0.002492
0.000758
0.003261
0.002274
0.001110
0.000703
0.000706
0.001848
0.000725
0.001596
0.002193
0.000709
0.000774
0.003102
0.000692
0.000740
0.002092
0.000723
0.000825
0.003404
0.000685
0.002876
0.001641
0.001181
0.000706
0.004023
0.000691
0.000729
0.006838
0.000718
0.000686
0.001030
0.001577
0.000726
0.001003
0.000742
0.002161
0.000687
0.000717
0.002124
0.000693
0.000749
0.000701
0.003155
0.002098
0.000710
0.000735
0.001339
0.001628
0.000820
0.000714
0.001448
0.000707
0.000718
0.000726
0.001471
0.000735
0.000849
0.003325
0.000779
0.001265
0.001419
0.000732
0.001633
0.000734
0.001493
0.002911
0.000923
0.000681
0.000730
0.001410
0.002821
0.000715
0.001186
0.000723
0.002324
0.000741
0.001665
0.002466
0.001004
0.000751
0.000716
0.003118
0.000671
0.001492
0.000805
0.000797
0.000758
0.000678
0.001319
0.000716
0.003222
0.000710
0.003205
0.004002
0.001600
0.000720
0.000711
0.000719
0.001643
0.001661
0.001002
0.000722
0.001400
0.001411
0.000748
0.000703
0.002451
0.000721
0.000730
0.000881
0.000714
0.000717
0.001183
0.001970
0.001757
0.000721
0.001022
0.002024
0.001757
0.001971
0.001030
0.000680
0.000735
0.002942
0.000685
0.002253
0.001576
0.000809
0.002565
0.003108
0.000711
0.002067
0.000715
0.000947
0.000700
0.003290
0.000952
0.000903
0.001131
0.001794
0.000704
0.002314
0.001523
0.000690
0.000945
0.000740
0.000813
0.000922
0.002951
0.000745
0.000739
0.001832
0.000721
0.000775
0.003143
0.000708
0.000825
0.001428
0.000713
0.000791
0.003068
0.000709
0.001114
0.001948
0.000725
0.001700
0.001331
0.001485
0.000716
0.001192
0.000706
0.001681
0.001060
0.001868
0.000696
0.000735
0.000881
0.000689
0.000858
0.001966
0.000744
0.000726
0.000762
0.000882
0.002246
0.000718
0.000994
0.000690
0.001491
0.002187
0.002156
0.000716
0.002301
0.000701
0.000682
0.000743
0.001851
0.000754
0.000741
0.001906
0.000706
0.000688
0.000782
0.000716
0.000765
0.001757
0.001130
0.001115
0.001058
0.000715
0.000719
0.000978
0.000707
0.000670
0.001063
0.000727
0.000695
0.001413
0.000683
0.000935
0.002473
0.000694
0.000711
0.000766
0.000734
0.000710
0.000754
0.002684
0.000723
0.002467
0.001421
0.000711
0.000674
0.001021
0.000688
0.001013
0.000714
0.000706
0.000683
0.001422
0.000720
0.003723
0.003348
0.000750
0.000765
0.002535
0.000738
0.003171
0.002172
0.001374
0.000698
0.001004
0.004457
0.000717
0.001096
0.001458
0.000746
0.003383
0.002036
0.001630
0.000717
0.000701
0.000793
0.000751
0.002325
0.000736
0.001790
0.001104
0.000975
0.000730
0.002238
0.000712
0.002259
0.000908
0.000930
0.000724
0.001868
0.002187
0.000790
0.000715
0.001672
0.000679
0.001428
0.000740
0.001872
0.000783
0.002943
0.001639
0.000781
0.000731
0.001351
0.001228
0.000715
0.001035
0.001122
0.000679
0.000706
0.000738
0.001004
0.000798
0.002528
0.000717
0.001163
0.001783
0.000732
0.000743
0.001147
0.000885
0.000706
0.000992
0.000708
0.002995
0.000780
0.000718
0.001170
0.001203
0.000747
0.001896
0.000699
0.002221
0.001808
0.001975
0.000726
0.000688
0.003022
0.000923
0.000687
0.000769
0.000677
0.002012
0.000717
0.001760
0.000790
0.000837
0.000694
0.002303
0.000737
0.002972
0.001486
0.001755
0.001760
0.001616
0.000726
0.003260
0.000724
0.000740
0.003819
0.000703
0.000726
0.002353
0.000709
0.000705
0.001212
0.000736
0.001093
0.000722
0.001900
0.001137
0.002436
0.000745
0.000729
0.002191
0.000709
0.001317
0.002019
0.000674
0.000701
0.001293
0.000717
0.001625
0.002454
0.000709
0.001584
0.000730
0.001668
0.000732
0.002531
0.000726
0.000803
0.001298
0.000724
0.000779
0.000691
0.001961
0.000701
0.002262
0.001392
0.000738
0.000748
0.001051
0.000746
0.000716
0.000735
0.001653
0.001961
0.000726
0.001249
0.000715
0.002199
0.000717
0.000846
0.000714
0.000787
0.001638
0.000709
0.000754
0.002815
0.000718
0.001874
0.002228
0.002303
0.000682
0.000740
0.004694
0.000707
0.000720
0.000738
0.001910
0.001073
0.000751
0.000780
0.000781
0.000716
0.000712
0.000718
0.002548
0.000713
0.003196
0.002751
0.000789
0.000723
0.003089
0.000721
0.000710
0.000884
0.000836
0.000723
0.000847
0.000758
0.001721
0.000966
0.002025
0.000720
0.000732
0.002106
0.000715
0.000738
0.002067
0.000715
0.000758
0.002595
0.000672
0.000711
0.000907
0.000727
0.000712
0.001776
0.000680
0.002874
0.002114
0.001886
0.000721
0.000711
0.001047
0.000681
0.000753
0.001437
0.000680
0.000779
0.000740
0.001589
0.001788
0.000775
0.002598
0.000697
0.003258
0.001680
0.000677
0.000816
0.002413
0.000867
0.001929
0.000719
0.000746
0.000699
0.001724
0.000728
0.000755
0.000711
0.001473
0.000718
0.001448
0.000703
0.001717
0.000744
0.001958
0.000694
0.002835
0.000705
0.000750
0.001163
0.000955
0.000680
0.000719
0.002228
0.000684
0.001751
0.000712
0.000762
0.000736
0.003006
0.000704
0.001084
0.001680
0.003336
0.000720
0.000725
0.000713
0.000733
0.000697
0.002520
0.000965
0.000721
0.000707
0.001911
0.000793
0.000897
0.000701
0.000718
0.004905
0.000842
0.000760
0.000938
0.000726
0.000727
0.000973
0.001820
0.002340
0.000970
0.000691
0.000687
0.000990
0.000731
0.000725
0.001776
0.000726
0.000854
0.001877
0.000731
0.000741
0.000705
0.004026
0.000776
0.000727
0.000716
0.000716
0.000788
0.002252
0.000713
0.000743
0.003258
0.000713
0.001926
0.001845
0.000748
0.000734
0.002707
0.000727
0.001807
0.003135
0.002308
0.000707
0.001170
0.000698
0.000682
0.000710
0.001119
0.000734
0.000746
0.001975
0.000725
0.000714
0.000920
0.000737
0.000733
0.001416
0.001201
0.000737
0.000699
0.001392
0.000701
0.003951
0.001011
0.000732
0.000698
0.002169
0.000752
0.001188
0.001031
0.001510
0.000681
0.001089
0.000707
0.000693
0.000745
0.000715
0.000731
0.002443
0.000712
0.000692
0.000889
0.000678
0.000689
0.002648
0.000704
0.003370
0.001675
0.002039
0.000828
0.000873
0.003159
0.000702
0.000747
0.000878
0.001198
0.000668
0.001276
0.000704
0.000705
0.000742
0.001056
0.000719
0.001927
0.002022
0.001549
0.000748
0.001117
0.000744
0.001106
0.001141
0.002922
0.002256
0.001625
0.000714
0.001054
0.000677
0.000746
0.000731
0.003805
0.000727
0.002244
0.001462
0.000745
0.000740
0.000729
0.000801
0.000872
0.002353
0.001245
0.001188
0.000734
0.000676
0.000733
0.000693
0.000731
0.000696
0.002162
0.000742
0.001649
0.000687
0.000692
0.000739
0.000705
0.000758
0.000739
0.001274
0.000746
0.000711
0.001036
0.001514
0.000779
0.001993
0.000746
0.001951
0.000727
0.002382
0.000741
0.000735
0.000694
0.001809
0.000737
0.000713
0.001493
0.000674
0.000749
0.001923
0.000689
0.002093
0.001200
0.000925
0.000713
0.001659
0.001152
0.000878
0.001962
0.000731
0.002847
0.003178
0.000803
0.000716
0.001046
0.000722
0.001504
0.000757
0.002072
0.001862
0.000938
