0.001404
0.001678
0.001644
0.001525
0.001381
0.001391
0.001269
0.003158
0.001474
0.002720
0.001337
0.001336
0.002201
0.001366
0.001849
0.002060
0.001690
0.001540
0.001327
0.001850
0.001666
0.002369
0.001727
0.001720
0.001643
0.001724
0.001627
0.001830
0.001981
0.002201
0.001698
0.001743
0.002148
0.001754
0.001864
0.001670
0.001697
0.001736
0.001654
0.001464
0.002083
0.001749
0.002074
0.001796
0.001864
0.001895
0.001998
0.001791
0.002060
0.001796
0.001760
0.001866
0.002058
0.001972
0.001715
0.001746
0.001756
0.001737
0.001797
0.001677
0.001795
0.001920
0.001963
0.002592
0.001692
0.001671
0.001706
0.001714
0.001847
0.001765
0.001780
0.001989
0.001971
0.001673
0.002017
0.002098
0.001726
0.001708
0.001815
0.002250
0.001691
0.001757
0.001651
0.001625
0.001827
0.001747
0.001721
0.001985
0.001898
0.001868
0.001849
0.001437
0.002261
0.001634
0.001936
0.001786
0.001717
0.001919
0.002014
0.001834
0.002078
0.001597
0.001663
0.002059
0.002036
0.002148
0.001756
0.002122
0.001702
0.001650
0.001976
0.001773
0.002028
0.001626
0.001555
0.001744
0.001720
0.001594
0.001827
0.001661
0.001726
0.001733
0.001687
0.002284
0.001726
0.002074
0.002324
0.001654
0.001679
0.002078
0.002206
0.001984
0.001659
0.002085
0.001807
0.001983
0.001821
0.001614
0.001792
0.001766
0.001766
0.001672
0.001977
0.001595
0.001639
0.001826
0.002231
0.001673
0.002074
0.001809
0.001903
0.001721
0.001692
0.002107
0.001963
0.001971
0.001987
0.001643
0.002089
0.002030
0.001651
0.001680
0.001672
0.001781
0.002193
0.001763
0.001865
0.001845
0.001897
0.001847
0.001867
0.001919
0.001729
0.001638
0.002139
0.001906
0.001729
0.001717
0.001992
0.001719
0.001845
0.001712
0.002095
0.001645
0.001905
0.001720
0.002083
0.001879
0.001694
0.002045
0.002014
0.002127
0.002075
0.001697
0.001886
0.001667
0.001873
0.001714
0.001775
0.001831
0.001803
0.001757
0.002359
0.002133
0.001907
0.001601
0.001579
0.002230
0.001778
0.001801
0.001780
0.001655
0.002142
0.001765
0.001981
0.001663
0.001742
0.002090
0.002103
0.002078
0.001728
0.002104
0.001713
0.001647
0.001763
0.001790
0.001640
0.001728
0.001602
0.001632
0.001690
0.001929
0.002457
0.001601
0.001791
0.001931
0.001687
0.001631
0.002309
0.001585
0.001978
0.002122
0.002019
0.002436
0.002162
0.002374
0.002030
0.001572
0.002220
0.001846
0.001727
0.001782
0.001736
0.002773
0.001751
0.001798
0.002140
0.001715
0.001796
0.001755
0.001747
0.001793
0.001784
0.002009
0.001754
0.001867
0.002124
0.002035
0.001989
0.001933
0.002630
0.001637
0.002397
0.001715
0.002520
0.001852
0.001613
0.001758
0.002322
0.001751
0.001699
0.001618
0.001653
0.001809
0.001798
0.002732
0.001698
0.001997
0.001706
0.001727
0.001854
0.001765
0.001932
0.002013
0.001699
0.001897
0.001875
0.001780
0.001748
0.001978
0.001658
0.001781
0.001825
0.001664
0.001820
0.001813
0.002035
0.001715
0.001731
0.001987
0.001698
0.001693
0.001750
0.002217
0.001722
0.001702
0.002233
0.001666
0.002054
0.001706
0.001709
0.002076
0.001991
0.001702
0.002016
0.001784
0.001707
0.001838
0.002065
0.001971
0.001551
0.001754
0.002684
0.001902
0.001868
0.001711
0.001982
0.002206
0.002283
0.002815
0.001961
0.002102
0.001920
0.001802
0.001872
0.001942
0.001750
0.001675
0.002597
0.001575
0.001614
0.001635
0.002385
0.002007
0.001833
0.002126
0.001905
0.001998
0.001863
0.001798
0.001647
0.001780
0.001773
0.001610
0.002137
0.002240
0.001855
0.001987
0.001693
0.002074
0.001894
0.002044
0.001718
0.001961
0.001737
0.001688
0.001777
0.002271
0.002499
0.001719
0.001770
0.001999
0.002053
0.002683
0.001707
0.002346
0.002135
0.001798
0.001738
0.002068
0.001741
0.001990
0.001753
0.002012
0.001803
0.001762
0.001763
0.002080
0.002043
0.001743
0.001715
0.001967
0.001823
0.001740
0.002039
0.001738
0.001738
0.001706
0.002012
0.001752
0.001952
0.001655
0.001710
0.001923
0.001940
0.002017
0.001694
0.001749
0.002045
0.001795
0.001661
0.001603
0.001678
0.002191
0.001818
0.002057
0.002195
0.002028
0.001778
0.001838
0.001661
0.002290
0.001606
0.001592
0.001745
0.001602
0.001838
0.001838
0.001932
0.001631
0.001691
0.001789
0.001603
0.001897
0.001777
0.001637
0.002011
0.001814
0.001729
0.002042
0.002419
0.001947
0.001794
0.001697
0.001736
0.001860
0.002077
0.001717
0.001727
0.002039
0.001834
0.001871
0.002055
0.001660
0.001780
0.001975
0.001844
0.001676
0.002045
0.001823
0.002003
0.001740
0.001709
0.001848
0.001899
0.002075
0.001697
0.001615
0.001686
0.001671
0.001703
0.002292
0.001752
0.001302
0.002038
0.002070
0.001837
0.001682
0.001677
0.001941
0.002477
0.001681
0.002024
0.001761
0.001966
0.001599
0.001930
0.001733
0.001789
0.001718
0.001717
0.001749
0.001790
0.001633
0.002149
0.001835
0.001574
0.001785
0.002214
0.001986
0.001737
0.002013
0.002070
0.001896
0.001908
0.002031
0.001881
0.001689
0.001878
0.001825
0.001986
0.002165
0.001770
0.001768
0.002062
0.001872
0.001800
0.002196
0.001817
0.001699
0.001817
0.001843
0.002015
0.001789
0.001836
0.001780
0.001726
0.001866
0.001768
0.002167
0.001754
0.002104
0.001814
0.002274
0.001809
0.001776
0.001606
0.002091
0.001695
0.001763
0.002097
0.002374
0.001740
0.001776
0.001696
0.001578
0.002135
0.002078
0.002022
0.002680
0.001874
0.001999
0.002040
0.001926
0.001591
0.001962
0.001677
0.001732
0.001708
0.001650
0.001944
0.001759
0.001715
0.002005
0.001891
0.001769
0.001562
0.001775
0.001808
0.002564
0.002058
0.001898
0.001703
0.001835
0.002038
0.001988
0.001609
0.001959
0.001750
0.001750
0.001764
0.001911
0.001646
0.002006
0.001705
0.002015
0.001901
0.001791
0.001899
0.001642
0.001827
0.001592
0.002139
0.001800
0.002228
0.001818
0.002003
0.001967
0.001563
0.001807
0.002002
0.001648
0.002030
0.001725
0.002088
0.002325
0.001691
0.001634
0.001607
0.001804
0.001971
0.001555
0.002263
0.001749
0.001653
0.001968
0.001617
0.001758
0.001739
0.001576
0.001493
0.001797
0.001784
0.001930
0.002146
0.001786
0.001758
0.001555
0.001626
0.001735
0.002319
0.002096
0.001679
0.001708
0.001687
0.001782
0.001685
0.001689
0.001871
0.001809
0.001788
0.002037
0.002040
0.002088
0.001869
0.001604
0.001700
0.001785
0.001906
0.001679
0.001791
0.001549
0.001664
0.001644
0.001772
0.002124
0.001768
0.001730
0.002020
0.002612
0.001773
0.001758
0.001660
0.001833
0.001521
0.001738
0.001744
0.001878
0.001976
0.001626
0.002122
0.001807
0.001722
0.001714
0.002110
0.001688
0.001614
0.001584
0.002083
0.002090
0.001986
0.001731
0.001913
0.001924
0.001651
0.001613
0.001873
0.001701
0.001932
0.001695
0.001802
0.001696
0.002214
0.001966
0.001290
0.002075
0.002000
0.001739
0.001982
0.001660
0.001913
0.002127
0.002248
0.002008
0.001736
0.001781
0.001629
0.001881
0.001620
0.002032
0.002047
0.002086
0.001714
0.001828
0.002138
0.001928
0.001732
0.001668
0.001995
0.001954
0.001759
0.002280
0.001584
0.002053
0.001935
0.002115
0.002109
0.002711
0.001768
0.002022
0.001803
0.002222
0.001706
0.002018
0.001921
0.001703
0.001839
0.001765
0.002187
0.001327
0.001872
0.001803
0.001626
0.001842
0.001737
0.001738
0.001791
0.001860
0.002080
0.001726
0.002217
0.001682
0.001787
0.001783
0.001627
0.001894
0.001599
0.002003
0.002000
0.001843
0.002382
0.001728
0.001873
0.001683
0.002039
0.001995
0.001737
0.002164
0.002252
0.001587
0.001857
0.001757
0.002274
0.001754
0.001936
0.001965
0.001570
0.001829
0.001684
0.001998
0.002067
0.001855
0.001923
0.001601
0.001778
0.002347
0.001673
0.002077
0.001798
0.001993
0.002030
0.001821
0.001661
0.001966
0.001783
0.001845
0.001584
0.001678
0.002051
0.001742
0.001690
0.001994
0.001692
0.001675
0.001897
0.001662
0.002032
0.002125
0.002210
0.001722
0.001839
0.001392
0.001839
0.002152
0.001607
0.001736
0.001669
0.001633
0.001845
0.001621
0.002060
0.001728
0.001772
0.001900
0.001708
0.001800
0.001716
0.001991
0.001754
0.001757
0.001519
0.001936
0.001819
0.001682
0.002059
0.001690
0.001878
0.001624
0.001933
0.002066
0.002256
0.001769
0.001734
0.001870
0.001744
0.001706
0.001672
0.001727
0.002249
0.002449
0.002081
0.001658
0.001723
0.001903
0.001862
0.002075
0.001864
0.001985
0.001754
0.001888
0.001800
0.002005
0.002029
0.001729
0.001671
0.001782
0.002078
0.002043
0.001734
0.001933
0.001816
0.001785
0.001813
0.002028
0.001876
0.001842
0.001633
0.001972
0.001675
0.001737
0.001738
0.001874
0.001908
0.001789
0.002052
0.001636
0.001824
0.001965
0.001769
0.001785
0.001866
0.001838
0.002043
0.001932
0.002033
0.001656
0.001801
0.001772
0.001956
0.001861
0.001896
0.001800
0.001860
0.001733
0.001646
0.002070
0.001638
0.001673
0.002138
0.001730
0.001698
0.002030
0.002191
0.002196
0.002040
0.001783
0.001917
0.001731
0.002013
0.001644
0.001827
0.001743
0.001696
0.001744
0.001979
0.001649
0.001708
0.001675
0.002087
0.002008
0.001815
0.001822
0.001668
0.002037
0.001690
0.001937
0.002325
0.001621
0.001773
0.002177
0.002038
0.001761
0.001758
0.001679
0.001963
0.001953
0.001932
0.001960
0.001485
0.001858
0.001928
0.002117
0.001706
0.002065
0.001990
0.001737
0.001819
0.001906
0.001817
0.001733
0.002168
0.001782
0.001821
0.002027
0.001667
0.002082
0.001987
0.001598
0.001250
0.001665
0.001938
0.001760
0.001682
0.002019
0.001777
0.001826
0.002034
0.001745
0.001741
0.001786
0.001627
0.002184
0.001931
0.002124
0.002030
0.002250
0.001738
0.001860
0.001887
0.001846
