0.002341
0.002900
0.003033
0.003134
0.002664
0.002634
0.002287
0.002988
0.003029
0.002021
0.002659
0.003046
0.003181
0.002913
0.002538
0.003024
0.002233
0.002509
0.002971
0.003016
0.003118
0.003355
0.001932
0.003100
0.002639
0.003163
0.003205
0.002674
0.002278
0.002835
0.002999
0.002176
0.003099
0.002926
0.001835
0.002890
0.002899
0.002711
0.002628
0.002913
0.002634
0.002509
0.002707
0.002472
0.002993
0.002107
0.002763
0.003164
0.002885
0.002808
0.002234
0.002615
0.002896
0.001899
0.003261
0.002580
0.002023
0.003250
0.002643
0.002906
0.002614
0.002223
0.003613
0.003316
0.002325
0.003817
0.002430
0.002283
0.002086
0.003169
0.001915
0.002567
0.001780
0.003723
0.002424
0.003469
0.002662
0.003014
0.002004
0.002466
0.002670
0.002710
0.002865
0.002923
0.002777
0.002636
0.002531
0.002132
0.002995
0.002101
0.003202
0.002162
0.002070
0.002963
0.002118
0.003029
0.001941
0.002873
0.002951
0.003099
0.002188
0.002878
0.002399
0.002696
0.001958
0.002096
0.002246
0.001760
0.002623
0.003145
0.003165
0.002664
0.002593
0.002384
0.002474
0.003393
0.002677
0.002172
0.002558
0.002554
0.002947
0.001813
0.002856
0.002416
0.002647
0.003119
0.002984
0.003766
0.001921
0.001837
0.002275
0.003198
0.002072
0.002906
0.002415
0.002578
0.002536
0.002711
0.002314
0.003084
0.003026
0.002738
0.003978
0.002519
0.002270
0.002731
0.003098
0.002959
0.002846
0.002898
0.002050
0.002476
0.003270
0.002749
0.004278
0.003365
0.002540
0.002812
0.003624
0.002378
0.003750
0.002396
0.002259
0.002711
0.002713
0.002660
0.003005
0.003490
0.002739
0.002700
0.002163
0.001837
0.002674
0.003371
0.003146
0.003476
0.003104
0.002151
0.003003
0.002726
0.002031
0.003249
0.002708
0.002660
0.003031
0.002875
0.002578
0.003198
0.002960
0.002620
0.001799
0.002995
0.002101
0.003058
0.002542
0.002149
0.002501
0.002122
0.001853
0.002300
0.002735
0.003047
0.002275
0.002598
0.002142
0.002466
0.003524
0.002928
0.002609
0.003003
0.002413
0.002911
0.002237
0.002653
0.002666
0.002642
0.002677
0.002001
0.002926
0.003061
0.002166
0.002386
0.002625
0.003126
0.003284
0.002501
0.002975
0.002908
0.003013
0.003286
0.003067
0.002808
0.003510
0.002403
0.001842
0.002613
0.003444
0.003069
0.003002
0.003108
0.002482
0.003139
0.002869
0.001888
0.003231
0.002577
0.002666
0.002004
0.002841
0.002365
0.002281
0.003375
0.002421
0.003042
0.002811
0.002706
0.001786
0.002481
0.003605
0.002291
0.001775
0.003285
0.002517
0.002722
0.002296
0.002371
0.002599
0.002034
0.002892
0.002520
0.002561
0.002695
0.002657
0.002736
0.003082
0.003272
0.002227
0.002089
0.002001
0.003291
0.002361
0.001798
0.002238
0.003348
0.001978
0.002614
0.003423
0.002492
0.003106
0.002692
0.002954
0.002131
0.002707
0.003440
0.002298
0.001957
0.002696
0.002236
0.002025
0.002874
0.003541
0.002907
0.003229
0.002787
0.002845
0.002373
0.002908
0.002615
0.002546
0.002502
0.002327
0.002062
0.002865
0.002860
0.001965
0.003132
0.002652
0.002402
0.002839
0.002453
0.002995
0.002198
0.002479
0.003091
0.002979
0.002594
0.002153
0.003119
0.002842
0.002752
0.002704
0.002296
0.003047
0.002913
0.002825
0.002687
0.002871
0.002885
0.002826
0.002167
0.002174
0.002630
0.002447
0.002190
0.001866
0.002958
0.002993
0.002844
0.002960
0.003105
0.002893
0.003212
0.002935
0.002530
0.003064
0.002339
0.002712
0.002350
0.002176
0.002643
0.002952
0.003209
0.001848
0.002824
0.003086
0.003753
0.003111
0.001848
0.002894
0.002377
0.002869
0.004078
0.002507
0.003071
0.003046
0.002070
0.002769
0.002880
0.003218
0.003056
0.002269
0.002673
0.002796
0.002015
0.002924
0.002703
0.002577
0.002905
0.002176
0.002135
0.002479
0.003230
0.002785
0.002386
0.002695
0.002623
0.002980
0.002470
0.002584
0.002889
0.002105
0.002758
0.002708
0.002486
0.002824
0.003255
0.002468
0.002739
0.003389
0.002386
0.002491
0.003051
0.001972
0.003270
0.003647
0.002126
0.002834
0.002788
0.001793
0.003300
0.002003
0.003139
0.001748
0.001959
0.002561
0.003178
0.002995
0.002355
0.003508
0.001871
0.003033
0.002937
0.002892
0.002484
0.002248
0.002247
0.002602
0.003293
0.002937
0.002346
0.001902
0.003246
0.002116
0.003032
0.002310
0.001957
0.002967
0.001820
0.003411
0.002080
0.003268
0.001947
0.002987
0.001910
0.002842
0.002614
0.003225
0.002575
0.002996
0.002836
0.002694
0.002776
0.002508
0.002575
0.002398
0.003114
0.002639
0.002639
0.002844
0.003174
0.003213
0.002663
0.002861
0.002968
0.003100
0.002318
0.002926
0.003253
0.003196
0.002621
0.002381
0.002717
0.001940
0.003255
0.002650
0.002651
0.002402
0.002497
0.002799
0.002168
0.003293
0.002619
0.002510
0.003047
0.002832
0.003021
0.003601
0.002969
0.002097
0.002674
0.002132
0.002784
0.003235
0.002840
0.003164
0.002723
0.002394
0.003189
0.002827
0.002171
0.003190
0.002331
0.002829
0.002886
0.001997
0.001953
0.003363
0.002295
0.003019
0.003587
0.002733
0.002763
0.003115
0.002769
0.002971
0.002631
0.002835
0.003047
0.002769
0.003053
0.002477
0.002676
0.002649
0.002433
0.002311
0.003277
0.002658
0.002803
0.003085
0.002341
0.001992
0.003254
0.002465
0.003058
0.001760
0.002253
0.002782
0.003343
0.002016
0.002848
0.003140
0.003105
0.002841
0.003599
0.003096
0.002952
0.002609
0.003754
0.003413
0.002626
0.003837
0.002750
0.002123
0.002490
0.002550
0.002403
0.002158
0.002390
0.002169
0.002958
0.002627
0.002429
0.003512
0.002647
0.003060
0.002723
0.002618
0.002402
0.001562
0.002284
0.003105
0.001868
0.002752
0.003076
0.002104
0.002276
0.003255
0.002247
0.002771
0.002707
0.002008
0.002642
0.002817
0.002661
0.002487
0.002821
0.003158
0.003375
0.002887
0.002541
0.002844
0.002087
0.002997
0.002707
0.002847
0.002681
0.002787
0.002359
0.002424
0.003044
0.002279
0.002722
0.002449
0.002293
0.002734
0.002801
0.002650
0.001802
0.003130
0.002779
0.002866
0.003244
0.003441
0.002286
0.002686
0.002898
0.003299
0.002965
0.002350
0.001907
0.002071
0.002678
0.002921
0.002153
0.002488
0.002273
0.002714
0.002854
0.002719
0.003137
0.002703
0.003442
0.002928
0.002710
0.004100
0.003103
0.003075
0.002554
0.002870
0.003031
0.002775
0.003374
0.002142
0.002003
0.002725
0.002264
0.002045
0.002039
0.002895
0.003129
0.003342
0.002444
0.002840
0.002438
0.002770
0.001866
0.002374
0.002872
0.003596
0.002968
0.002841
0.002695
0.003092
0.002678
0.003046
0.001909
0.001853
0.002645
0.003092
0.002650
0.002187
0.002210
0.003155
0.002800
0.002580
0.002425
0.003211
0.002962
0.002271
0.002452
0.002378
0.002897
0.002014
0.003203
0.003044
0.002674
0.002815
0.002504
0.002971
0.002969
0.002592
0.001986
0.002899
0.002186
0.002667
0.002860
0.002676
0.002650
0.001776
0.002169
0.002559
0.002250
0.002528
0.002297
0.001944
0.003784
0.002763
0.003246
0.002092
0.002530
0.003090
0.002160
0.003354
0.002995
0.004242
0.002521
0.002678
0.002025
0.003019
0.002798
0.002458
0.002969
0.003916
0.003185
0.002286
0.002819
0.003514
0.002069
0.002541
0.002564
0.002252
0.002385
0.003235
0.001960
0.002973
0.002047
0.002453
0.002754
0.002639
0.002395
0.002627
0.003098
0.002757
0.002759
0.002329
0.002531
0.002469
0.002474
0.003144
0.003233
0.003707
0.002105
0.002849
0.002887
0.003116
0.003064
0.002641
0.002578
0.002689
0.002898
0.003229
0.003202
0.002049
0.002709
0.002871
0.003129
0.003146
0.002678
0.002174
0.002179
0.002783
0.002506
0.003057
0.002376
0.002900
0.002231
0.003144
0.002363
0.003281
0.003222
0.002458
0.002590
0.002943
0.002984
0.003211
0.002544
0.002304
0.003248
0.002428
0.003269
0.002870
0.002669
0.003050
0.002836
0.002962
0.002703
0.001959
0.002066
0.002846
0.002725
0.003480
0.002386
0.003293
0.002165
0.002915
0.002985
0.003165
0.002016
0.003200
0.002412
0.003515
0.002253
0.002287
0.002263
0.002996
0.002782
0.003243
0.002816
0.002542
0.002698
0.002748
0.003050
0.002670
0.002944
0.002671
0.002213
0.003036
0.003243
0.003098
0.002633
0.002597
0.003084
0.003903
0.003154
0.003219
0.003717
0.002867
0.003250
0.001855
0.002798
0.002881
0.002955
0.002194
0.003038
0.002989
0.002591
0.002572
0.003300
0.002127
0.002725
0.002696
0.003273
0.001971
0.003735
0.002851
0.002408
0.002198
0.002935
0.002320
0.002896
0.003248
0.002582
0.003027
0.003134
0.002449
0.003265
0.002219
0.002876
0.002701
0.002022
0.003068
0.001957
0.002309
0.002326
0.001860
0.002674
0.002632
0.001819
0.003653
0.002644
0.002726
0.003173
0.002867
0.003077
0.002435
0.003122
0.002531
0.002753
0.002385
0.002896
0.002380
0.002109
0.002915
0.003022
0.003212
0.003014
0.002646
0.002430
0.002215
0.002670
0.003264
0.003035
0.002572
0.002645
0.002413
0.003155
0.003188
0.002747
0.002918
0.002973
0.003160
0.001940
0.002848
0.001876
0.003227
0.002930
0.002470
0.002340
0.003638
0.002575
0.003212
0.002199
0.002875
0.002263
0.002998
0.003037
0.002855
0.002574
0.002361
0.002617
0.002069
0.002600
0.002723
0.002912
0.002436
0.002658
0.003090
0.002765
0.001977
0.002658
0.001869
0.002969
0.002176
0.002596
0.002740
0.002838
0.003236
0.002820
0.002833
0.002819
0.002078
0.002691
0.002972
0.002550
0.002245
0.002931
0.002022
0.003237
0.002780
0.003066
0.002517
0.002679
0.002475
0.003005
0.002821
0.001871
0.002804
0.003193
0.002970
0.003092
0.003136
0.002641
0.002842
0.002812
0.003140
0.001889
0.002984
0.002631
0.003034
0.001907
0.002619
0.002383
0.003164
0.002981
0.003042
0.002652
0.002958
0.002958
0.002965
0.002327
