0.002043
0.001787
0.001837
0.001997
0.002188
0.001836
0.001671
0.001598
0.001912
0.001646
0.002120
0.001760
0.001798
0.001843
0.002157
0.001735
0.001671
0.001396
0.001568
0.001654
0.001811
0.002019
0.002299
0.001808
0.001900
0.002063
0.002201
0.002961
0.002331
0.001745
0.001575
0.001699
0.002205
0.001808
0.002068
0.002241
0.002585
0.001861
0.002376
0.001594
0.001849
0.002288
0.002597
0.001677
0.002487
0.002786
0.002147
0.002137
0.002809
0.001506
0.002240
0.002009
0.002392
0.002631
0.002077
0.002282
0.002236
0.002398
0.002315
0.002142
0.001838
0.002095
0.002288
0.003203
0.002274
0.001795
0.002359
0.002454
0.002679
0.002157
0.002501
0.001991
0.002486
0.002080
0.001961
0.002797
0.001805
0.001951
0.001551
0.002032
0.002223
0.002947
0.002226
0.002149
0.002001
0.002339
0.001670
0.002096
0.002646
0.002033
0.002399
0.002182
0.001632
0.001718
0.002224
0.001988
0.002264
0.002794
0.002227
0.002104
0.001756
0.002101
0.001808
0.002770
0.001638
0.002675
0.002443
0.002142
0.002477
0.002198
0.002112
0.001827
0.002256
0.002465
0.002097
0.001888
0.002009
0.001964
0.002110
0.002648
0.002399
0.002426
0.001805
0.002205
0.002406
0.002377
0.001815
0.002719
0.002141
0.003049
0.002550
0.002523
0.002389
0.002343
0.002042
0.002139
0.002226
0.002344
0.002297
0.002293
0.001688
0.001690
0.002745
0.002525
0.002063
0.002650
0.002362
0.001739
0.002726
0.001843
0.002309
0.001588
0.002268
0.002221
0.002167
0.002294
0.001816
0.002643
0.002470
0.002481
0.002604
0.002429
0.002399
0.002180
0.002084
0.002454
0.002350
0.002552
0.002243
0.001982
0.002233
0.002476
0.002329
0.002168
0.002054
0.002273
0.002040
0.001838
0.002432
0.002269
0.002279
0.002341
0.002205
0.002481
0.002488
0.002558
0.002148
0.002176
0.002564
0.002036
0.002326
0.002548
0.002375
0.001960
0.002695
0.002911
0.002204
0.001859
0.002289
0.002487
0.002533
0.002462
0.002363
0.002042
0.002053
0.002592
0.002151
0.002774
0.002260
0.002296
0.002536
0.002563
0.002272
0.003088
0.001989
0.001762
0.002483
0.002814
0.002401
0.001958
0.002157
0.002517
0.002198
0.002271
0.002077
0.002580
0.002385
0.002300
0.002386
0.001792
0.002447
0.002529
0.002370
0.001879
0.002550
0.002197
0.002257
0.002719
0.002709
0.002302
0.002129
0.002267
0.003376
0.001901
0.002609
0.002343
0.002520
0.002385
0.001735
0.002024
0.002322
0.002304
0.002060
0.002079
0.002633
0.002350
0.002053
0.002213
0.001859
0.002295
0.001806
0.002075
0.001997
0.002222
0.002229
0.002950
0.002439
0.002098
0.002342
0.001943
0.002674
0.002486
0.002319
0.002515
0.002964
0.002367
0.002400
0.001850
0.002910
0.001836
0.002530
0.002145
0.001763
0.002451
0.002496
0.001913
0.002402
0.002893
0.002595
0.002233
0.002304
0.001845
0.001837
0.002008
0.002467
0.002687
0.002377
0.002316
0.002333
0.001712
0.001948
0.002210
0.002918
0.001741
0.002481
0.002141
0.008262
0.002525
0.002370
0.001600
0.002311
0.001722
0.002458
0.002342
0.001965
0.002102
0.002157
0.001694
0.002502
0.002289
0.002245
0.002237
0.002027
0.001997
0.002668
0.003133
0.002148
0.002472
0.002538
0.002785
0.002411
0.002527
0.002175
0.002787
0.002137
0.002391
0.002466
0.002696
0.002087
0.001774
0.002452
0.002518
0.002068
0.002280
0.001727
0.001763
0.002297
0.002239
0.001735
0.001704
0.002528
0.002832
0.002241
0.001995
0.001772
0.002304
0.002289
0.002638
0.002362
0.001857
0.002586
0.001924
0.001897
0.001959
0.001889
0.002411
0.003012
0.002914
0.002588
0.002843
0.002150
0.001557
0.002239
0.001973
0.002341
0.002294
0.002527
0.002651
0.002167
0.002451
0.002202
0.002008
0.002253
0.001936
0.002518
0.002192
0.002992
0.002304
0.001692
0.002140
0.002045
0.002438
0.002225
0.002010
0.001912
0.002537
0.003826
0.001998
0.002163
0.002172
0.001896
0.002500
0.002495
0.002296
0.002264
0.002304
0.002275
0.002081
0.002466
0.002383
0.002585
0.002786
0.002200
0.003593
0.002252
0.002082
0.002745
0.002511
0.002539
0.002220
0.002814
0.002248
0.002414
0.002755
0.002579
0.002492
0.002868
0.002409
0.002685
0.001498
0.002041
0.002219
0.002445
0.002812
0.002535
0.002563
0.002452
0.001872
0.001774
0.002302
0.001975
0.002069
0.002510
0.002131
0.002169
0.001733
0.002037
0.002496
0.002088
0.002209
0.002444
0.001976
0.002387
0.002745
0.002504
0.002038
0.002076
0.002484
0.002317
0.001868
0.002183
0.002364
0.002039
0.002782
0.002838
0.001986
0.001855
0.002729
0.002227
0.001807
0.002124
0.001928
0.002316
0.002465
0.002256
0.002497
0.002252
0.002270
0.002182
0.002224
0.002028
0.001761
0.002178
0.003355
0.002825
0.002224
0.001892
0.001932
0.002284
0.002304
0.002483
0.002593
0.002279
0.002356
0.002185
0.001844
0.002000
0.002887
0.002499
0.001926
0.002171
0.001730
0.001698
0.002155
0.001843
0.001921
0.002002
0.002450
0.002186
0.002191
0.002210
0.002649
0.002420
0.002215
0.002413
0.002094
0.002481
0.002065
0.001434
0.001998
0.002241
0.002410
0.002330
0.002468
0.001464
0.002207
0.002317
0.002204
0.002617
0.002344
0.002140
0.002670
0.002022
0.002323
0.002418
0.002362
0.002181
0.002291
0.002049
0.002695
0.002495
0.002123
0.002109
0.002586
0.001865
0.002461
0.001957
0.002210
0.002276
0.001828
0.002304
0.002112
0.002288
0.002461
0.002399
0.002637
0.002244
0.002026
0.002582
0.002401
0.002113
0.002411
0.001763
0.002526
0.001741
0.002317
0.002521
0.001994
0.002136
0.002482
0.001900
0.001735
0.002254
0.002442
0.002227
0.001722
0.002282
0.002354
0.002146
0.001935
0.002174
0.002226
0.002082
0.002142
0.002228
0.002486
0.002595
0.002499
0.001934
0.002426
0.002646
0.002073
0.002235
0.002015
0.002125
0.002141
0.002027
0.002467
0.002219
0.003057
0.002365
0.002231
0.002428
0.002666
0.002082
0.001816
0.002484
0.002193
0.001874
0.002116
0.002157
0.002310
0.002059
0.002665
0.002286
0.001864
0.001778
0.002542
0.002167
0.002018
0.002318
0.002377
0.002084
0.002423
0.002353
0.002241
0.002873
0.002476
0.002026
0.002655
0.002248
0.001945
0.002592
0.002069
0.002177
0.002304
0.002175
0.002686
0.002030
0.002225
0.002511
0.002388
0.001900
0.002384
0.002149
0.002421
0.002246
0.002507
0.002153
0.001973
0.002219
0.002311
0.003031
0.002081
0.002119
0.002061
0.002348
0.002617
0.001936
0.002467
0.002156
0.002752
0.001638
0.002355
0.001952
0.002176
0.001974
0.002076
0.001921
0.002177
0.002040
0.002222
0.002438
0.003103
0.001950
0.001919
0.002283
0.002059
0.002092
0.002213
0.002306
0.002068
0.003024
0.001982
0.002769
0.002283
0.002204
0.002379
0.002769
0.002282
0.002014
0.002405
0.002049
0.001846
0.002012
0.002631
0.002476
0.002018
0.002044
0.001924
0.002415
0.002298
0.002532
0.002370
0.002148
0.002493
0.001517
0.002209
0.002085
0.002580
0.002206
0.002151
0.002797
0.002493
0.001887
0.002164
0.002028
0.002122
0.001837
0.002273
0.002178
0.002859
0.002498
0.001981
0.002657
0.002489
0.001971
0.001919
0.001833
0.001818
0.001963
0.001720
0.002251
0.002536
0.002069
0.002376
0.001971
0.002715
0.002429
0.002274
0.002437
0.002148
0.002011
0.001932
0.002522
0.001842
0.001742
0.002011
0.002301
0.001987
0.002784
0.002394
0.002093
0.002427
0.002068
0.002289
0.002243
0.002153
0.002269
0.002235
0.001691
0.002457
0.002219
0.001990
0.001810
0.002383
0.002472
0.002168
0.002301
0.002314
0.002191
0.001897
0.001967
0.002173
0.001936
0.002996
0.001941
0.002268
0.002072
0.002193
0.002094
0.001811
0.002531
0.001893
0.001878
0.002283
0.002801
0.001958
0.002356
0.001971
0.002121
0.002074
0.001860
0.002202
0.002223
0.002249
0.002256
0.002381
0.002083
0.002360
0.001800
0.001897
0.001784
0.002530
0.001965
0.001800
0.001838
0.002105
0.002282
0.002005
0.001880
0.001949
0.002157
0.001817
0.002335
0.002180
0.002062
0.002484
0.002136
0.002509
0.001497
0.002401
0.002206
0.002329
0.002705
0.001777
0.002191
0.002040
0.002228
0.002010
0.002191
0.001988
0.001812
0.002109
0.002509
0.002646
0.002371
0.001901
0.002047
0.002194
0.002694
0.001955
0.002746
0.002081
0.002306
0.002174
0.002169
0.001796
0.002249
0.002187
0.002110
0.002103
0.002283
0.001949
0.001814
0.001772
0.002537
0.002367
0.001992
0.001999
0.002689
0.002210
0.001999
0.002896
0.003004
0.002450
0.002931
0.001962
0.002419
0.002156
0.002463
0.002072
0.002474
0.001716
0.001845
0.002218
0.002110
0.002102
0.002329
0.002311
0.001893
0.002207
0.002016
0.002601
0.002146
0.002243
0.002198
0.002463
0.001881
0.002309
0.001830
0.001652
0.001887
0.003004
0.002219
0.002182
0.002208
0.002147
0.001917
0.002233
0.002341
0.002084
0.002441
0.002130
0.002414
0.002221
0.002018
0.002244
0.002243
0.002526
0.002873
0.002481
0.002189
0.002133
0.002368
0.002553
0.002409
0.002535
0.001934
0.001998
0.002536
0.002181
0.001861
0.002456
0.002187
0.002111
0.001998
0.002180
0.001792
0.002204
0.002268
0.001670
0.001982
0.002595
0.002184
0.002870
0.002462
0.002408
0.002284
0.002146
0.002228
0.001922
0.002028
0.001842
0.001847
0.001912
0.001862
0.002275
0.002322
0.002449
0.002432
0.002166
0.002547
0.001929
0.001814
0.002395
0.002620
0.002796
0.001835
0.001786
0.001929
0.002262
0.002625
0.002243
0.001984
0.002558
0.001935
0.002210
0.002305
0.002655
0.001931
0.002062
0.002887
0.002324
0.001812
0.003092
0.002144
0.002393
0.002276
0.002778
0.002467
0.002378
0.002691
0.001727
0.002729
0.002002
0.002667
0.002310
0.002658
0.002421
0.002140
0.002679
0.002322
0.002230
0.002173
0.002178
0.002108
0.002199
0.001919
0.002201
