0.002336
0.023216
0.000925
0.000954
0.000811
0.000860
0.002262
0.000820
0.001309
0.000813
0.003022
0.000879
0.001206
0.002839
0.000769
0.000954
0.003164
0.000824
0.000809
0.001608
0.000837
0.000825
0.000781
0.000814
0.000824
0.001114
0.000812
0.001249
0.000822
0.000851
0.000849
0.000820
0.000768
0.003444
0.001305
0.000767
0.000796
0.000807
0.000838
0.002727
0.000844
0.001631
0.000795
0.000804
0.000880
0.000891
0.002475
0.000845
0.000866
0.001944
0.000890
0.000810
0.000794
0.000830
0.000938
0.001257
0.000874
0.002861
0.004883
0.000816
0.000819
0.000791
0.002909
0.000768
0.000793
0.000783
0.001329
0.000839
0.000783
0.000842
0.000761
0.000840
0.000810
0.000784
0.000836
0.000772
0.000803
0.000793
0.000762
0.002108
0.000805
0.000889
0.003455
0.000776
0.002080
0.000824
0.000790
0.001969
0.000835
0.000774
0.000867
0.000780
0.000849
0.000819
0.000817
0.000789
0.000807
0.001757
0.003437
0.002453
0.000794
0.000835
0.000800
0.000789
0.000796
0.000808
0.000783
0.002299
0.000829
0.000816
0.001176
0.004436
0.000807
0.000823
0.000804
0.000792
0.000845
0.000819
0.000807
0.000780
0.002773
0.000819
0.002656
0.000800
0.002555
0.000828
0.002127
0.005055
0.000806
0.000830
0.000818
0.000818
0.000815
0.000802
0.000808
0.000822
0.000785
0.000831
0.000789
0.000897
0.000814
0.002565
0.001020
0.000796
0.000790
0.000819
0.002875
0.003539
0.002066
0.000788
0.001236
0.000756
0.003056
0.000815
0.000829
0.000804
0.000762
0.001378
0.001269
0.002043
0.000809
0.000840
0.000859
0.000779
0.000827
0.000879
0.000771
0.000803
0.000825
0.000885
0.001313
0.000855
0.000797
0.000752
0.000830
0.000808
0.000796
0.000755
0.000784
0.000820
0.000773
0.001603
0.000900
0.000807
0.001802
0.000816
0.000821
0.000809
0.000841
0.001063
0.000780
0.000849
0.001246
0.000842
0.006784
0.000763
0.000803
0.000821
0.001984
0.000817
0.002993
0.000787
0.000827
0.000821
0.000804
0.000822
0.000817
0.001267
0.001998
0.000783
0.000758
0.000818
0.000804
0.002286
0.000822
0.000788
0.003826
0.000793
0.000797
0.000858
0.000855
0.002008
0.000806
0.000782
0.000863
0.001556
0.000777
0.000789
0.000770
0.000867
0.000824
0.001694
0.000803
0.000837
0.000777
0.000788
0.000803
0.000810
0.000808
0.000840
0.000847
0.001439
0.003967
0.000860
0.002170
0.001511
0.000826
0.000802
0.001277
0.000849
0.000837
0.003530
0.002022
0.000837
0.000781
0.000796
0.000805
0.001671
0.001313
0.000811
0.000813
0.000787
0.000871
0.000796
0.000814
0.000826
0.000795
0.000874
0.004602
0.000772
0.000828
0.000786
0.001580
0.000823
0.000787
0.000898
0.000825
0.002666
0.001316
0.000781
0.001141
0.003744
0.000825
0.002160
0.000814
0.000807
0.003275
0.000809
0.000908
0.000797
0.002688
0.001234
0.000831
0.000791
0.003920
0.000806
0.004180
0.004491
0.000757
0.000846
0.001117
0.000939
0.000830
0.001390
0.012284
0.001277
0.001282
0.002371
0.000758
0.002163
0.000823
0.000843
0.001206
0.000893
0.000794
0.000828
0.001173
0.012048
0.000854
0.000827
0.001191
0.001839
0.001634
0.001963
0.000997
0.000798
0.000836
0.003384
0.001190
0.000821
0.000798
0.000806
0.006520
0.000905
0.000834
0.002736
0.002492
0.002429
0.000850
0.000837
0.000805
0.000953
0.000768
0.000923
0.000798
0.001240
0.000815
0.000801
0.002105
0.000805
0.005355
0.000852
0.004428
0.003902
0.000918
0.001727
0.001346
0.000789
0.001304
0.003603
0.000815
0.000825
0.006646
0.000904
0.000822
0.003357
0.002125
0.002339
0.002438
0.000803
0.000790
0.000794
0.000802
0.002641
0.000908
0.000807
0.004324
0.003595
0.007771
0.004602
0.000822
0.001057
0.003876
0.001115
0.001999
0.000803
0.000818
0.001000
0.000839
0.001965
0.000809
0.000818
0.000836
0.004189
0.000826
0.000847
0.000906
0.000775
0.000757
0.000789
0.006455
0.000765
0.001962
0.000853
0.000770
0.000896
0.000848
0.000807
0.000945
0.002334
0.001426
0.000802
0.000845
0.000805
0.000790
0.000785
0.000810
0.003770
0.000887
0.003381
0.000779
0.002715
0.001579
0.001316
0.001867
0.000838
0.001299
0.004645
0.001214
0.000795
0.003359
0.000774
0.001340
0.000801
0.000847
0.000811
0.000820
0.000798
0.001066
0.000942
0.001496
0.000894
0.002174
0.000797
0.002352
0.001171
0.003221
0.001900
0.000922
0.000783
0.000771
0.000821
0.000778
0.005253
0.004195
0.000819
0.000889
0.001394
0.000797
0.000749
0.003560
0.003820
0.000861
0.000802
0.001985
0.000772
0.001745
0.001570
0.003039
0.000791
0.001452
0.001061
0.000833
0.002514
0.004663
0.000787
0.000806
0.000775
0.002984
0.000837
0.001496
0.000807
0.000823
0.000761
0.003038
0.000788
0.004434
0.000812
0.003261
0.002421
0.000781
0.000760
0.003639
0.000809
0.000787
0.000799
0.000819
0.000828
0.000786
0.000776
0.001213
0.000808
0.001466
0.000786
0.002451
0.004352
0.000785
0.000776
0.000926
0.002877
0.000817
0.004069
0.003800
0.000772
0.000857
0.001205
0.000768
0.000830
0.000791
0.001258
0.000882
0.002372
0.003555
0.001257
0.000787
0.002141
0.003155
0.001273
0.002534
0.000805
0.000804
0.000823
0.002457
0.002041
0.000852
0.000776
0.005215
0.000758
0.000935
0.000974
0.001065
0.000817
0.002419
0.000829
0.001191
0.000763
0.000808
0.000887
0.001507
0.000828
0.000811
0.000808
0.001724
0.005833
0.000971
0.000958
0.000790
0.001411
0.002045
0.002131
0.001109
0.000831
0.001805
0.000800
0.001065
0.000808
0.000802
0.000839
0.002606
0.002023
0.000829
0.000792
0.001432
0.000792
0.000821
0.000835
0.000752
0.002326
0.001279
0.000969
0.000900
0.006402
0.000770
0.000790
0.000788
0.000808
0.001331
0.003007
0.000835
0.000791
0.000876
0.000838
0.002671
0.000820
0.000771
0.000798
0.003753
0.004017
0.001517
0.000758
0.001509
0.003138
0.001211
0.000967
0.000802
0.001243
0.000947
0.000825
0.001455
0.000861
0.000831
0.003067
0.000816
0.002789
0.004606
0.000835
0.000864
0.001297
0.001342
0.004773
0.001360
0.000858
0.002244
0.000826
0.003067
0.001753
0.001406
0.000866
0.003254
0.001350
0.000804
0.003876
0.002400
0.002180
0.000897
0.000810
0.003272
0.004595
0.000797
0.000820
0.000845
0.004761
0.000828
0.003124
0.000798
0.002119
0.000803
0.000831
0.003270
0.000812
0.002169
0.000898
0.000814
0.000796
0.003577
0.000791
0.000876
0.000827
0.000847
0.000783
0.000808
0.000822
0.000820
0.000852
0.001789
0.000794
0.002906
0.000800
0.002786
0.000892
0.002571
0.000804
0.000991
0.001064
0.000804
0.000770
0.000821
0.003704
0.004363
0.000792
0.001566
0.000799
0.003078
0.000804
0.000828
0.000821
0.000799
0.000956
0.002148
0.000752
0.002605
0.000812
0.003195
0.002439
0.000814
0.000784
0.000752
0.000841
0.000814
0.000788
0.000828
0.000800
0.000775
0.000826
0.001331
0.000797
0.004934
0.006024
0.004307
0.000837
0.000764
0.004466
0.001174
0.001615
0.000812
0.000791
0.000836
0.004193
0.002242
0.000806
0.000850
0.001627
0.005652
0.000759
0.001634
0.000797
0.000760
0.000842
0.001623
0.000799
0.000787
0.000809
0.001655
0.002371
0.000798
0.000768
0.000795
0.000827
0.000788
0.000783
0.000904
0.000822
0.000857
0.000835
0.000825
0.000754
0.000897
0.007582
0.000785
0.000826
0.000789
0.000839
0.000817
0.000757
0.000788
0.000997
0.000774
0.000920
0.000797
0.000798
0.000797
0.002660
0.000812
0.002446
0.003873
0.000809
0.000772
0.000869
0.000856
0.000815
0.000799
0.000792
0.000801
0.000778
0.000799
0.005531
0.000783
0.001640
0.000789
0.001625
0.001589
0.001104
0.004742
0.000880
0.000799
0.000785
0.004121
0.000756
0.001555
0.000857
0.000836
0.000806
0.000854
0.000868
0.000874
0.000802
0.000973
0.000788
0.000825
0.000808
0.000807
0.000912
0.000857
0.000840
0.000846
0.000808
0.000802
0.000822
0.000811
0.002937
0.000783
0.001358
0.001242
0.004012
0.000789
0.002171
0.004323
0.000790
0.000796
0.001656
0.001293
0.003556
0.002087
0.000883
0.000881
0.001417
0.000782
0.004749
0.000791
0.000798
0.000830
0.000814
0.000812
0.000809
0.000779
0.000791
0.000829
0.001049
0.000824
0.000910
0.000793
0.002739
0.000797
0.002504
0.000825
0.000944
0.002417
0.001277
0.001864
0.001635
0.004940
0.000796
0.000816
0.004377
0.000778
0.000819
0.000828
0.001374
0.000755
0.002754
0.000920
0.000787
0.001911
0.000846
0.000815
0.000756
0.000833
0.000773
0.000792
0.001487
0.001295
0.000830
0.002136
0.000781
0.003241
0.002185
0.002871
0.000766
0.001643
0.001286
0.000820
0.000841
0.002382
0.002119
0.000790
0.002356
0.003409
0.000795
0.002494
0.000810
0.000779
0.000787
0.000832
0.003748
0.000846
0.001139
0.000785
0.001264
0.000790
0.000891
0.000750
0.000883
0.002036
0.000819
0.001380
0.000821
0.000802
0.000841
0.000801
0.000854
0.002159
0.000836
0.002780
0.000841
0.000833
0.000791
0.002362
0.005854
0.000771
0.000842
0.000790
0.000817
0.000818
0.000845
0.004417
0.001425
0.003392
0.000789
0.003507
0.000821
0.000831
0.000789
0.000862
0.000887
0.000787
0.000796
0.002765
0.000781
0.003589
0.000837
0.002701
0.000801
0.000798
0.003714
0.001344
0.000837
0.000767
0.000792
0.000797
0.000799
0.003159
0.000778
0.001522
0.001004
0.000811
0.000783
0.000863
0.001595
0.001785
0.001419
0.000897
0.000786
0.003341
0.001418
0.000786
0.000803
0.000782
0.000785
0.000787
0.003910
0.000771
0.003615
0.000762
0.000784
0.000769
0.000753
0.000792
0.002269
0.000814
0.003093
0.000894
0.002112
0.001684
0.000803
0.000774
0.000894
0.002665
0.000789
0.002404
0.000854
0.001136
0.000810
0.000859
0.000768
0.000841
0.000836
0.000799
0.000783
0.000799
0.000835
