0.001305
0.001614
0.001744
0.000952
0.001903
0.001095
0.002050
0.001889
0.001405
0.001385
0.002209
0.000309
0.001101
0.001163
0.001462
0.001694
0.000507
0.000306
0.001293
0.001597
0.001213
0.000845
0.002122
0.001277
0.000430
0.001412
0.001694
0.001534
0.001024
0.001526
0.002863
0.000258
0.000370
0.001058
0.000282
0.001306
0.002108
0.001339
0.001368
0.000945
0.000240
0.001332
0.000238
0.001331
0.001005
0.001062
0.001858
0.000945
0.001005
0.001501
0.001617
0.002484
0.000419
0.001201
0.001768
0.000921
0.001651
0.000236
0.001374
0.001032
0.001733
0.000305
0.001288
0.001680
0.000686
0.001353
0.000829
0.001039
0.001622
0.001537
0.001957
0.001802
0.002541
0.000864
0.002497
0.000775
0.001489
0.002278
0.001601
0.000396
0.001379
0.002428
0.002519
0.001119
0.001330
0.001217
0.002906
0.000795
0.001520
0.001784
0.001765
0.000908
0.001419
0.000366
0.001559
0.001771
0.001459
0.001403
0.001776
0.001343
0.001496
0.001273
0.001167
0.001458
0.001737
0.001155
0.001175
0.002108
0.001701
0.002179
0.001528
0.001595
0.000705
0.002555
0.000960
0.001727
0.000387
0.001856
0.000961
0.000517
0.001158
0.001266
0.002026
0.000890
0.001214
0.001507
0.001497
0.002552
0.002227
0.001485
0.001529
0.001973
0.001683
0.001506
0.000316
0.001565
0.000426
0.001811
0.001327
0.000773
0.001766
0.000240
0.001679
0.001830
0.001392
0.002150
0.001423
0.001836
0.001599
0.001763
0.001995
0.002924
0.002483
0.001660
0.000456
0.001334
0.001529
0.000940
0.002441
0.001444
0.001520
0.000610
0.000864
0.001328
0.001549
0.001577
0.000877
0.001102
0.001627
0.002073
0.001750
0.002335
0.001115
0.000905
0.000233
0.001937
0.000511
0.000396
0.001556
0.001401
0.001512
0.001927
0.001475
0.001612
0.000898
0.000831
0.001168
0.001832
0.001559
0.001252
0.001238
0.001571
0.001407
0.001571
0.001384
0.002242
0.001069
0.001894
0.000971
0.002561
0.001528
0.001385
0.001826
0.001259
0.001604
0.001879
0.001155
0.001884
0.001445
0.002315
0.000934
0.001396
0.002446
0.001901
0.000912
0.001832
0.002630
0.001669
0.001395
0.001037
0.001402
0.000955
0.001255
0.001389
0.000771
0.001504
0.002083
0.001843
0.001899
0.001347
0.001543
0.000727
0.001583
0.001011
0.001123
0.002808
0.001051
0.000665
0.000989
0.001308
0.001377
0.000858
0.001685
0.000792
0.001683
0.001455
0.000947
0.001391
0.001119
0.000233
0.001755
0.000243
0.001894
0.000976
0.001461
0.002201
0.002011
0.000319
0.001368
0.002603
0.001770
0.001581
0.002354
0.001322
0.001606
0.000826
0.001699
0.001994
0.001974
0.001010
0.001728
0.000304
0.002131
0.002292
0.001721
0.001747
0.001874
0.000939
0.000392
0.001477
0.001319
0.001458
0.002106
0.001255
0.001697
0.001400
0.002564
0.002830
0.000348
0.001110
0.000239
0.000901
0.001196
0.000430
0.001707
0.000972
0.001706
0.000417
0.001149
0.001106
0.000824
0.002088
0.001419
0.001338
0.002361
0.001021
0.001703
0.000233
0.001372
0.001392
0.002532
0.000859
0.001484
0.002249
0.001206
0.001275
0.000869
0.001920
0.001000
0.000977
0.001663
0.000926
0.001738
0.000422
0.001433
0.001366
0.001541
0.001351
0.001907
0.001361
0.002290
0.001009
0.001200
0.000394
0.001261
0.000832
0.001696
0.001173
0.000819
0.001809
0.001829
0.000786
0.001204
0.001309
0.002207
0.002095
0.001479
0.001209
0.002174
0.001291
0.002179
0.002617
0.001432
0.001317
0.001482
0.001618
0.001493
0.000943
0.001920
0.001934
0.001495
0.001198
0.001532
0.000942
0.001192
0.001490
0.001842
0.002746
0.001569
0.000571
0.001135
0.001953
0.001623
0.000834
0.001304
0.001586
0.000348
0.001630
0.001679
0.001845
0.001394
0.000237
0.001384
0.001058
0.001409
0.000743
0.000937
0.000523
0.001682
0.000879
0.001050
0.002299
0.000922
0.001406
0.002684
0.001213
0.001759
0.001058
0.000482
0.001521
0.001005
0.000805
0.002160
0.000901
0.001682
0.000828
0.000363
0.001384
0.000417
0.001643
0.001993
0.001566
0.001764
0.002456
0.001052
0.001495
0.001162
0.001993
0.001820
0.002552
0.001619
0.000968
0.000903
0.001394
0.001441
0.001770
0.000971
0.000967
0.001496
0.001472
0.002344
0.001183
0.002040
0.001563
0.000380
0.001533
0.001683
0.001549
0.001060
0.001685
0.001868
0.002045
0.001735
0.002700
0.001604
0.002133
0.001356
0.001682
0.002413
0.001558
0.001273
0.001113
0.001344
0.001216
0.001160
0.001626
0.001314
0.000913
0.001689
0.001225
0.002764
0.001269
0.001384
0.001564
0.001918
0.001305
0.001501
0.000635
0.002320
0.000333
0.001263
0.000893
0.001906
0.001428
0.000971
0.001167
0.001082
0.001786
0.000894
0.001669
0.001049
0.001432
0.001039
0.002498
0.000952
0.001959
0.001835
0.001930
0.001323
0.001526
0.001114
0.001785
0.001642
0.001704
0.002804
0.001339
0.000609
0.001910
0.002770
0.001218
0.000316
0.001584
0.001269
0.001822
0.001366
0.001046
0.001073
0.001433
0.002253
0.000870
0.002616
0.002107
0.002662
0.001554
0.000900
0.001418
0.001183
0.001018
0.002719
0.000360
0.002001
0.002726
0.001006
0.001360
0.000343
0.001391
0.001282
0.002028
0.001186
0.001612
0.001356
0.002712
0.000586
0.002963
0.000635
0.001189
0.002325
0.001527
0.001339
0.001424
0.000848
0.000386
0.001511
0.001521
0.001458
0.002035
0.000771
0.000871
0.000911
0.002130
0.001138
0.001699
0.001597
0.001732
0.001972
0.002297
0.001365
0.001059
0.001693
0.001454
0.001844
0.001219
0.000830
0.002208
0.002289
0.002142
0.001293
0.001373
0.001477
0.000974
0.000924
0.001523
0.003021
0.001885
0.001437
0.000808
0.001564
0.001851
0.001220
0.001537
0.001257
0.000727
0.000696
0.002507
0.001484
0.000339
0.000943
0.001317
0.001051
0.000312
0.001394
0.001281
0.002357
0.001669
0.002295
0.000792
0.001529
0.002400
0.001329
0.001429
0.001298
0.000328
0.001642
0.001166
0.001861
0.001699
0.001280
0.001389
0.001079
0.001738
0.001591
0.002270
0.002343
0.000847
0.001706
0.001293
0.002009
0.001568
0.001619
0.000932
0.002004
0.001580
0.001455
0.000916
0.001681
0.001320
0.001823
0.002096
0.001603
0.000926
0.001186
0.002399
0.001910
0.001918
0.001142
0.001123
0.001346
0.001785
0.001151
0.001746
0.002474
0.001346
0.001633
0.001438
0.001796
0.001496
0.000851
0.001686
0.000437
0.000306
0.000900
0.002240
0.001774
0.001860
0.002457
0.001034
0.002127
0.001414
0.001560
0.001838
0.001253
0.001309
0.001786
0.000875
0.002078
0.001247
0.002904
0.001051
0.001702
0.002730
0.001400
0.002112
0.001643
0.000801
0.001611
0.001028
0.002191
0.001220
0.000569
0.001961
0.001213
0.002374
0.000328
0.002458
0.001446
0.001763
0.000859
0.001599
0.001418
0.001463
0.001619
0.001545
0.002361
0.001127
0.001313
0.000977
0.002090
0.001471
0.001709
0.001497
0.001319
0.001626
0.002154
0.001225
0.001324
0.001062
0.000955
0.001130
0.001213
0.000933
0.001444
0.001664
0.001324
0.001535
0.002724
0.000233
0.001516
0.001430
0.001491
0.001676
0.002537
0.001062
0.003433
0.001593
0.002191
0.000912
0.001356
0.001457
0.001548
0.001684
0.002180
0.003142
0.000763
0.003509
0.001475
0.001460
0.001498
0.000906
0.000838
0.001488
0.001928
0.001974
0.002578
0.001976
0.002149
0.001089
0.000867
0.000970
0.001199
0.000529
0.001454
0.002449
0.001046
0.001855
0.002036
0.002045
0.001035
0.001288
0.001121
0.001311
0.001702
0.001471
0.001617
0.001651
0.000945
0.001475
0.001704
0.001892
0.001149
0.002214
0.002220
0.001604
0.001049
0.001102
0.001873
0.001277
0.001900
0.001752
0.001664
0.001536
0.001636
0.001647
0.002101
0.000918
0.001419
0.000829
0.001696
0.002014
0.001902
0.001842
0.000544
0.001440
0.000350
0.000384
0.001235
0.000249
0.000948
0.001504
0.002306
0.001442
0.001197
0.001425
0.001349
0.000929
0.001531
0.001614
0.001736
0.001442
0.001963
0.000999
0.001634
0.001961
0.001523
0.001423
0.001858
0.001202
0.002527
0.001146
0.001447
0.002043
0.001775
0.001384
0.001329
0.000924
0.001863
0.001869
0.001549
0.001411
0.001648
0.001694
0.001264
0.001635
0.001905
0.001838
0.001296
0.001406
0.000954
0.000978
0.001460
0.001395
0.001118
0.000543
0.001112
0.001897
0.001419
0.001326
0.002243
0.002064
0.000982
0.001585
0.001332
0.001129
0.001965
0.001097
0.000233
0.000854
0.000984
0.001471
0.000690
0.001362
0.001832
0.000766
0.000270
0.001346
0.002012
0.000602
0.001555
0.001372
0.001594
0.000387
0.000813
0.001549
0.000377
0.001330
0.001820
0.001351
0.001811
0.000888
0.001488
0.000949
0.001740
0.001390
0.001820
0.001761
0.001479
0.002608
0.000238
0.001456
0.001352
0.000411
0.001563
0.001633
0.001563
0.001974
0.000981
0.000368
0.001442
0.001057
0.001332
0.001495
0.001223
0.001474
0.002170
0.001994
0.001880
0.001165
0.001296
0.001381
0.001621
0.000879
0.002230
0.000877
0.002271
0.001087
0.001767
0.001967
0.001073
0.000879
0.000521
0.002013
0.001563
0.001591
0.001221
0.001866
0.002381
0.001068
0.001425
0.000234
0.001630
0.000424
0.001555
0.001655
0.002126
0.000872
0.001461
0.001725
0.000529
0.001184
0.001789
0.001064
0.000382
0.002002
0.000957
0.001114
0.001790
0.001380
0.000402
0.000683
0.001428
0.001188
0.000371
0.000867
0.001509
0.001445
0.000481
0.001527
0.001128
0.000465
0.002231
0.001907
0.001508
0.001340
0.000883
0.001114
0.001975
0.001603
0.002247
0.001867
0.000891
0.000955
0.001985
0.001317
0.002152
0.001460
0.000321
0.001551
0.001766
0.001163
0.000870
0.001884
0.001937
0.000386
0.001708
0.001538
0.002612
0.001758
0.002629
0.002005
0.001541
0.001849
0.001422
0.000910
0.001400
0.002197
0.002847
0.001147
0.001901
0.001089
0.001647
0.000865
