0.000620
0.002322
0.000597
0.001834
0.002956
0.003653
0.001078
0.002998
0.000829
0.000935
0.001547
0.000582
0.000573
0.000672
0.000545
0.003761
0.004269
0.003861
0.000750
0.002932
0.000801
0.000538
0.003758
0.000879
0.000890
0.000985
0.000546
0.000814
0.000550
0.000593
0.000609
0.003614
0.002218
0.000805
0.000608
0.000646
0.001082
0.000598
0.000824
0.000558
0.000816
0.000590
0.000927
0.000769
0.002394
0.000576
0.002379
0.001851
0.000730
0.000579
0.000845
0.000921
0.000645
0.001869
0.002493
0.000805
0.001670
0.001438
0.000965
0.004208
0.002155
0.001036
0.000936
0.000541
0.002183
0.000654
0.001042
0.002200
0.000857
0.001723
0.000578
0.002418
0.000947
0.002972
0.001055
0.000929
0.002069
0.000972
0.001195
0.002463
0.000521
0.001921
0.003179
0.000543
0.002778
0.001754
0.002479
0.001116
0.000530
0.002667
0.002004
0.002657
0.000666
0.001194
0.000570
0.001307
0.000951
0.001933
0.000549
0.000815
