0.001600
0.000914
0.001224
0.001449
0.001486
0.001198
0.000807
0.001394
0.001591
0.001444
0.001343
0.001210
0.001001
0.001193
0.001213
0.001163
0.001268
0.000728
0.001612
0.000978
0.001028
0.001270
0.001082
0.001081
0.000876
0.001072
0.000937
0.001529
0.001543
0.001529
0.000914
0.001442
0.001420
0.001628
0.001457
0.001019
0.001462
0.001247
0.001219
0.001337
0.001346
0.001344
0.001310
0.001291
0.001499
0.001224
0.000880
0.001327
0.001676
0.001351
0.001577
0.001470
0.001323
0.001151
0.001589
0.001130
0.001285
0.001585
0.001041
0.001191
0.001578
0.001452
0.000815
0.001544
0.000950
0.001880
0.000980
0.001002
0.001283
0.001422
0.000916
0.001284
0.000864
0.000800
0.001436
0.001370
0.001130
0.001506
0.001316
0.001244
0.001329
0.000744
0.001459
0.001505
0.001463
0.001415
0.001236
0.001655
0.001430
0.001000
0.001150
0.001254
0.001453
0.001569
0.001027
0.001120
0.001201
0.001289
0.001261
0.001239
0.001059
0.001542
0.000967
0.001359
0.001458
0.001958
0.001563
0.000799
0.001206
0.001082
0.001159
0.001372
0.001260
0.001017
0.001431
0.001269
0.001440
0.001685
0.001134
0.001005
0.001154
0.001015
0.001207
0.001207
0.001312
0.001517
0.001502
0.001096
0.001267
0.001229
0.001342
0.001455
0.001566
0.001715
