0.000787
0.000696
0.000629
0.003449
0.001550
0.000665
0.000645
0.000819
0.000650
0.000659
0.001028
0.000997
0.000610
0.000656
0.000660
0.000644
0.000652
0.000613
0.000636
0.002920
0.000834
0.000670
0.000658
0.000634
0.005289
0.007810
0.000658
0.001136
0.000663
0.004134
0.000690
0.001150
0.001611
0.000698
0.000618
0.000932
0.001923
0.000626
0.000669
0.002879
0.009279
0.001035
0.003702
0.001110
0.000671
0.000611
0.000741
0.001280
0.000625
0.004103
0.001072
0.000632
0.000614
0.001964
0.000616
0.000750
0.000709
0.001102
0.003461
0.001445
0.002009
0.000980
0.002475
0.000713
0.001714
0.000912
0.001997
0.000974
0.000664
0.000984
0.003516
0.000606
0.000937
0.000594
0.000633
0.000782
0.000649
0.001518
0.000885
0.000613
0.000609
0.000603
0.000958
0.002220
0.001005
0.001664
0.002863
0.001050
0.001745
0.007804
0.000634
0.001123
0.000664
0.001079
0.001269
0.000638
0.006983
0.000673
0.005281
0.000651
0.002631
0.000915
0.002188
0.002983
0.001454
0.002734
0.001121
0.002803
0.002316
0.000632
0.000828
0.002471
0.004644
0.000609
0.000697
0.000960
0.001019
0.000694
0.003837
0.000699
0.001898
0.000640
0.001234
0.000630
0.000953
0.001435
0.000809
0.000641
0.001366
0.000768
0.000945
0.000609
0.003276
0.000654
0.000653
0.001002
0.001229
0.000815
0.000751
0.001792
0.000611
0.001008
0.000730
0.000796
0.000667
0.000937
0.000996
0.000706
0.002499
0.001162
0.000856
0.001560
0.000720
0.000721
0.001306
0.002101
0.000657
0.005370
0.000613
0.000652
0.000687
0.004562
0.000672
0.000634
0.000623
0.000761
0.000671
0.000779
0.001924
0.002211
0.000681
0.001030
0.000624
0.001500
0.001203
0.000610
0.001737
0.000641
0.005408
0.000657
0.001933
0.001012
0.000625
0.001582
0.001473
0.011483
0.000879
0.000793
0.000646
0.005068
0.000737
0.001071
0.000966
0.000660
0.000592
0.001232
0.000696
0.000651
0.004839
0.000630
0.001126
0.000906
0.001828
0.000679
0.000638
0.000878
0.000696
0.001564
0.000855
0.001629
0.001430
0.000982
0.000898
0.001379
0.001215
0.001057
0.001660
0.005115
0.002183
0.000959
0.001672
0.001168
0.001249
0.004418
0.000710
0.000622
0.001671
0.000712
0.002471
0.001445
0.000630
0.000893
0.000651
0.000661
0.000673
0.005465
0.001092
0.000678
0.001754
0.000665
0.005119
0.002107
0.001982
0.000720
0.000696
0.005350
0.000647
0.000671
0.001955
0.000622
0.000658
0.001584
0.003282
0.000628
0.000958
0.000881
0.001932
0.000682
0.001923
0.000641
0.001897
0.000645
0.000633
0.000728
0.000643
0.000619
0.000629
0.002379
0.001790
0.002606
0.000633
0.000695
0.000948
0.001294
0.000632
0.000907
0.000700
0.000954
0.000676
0.001011
0.001748
0.000731
0.003940
0.000672
0.000706
0.002039
0.000858
0.000654
0.000682
0.000651
0.000673
0.000851
0.000811
0.000691
0.000648
0.000665
0.000660
0.000654
0.003077
0.000652
0.000610
0.000736
0.000613
0.002959
0.000682
0.000724
0.000860
0.000690
0.003245
0.000913
0.000882
0.000985
0.000767
0.000643
0.000660
0.000644
0.001001
0.003894
0.000681
0.000778
0.001869
0.004429
0.000653
0.001189
0.001298
0.000653
0.001363
0.001014
0.003639
0.001837
0.000623
0.001998
0.001279
0.001077
0.001193
0.000675
0.000896
0.002596
0.000754
0.001625
0.002843
0.000698
0.000899
0.001290
0.006084
0.001129
0.000970
0.001746
0.000653
0.000758
0.000670
0.001912
0.000696
0.001604
0.001127
0.000666
0.000859
0.000775
0.000769
0.002911
0.000673
0.001192
0.001537
0.000673
0.000872
0.000756
0.000710
0.000712
0.000664
0.001095
0.000696
0.000657
0.000642
0.000673
0.002947
0.000710
0.001857
0.001726
0.002360
0.000662
0.000640
0.001883
0.007807
0.009546
0.000642
0.000909
0.000787
0.000623
0.008019
0.000705
0.000701
0.000665
0.001474
0.000717
0.001030
0.000648
0.000665
0.003673
0.000728
0.009900
0.001105
0.002457
0.000631
0.003815
0.000725
0.001166
0.000682
0.004131
0.001693
0.000952
0.000837
0.000703
0.002385
0.000695
0.001047
0.000666
0.000790
0.000759
0.000683
0.000653
0.000635
0.001584
0.000707
0.000624
0.000647
0.004568
0.000746
0.000652
0.001371
0.000615
0.000662
0.003257
0.000675
0.002844
0.001302
0.001817
0.000656
0.000653
0.000671
0.000677
0.000886
0.000617
0.001442
0.000628
0.000639
0.001623
0.001334
0.000703
0.005262
0.000753
0.001667
0.001588
0.000692
0.001044
0.000720
0.001004
0.000974
0.006964
0.003401
0.001068
0.002322
0.000724
0.001610
0.000599
0.001568
0.000625
0.000721
0.002327
0.001312
0.000695
0.001190
0.000732
0.001135
0.000668
0.000700
0.000679
0.000619
0.000753
0.003666
0.000709
0.000670
0.001096
0.002986
0.000796
0.000632
0.000942
0.002928
0.001269
0.000957
0.000712
0.000656
0.003721
0.000771
0.000652
0.000682
0.003803
0.003231
0.000625
0.000686
0.001443
0.000660
0.000698
0.000682
0.000687
0.000884
0.000691
0.000667
0.000651
0.000592
0.002533
0.001404
0.001618
0.001853
0.000662
0.000646
0.001867
0.000725
0.000626
0.000698
0.000671
0.001768
0.001159
0.003531
0.000664
0.000998
0.001139
0.000705
0.000820
0.000742
0.001396
0.001112
0.002586
0.001224
0.000824
0.000666
0.000671
0.000657
0.001400
0.001125
0.001068
0.000694
0.000861
0.000652
0.000617
0.001255
0.002149
0.001243
0.000823
0.001169
0.000670
0.000709
0.001142
0.000964
0.000663
0.001254
0.000648
0.000657
0.001026
0.000971
0.000670
0.001224
0.000913
0.000770
0.000640
0.001803
0.000673
0.000667
0.005573
0.000779
0.003134
0.000748
0.000680
0.001105
0.000665
0.004065
0.000723
0.001095
0.000678
0.001430
0.000626
0.000678
0.000706
0.001630
0.000741
0.001507
0.001019
0.001149
0.000919
0.001105
0.000641
0.001371
0.000742
0.000695
0.000616
0.000684
0.002334
0.004219
0.001036
0.001027
0.002040
0.003226
0.003919
0.000896
0.004519
0.000706
0.000660
0.003044
0.000939
0.000633
0.000677
0.000976
0.001151
0.000662
0.000741
0.002252
0.000679
0.000696
0.000664
0.005630
0.000674
0.000673
0.000759
0.001252
0.001396
0.000643
0.000660
0.001818
0.000667
0.001033
0.000679
0.000870
0.000726
0.000628
0.000829
0.000781
0.000896
0.000693
0.000658
0.000713
0.003160
0.001152
0.000692
0.000841
0.000862
0.000648
0.000664
0.000676
0.006393
0.000650
0.002923
0.001471
0.002621
0.000635
0.003392
0.002397
0.005264
0.005306
0.005655
0.002656
0.002547
0.000627
0.000666
0.000723
0.001390
0.000620
0.000757
0.001053
0.000640
0.001170
0.000724
0.001000
0.000651
0.001805
0.003032
0.000681
0.000921
0.001193
0.004105
0.000710
0.001521
0.000693
0.000622
0.001251
0.000786
0.000722
0.000661
0.000676
0.001188
0.000843
0.000652
0.000635
0.000791
0.000800
0.001963
0.000806
0.003516
0.000687
0.002698
0.001058
0.000715
0.000637
0.002006
0.001104
0.000659
0.000819
0.004966
0.000664
0.003248
0.000677
0.001370
0.000635
0.002628
0.000957
0.003710
0.000832
0.001078
0.000860
0.000653
0.004896
0.000665
0.002173
0.000684
0.000748
0.000708
0.000997
0.000623
0.000859
0.000682
0.005083
0.000658
0.000702
0.002499
0.000684
0.001380
0.002000
0.001478
0.002088
0.002182
0.004376
0.000692
0.000745
0.002468
0.000637
0.001520
0.000734
0.001027
0.001218
0.001316
0.000647
0.000624
0.001326
0.000859
0.000768
0.000651
0.001253
0.004125
0.000950
0.000638
0.000643
0.000731
0.000711
0.000719
0.001589
0.001491
0.001094
0.000646
0.002748
0.001338
0.000685
0.000772
0.006610
0.000698
0.006274
0.000647
0.000627
0.000947
0.004523
0.001027
0.000976
0.001037
0.000881
0.005110
0.001890
0.001168
0.000676
0.001979
0.001663
0.000786
0.000797
0.000619
0.000695
0.000645
0.000688
0.001052
0.000734
0.000954
0.000673
0.000730
0.001018
0.001202
0.000710
0.005246
0.000657
0.000720
0.000656
0.002294
0.000656
0.001177
0.000685
0.005347
0.001875
0.000698
0.001267
0.000691
0.000630
0.002491
0.000649
0.001067
0.000827
0.000658
0.000745
0.001823
0.000650
0.000658
0.000663
0.004554
0.000625
0.003022
0.000673
0.000664
0.002467
0.000636
0.009185
0.000787
0.004635
0.001574
0.000659
0.001037
0.002255
0.001220
0.000935
0.000734
0.001720
0.004901
0.002436
0.001472
0.005639
0.000749
0.004193
0.001103
0.000965
0.000663
0.000662
0.002365
0.000636
0.000638
0.002260
0.000648
0.000650
0.000719
0.001971
0.000732
0.001051
0.000627
0.001209
0.000658
0.003797
0.003216
0.000671
0.002800
0.001228
0.000647
0.000649
0.000750
0.001561
0.000638
0.002203
0.001424
0.000629
0.000686
0.000659
0.000634
0.000674
0.000674
0.003160
0.000871
0.003471
0.000708
0.000753
0.005543
0.000643
0.001043
0.000997
0.004608
0.000640
0.000738
0.000680
0.001576
0.001934
0.000694
0.002167
0.001051
0.000751
0.000720
0.000949
0.000637
0.000647
0.007050
0.001179
0.001066
0.002946
0.000654
0.001167
0.001111
0.001052
0.000699
0.000702
0.000796
0.000644
0.003134
0.000643
0.001568
0.000671
0.001248
0.000645
0.000640
0.003526
0.001440
0.001231
0.001277
0.000942
0.000731
0.000784
0.001469
0.000683
0.000943
0.000670
0.000687
0.000632
0.000824
0.000662
0.000752
0.000711
0.000728
0.002158
0.010121
0.000975
0.002158
0.007050
0.000747
0.001218
0.001404
0.000674
0.001274
0.002121
0.001511
0.000954
0.001019
0.000637
0.001830
0.000785
0.001070
0.000672
0.000902
0.002692
0.001406
0.004590
0.000658
0.000718
0.004464
0.010310
0.001211
0.004085
0.000650
0.000761
0.001470
0.001083
0.000637
0.005591
0.000699
0.001011
0.010945
0.002512
0.001436
0.000648
0.000687
0.000637
0.000754
0.002447
0.001557
0.000716
0.000654
0.000833
0.000896
0.001298
0.000685
0.000617
0.000650
0.001303
0.000669
