0.000597
0.001274
0.000581
0.002958
0.000579
0.000590
0.001354
0.001537
0.000608
0.000940
0.000588
0.000871
0.000605
0.000711
0.002675
0.000580
0.000632
0.000624
0.000606
0.001052
0.000978
0.001503
0.001276
0.000662
0.000649
0.002177
0.001274
0.002975
0.000578
0.000603
0.003199
0.000748
0.002478
0.000717
0.000694
0.000878
0.001843
0.000588
0.000608
0.000699
0.001481
0.000609
0.008215
0.000604
0.000585
0.000596
0.000597
0.003482
0.000587
0.000574
0.001134
0.000570
0.000650
0.000593
0.000587
0.000787
0.001214
0.000677
0.006888
0.000882
0.001504
0.001190
0.001062
0.000692
0.001799
0.000850
0.001127
0.007105
0.000584
0.001992
0.001991
0.000783
0.002044
0.002665
0.000614
0.005630
0.000635
0.003789
0.001551
0.001156
0.000591
0.000595
0.000606
0.002386
0.001908
0.000663
0.001913
0.000945
0.000613
0.002455
0.000736
0.002155
0.000591
0.009525
0.006089
0.000615
0.005883
0.000677
0.009522
0.001148
0.001964
0.000617
0.000685
0.001118
0.001598
0.000650
0.011920
0.002958
0.005183
0.000642
0.001080
0.001783
0.004078
0.000656
0.000589
0.000585
0.003362
0.000612
0.001664
0.000782
0.001208
0.000567
0.002025
0.000595
0.003692
0.000814
0.000944
0.000599
0.000675
0.000607
0.003378
0.000693
0.002683
0.000974
0.000720
0.001118
0.000975
0.001566
0.000925
0.002371
0.000582
0.001839
0.001410
0.000573
0.000611
0.000694
0.009366
0.002000
0.005253
0.001952
0.001255
0.000664
0.000743
0.000710
0.000816
0.000942
0.000604
0.010564
0.000920
0.001640
0.001201
0.000598
0.001393
0.000590
0.000591
0.001758
0.000598
0.001748
0.000592
0.001131
0.000573
0.005951
0.005328
0.000554
0.000685
0.000572
0.003631
0.000579
0.001692
0.000655
0.008631
0.000658
0.000594
0.001492
0.001430
0.001118
0.000655
0.000642
0.000584
0.000611
0.000655
0.001251
0.001032
0.001563
0.000722
0.002150
0.001211
0.000580
0.001253
0.000602
0.001208
0.000738
0.000729
0.005288
0.006621
0.000975
0.000765
0.001034
0.001030
0.000811
0.004579
0.002244
0.000779
0.001408
0.000584
0.002468
0.001351
0.000953
0.006434
0.000936
0.000933
0.003670
0.000604
0.003338
0.000590
0.000598
0.000646
0.001500
0.000625
0.001723
0.000681
0.003184
0.000910
0.003006
0.006804
0.000598
0.003808
0.000625
0.000859
0.001164
0.001064
0.001117
0.001556
0.000639
0.001356
0.001186
0.001032
0.000590
0.002797
0.001890
0.000834
0.000631
0.001477
0.001260
0.000636
0.000800
0.000815
0.000623
0.000904
0.000609
0.004659
0.000599
0.002148
0.001022
0.000596
0.000604
0.000800
0.002261
0.000683
0.008400
0.001955
0.001537
0.002543
0.002819
0.000636
0.002937
0.001858
0.003535
0.002570
0.002925
0.002448
0.003113
0.000635
0.001269
0.000706
0.003681
0.004554
0.000621
0.000849
0.000727
0.001765
0.000961
0.004887
0.000578
0.000613
0.000917
0.004634
0.001062
0.003676
0.000721
0.001131
0.000626
0.000621
0.001439
0.001253
0.001570
0.002801
0.000738
0.001679
0.003551
0.001780
0.002832
0.000656
0.000596
0.001274
0.001323
0.001087
0.000858
0.000629
0.001207
0.000652
0.003527
0.000612
0.001972
0.000759
0.000911
0.001913
0.003103
0.001678
0.002663
0.000605
0.000904
0.000955
0.002347
0.005929
0.000623
0.004239
0.000704
0.002109
0.000740
0.000705
0.001225
0.001869
0.002045
0.002934
0.000739
0.004754
0.000569
0.000606
0.000630
0.005454
0.009930
0.000615
0.000974
0.000950
0.001380
0.000754
0.000781
0.001959
0.000756
0.001240
0.001414
0.001264
0.000636
0.000604
0.000619
0.003758
0.001502
0.004257
0.004184
0.000669
0.000633
0.000569
0.000914
0.000911
0.000657
0.002537
0.001634
0.002693
0.003028
0.000891
0.000579
0.001899
0.000888
0.000848
0.002380
0.001037
0.000681
0.001524
0.001206
0.000996
0.000618
0.002854
0.003646
0.006855
0.000891
0.000605
0.003264
0.000589
0.000955
0.003642
0.001547
0.001839
0.007503
0.000630
0.000598
0.001736
0.000718
0.002532
0.000588
0.001229
0.001985
0.002448
0.011059
0.000909
0.002104
0.001080
0.002287
0.000603
0.003996
0.002154
0.008166
0.001328
0.003150
0.003380
0.000593
0.004385
0.001123
0.002902
0.001923
0.000646
0.004110
0.000609
0.000664
0.001163
0.002506
0.000593
0.004250
0.000611
0.000612
0.002293
0.002246
0.000565
0.004213
0.000919
0.002702
0.001949
0.002435
0.001530
0.003527
0.001523
0.001642
0.000606
0.004157
0.000635
0.000630
0.004117
0.000607
0.002054
0.001703
0.000716
0.000678
0.003300
0.000602
0.000880
0.001252
0.001352
0.001355
0.003759
0.001412
0.001661
0.001455
0.001774
0.000938
0.000597
0.001740
0.001360
0.001043
0.002689
0.000641
0.001316
0.000807
0.002784
0.001107
0.000798
0.000601
0.000599
0.000722
0.001203
0.000907
0.000581
0.002212
0.004073
0.000657
0.000694
0.000607
0.001504
0.000562
0.000625
0.004576
0.003272
0.000697
0.002022
0.000940
0.002536
0.000615
0.001814
0.004643
0.000616
0.002323
0.009949
0.000994
0.003200
0.001297
0.000638
0.001422
0.000660
0.000819
0.000827
0.000588
0.000701
0.001772
0.000662
0.001096
0.000683
0.000801
0.000994
0.001077
0.001350
0.001973
0.000726
0.005251
0.000686
0.001811
0.003284
0.001219
0.000613
0.007696
0.003419
0.001318
0.000616
0.005809
0.000603
0.000681
0.002095
0.008746
0.000817
0.001161
0.002114
0.000906
0.001584
0.000640
0.000978
0.001864
0.001367
0.000611
0.000574
0.010026
0.000633
0.000875
0.001012
0.000891
0.005914
0.001266
0.000634
0.002024
0.002277
0.002351
0.000877
0.000608
0.001172
0.001117
0.000981
0.002543
0.000605
0.002912
0.003590
0.000685
0.002777
0.000747
0.001861
0.002321
0.003423
0.002955
0.002230
0.001656
0.000732
0.001208
0.000665
0.000673
0.007978
0.001988
0.000604
0.001939
0.001153
0.003027
0.000722
0.003250
0.000714
0.000643
0.000630
0.001224
0.004380
0.001315
0.003244
0.000669
0.000925
0.001659
0.004071
0.001154
0.003544
0.005409
0.000647
0.000612
0.004216
0.000594
0.001939
0.000854
0.000674
0.002586
0.001273
0.000618
0.000664
0.004306
0.001454
0.001291
0.004724
0.006624
0.001041
0.008553
0.001245
0.001235
0.000630
0.000650
0.001358
0.001688
0.000857
0.000647
0.000924
0.001076
0.002928
0.000974
0.001795
0.000752
0.003151
0.002622
0.001365
0.001999
0.000590
0.006930
0.001282
0.001091
0.001481
0.000696
0.001143
0.002014
0.000822
0.000635
0.000704
0.000634
0.000781
0.001176
0.000621
0.000593
0.004159
0.000603
0.001187
0.000826
0.007610
0.000679
0.000816
0.000598
0.000670
0.001191
0.002041
0.001417
0.001193
0.000802
0.001119
0.001316
0.000600
0.001423
0.005835
0.001993
0.000649
0.000593
0.003903
0.000599
0.000832
0.000769
0.000622
0.003272
0.001117
0.000955
0.001268
0.001393
0.001926
0.000896
0.003861
0.002015
0.000635
0.005408
0.000680
0.000618
0.001671
0.000791
0.001106
0.000775
0.000646
0.003417
0.001334
0.001189
0.001952
0.001253
0.008391
0.002277
0.000698
0.001401
0.001349
0.000775
0.000936
0.000655
0.004971
0.000614
0.001910
0.000857
0.008183
0.000655
0.002138
0.002476
0.005253
0.001816
0.000632
0.003693
0.000716
0.004301
0.001042
0.000836
0.001184
0.000657
0.002088
0.001135
0.004564
0.001525
0.000647
0.002065
0.001271
0.001492
0.002550
0.003101
0.010217
0.006001
0.005080
0.000859
0.000702
0.006130
0.000784
0.000919
0.005560
0.003151
0.001092
0.002388
0.003824
0.001802
0.007316
0.001322
0.003303
0.008025
0.000898
0.001080
0.000868
0.000754
0.000635
0.002800
0.001234
0.001294
0.000688
0.002462
0.000684
0.001325
0.000843
0.000872
0.001207
0.001360
0.001105
0.001321
0.002921
0.000619
0.000913
0.000589
0.004989
0.000683
0.006323
0.004772
0.002406
0.001616
0.000896
0.000830
0.003327
0.000711
0.000753
0.001346
0.004594
0.004024
0.004070
0.000722
0.002618
0.002735
0.000631
0.002494
0.008181
0.000659
0.000662
0.000590
0.000597
0.003246
0.000682
0.000836
0.004482
0.001110
0.000760
0.002636
0.000905
0.000642
0.000872
0.003575
0.000804
0.000637
0.001150
0.000611
0.001722
0.000859
0.000632
0.001311
0.001967
0.001998
0.002281
0.000989
0.002625
0.004282
0.002868
0.001715
0.002922
0.005361
0.000697
0.001868
0.000724
0.001246
0.001153
0.001748
0.000895
0.001307
0.000926
0.000656
0.000587
0.005480
0.002013
0.002816
0.001946
0.001052
0.000970
0.001681
0.000989
0.000806
0.001357
0.002820
0.005189
0.000659
0.001080
0.001922
0.001885
0.001329
0.000627
0.000620
0.000629
0.000994
0.004207
0.003988
0.000952
0.001018
0.000947
0.000610
0.000647
0.000747
0.000607
0.000669
0.000843
0.001564
0.000797
0.000867
0.001634
0.002238
0.003287
0.001542
0.000778
0.002344
0.000972
0.002304
0.004871
0.000704
0.001123
0.003494
0.001998
0.000932
0.004187
0.001103
0.001346
0.002531
0.001243
0.000732
0.000971
0.000620
0.003761
0.008653
0.000893
0.000644
0.000596
0.004467
0.000715
0.002984
0.000601
0.005056
0.001080
0.000899
0.001224
0.000586
0.003875
0.002589
0.001735
0.004779
0.002085
0.000863
0.001487
0.002104
0.001100
0.004399
0.003805
0.000589
0.000582
0.003428
0.001008
0.001855
0.004510
0.003085
0.001005
0.000609
0.002305
0.000733
0.001307
0.001148
0.001679
0.001323
0.000737
0.001572
0.000691
0.002891
0.003283
0.003899
0.000606
0.002347
0.000643
0.003321
0.001525
0.002786
0.001146
0.000797
0.000662
0.000574
0.002374
0.000697
0.000656
0.001910
0.001086
0.000770
0.001223
0.011519
0.009137
0.001669
0.002295
0.001342
0.002163
0.000633
0.000634
0.000629
0.001214
0.005347
0.000645
0.000627
0.001705
0.001167
0.001623
0.001190
0.006384
0.003410
0.004306
0.000644
0.000800
0.000570
0.002483
0.004948
