0.001356
0.000517
0.001884
0.000546
0.000646
0.000895
0.000521
0.001212
0.000536
0.000565
0.002831
0.000646
0.001985
0.002646
0.000599
0.002355
0.002331
0.000566
0.000505
0.000568
0.000649
0.000783
0.000536
0.000521
0.000566
0.002050
0.002236
0.000573
0.000549
0.000650
0.000511
0.000588
0.000535
0.000571
0.000962
0.004165
0.000521
0.000548
0.003669
0.000520
0.000536
0.000571
0.000732
0.000591
0.001533
0.000532
0.001500
0.003748
0.000645
0.000556
0.000528
0.000535
0.000591
0.000555
0.000623
0.000578
0.000701
0.000864
0.000598
0.002300
0.000621
0.000584
0.000642
0.000932
0.001536
0.000936
0.003261
0.001047
0.001530
0.000555
0.001074
0.002577
0.000647
0.001409
0.004504
0.004219
0.001578
0.003394
0.000997
0.001830
0.001053
0.005885
0.000567
0.000605
0.000600
0.000571
0.000536
0.000547
0.000533
0.000540
0.000696
0.000641
0.000615
0.000923
0.001087
0.000789
0.000533
0.000575
0.002061
0.000594
