10316
19150
15331
7332
11094
15139
15242
3263
19404
7310
15136
15418
14968
15269
15321
18989
15362
19221
15308
7142
19090
14958
15166
15109
11387
10787
11449
15130
15161
15167
7510
15333
7351
11387
11359
19223
7870
19446
7413
13243
11267
10838
19099
10917
11240
15122
15145
19408
11341
15417
15283
11517
15821
13518
15509
15842
14906
15009
15128
11299
7711
7570
11355
11733
15598
15131
15051
11326
15041
11441
15137
15614
11170
7302
15318
14560
15386
19264
19242
18690
11363
23213
15205
11049
15479
15079
13858
15479
15414
15315
3282
7256
15233
15253
15295
19219
15258
10970
11588
23216
15342
7117
11497
15245
11154
15028
7319
15144
15222
15451
13076
11418
11076
15412
15215
7485
15225
15437
7335
7507
23282
11279
10942
11434
15091
23304
15483
15268
15217
7396
11359
15442
7150
3733
19559
14759
23255
11306
7188
15239
7393
14860
14906
15225
15094
14776
15218
11409
15248
15118
15131
15377
15256
11309
11523
15335
15312
14927
11429
15258
11045
15129
3263
15221
10773
7259
15136
23420
15366
15361
15291
15171
6741
7276
15119
11343
15425
11083
12322
15066
14933
7515
7336
7406
11365
7429
11343
15444
7287
22398
7416
7820
7051
15180
15256
15970
11465
15003
11389
11447
19473
19062
11356
19205
15263
19475
15237
11445
19226
15028
7252
15137
7158
15349
14812
10978
11657
7388
11174
7072
15165
11275
15261
15853
11329
11330
11313
10863
15439
11238
19292
15527
15305
19224
11357
19074
15279
11396
15230
11219
15391
15208
11034
11345
15351
15082
7322
15495
15289
7435
15456
15111
15372
15220
19265
18699
7284
14832
7117
11429
11426
15330
19286
9034
11250
19389
15280
15217
15304
15418
11073
19169
11228
11457
19065
14908
10824
16605
15110
15375
13569
15290
15451
7520
11321
10962
11399
15221
19435
10931
15290
3463
15376
15118
15037
14757
15394
23436
7432
11339
3641
19110
15327
11170
15309
11342
15130
7342
23190
15228
15503
15208
7143
15361
15399
15504
11331
15392
15180
15366
23229
11459
18967
11396
15079
15446
7316
15221
15047
11363
7323
7949
7430
7348
11462
18797
7501
15432
15324
15226
15242
19343
12343
7489
15006
11389
7327
23074
15236
13335
21191
15111
15312
7243
11190
15283
10877
7228
11056
15118
11288
6321
18979
11359
15436
11168
15321
15111
15319
7493
15150
15456
10498
15199
15245
10910
11190
14937
11393
15298
23294
14999
7386
11107
7345
15114
14894
15261
15493
23319
11168
11107
11096
7326
15294
15313
11050
11097
11202
15286
14147
15225
15266
23282
11486
11342
11251
15479
15362
19323
11255
23190
15312
11070
15205
15323
15117
7465
7197
11335
15084
15238
11005
15368
19002
11092
11437
15377
11204
23143
15267
15457
15320
15088
15398
11366
15398
11322
15400
11356
7317
11470
15366
19011
7423
15550
7528
11084
15235
6219
14422
7339
11460
15404
7352
11496
19364
11301
15358
23294
11233
3346
14470
11169
18806
19079
15010
10771
11279
7418
15363
19225
15243
15154
15216
10910
23428
10991
15496
11148
11406
15345
19475
11184
11371
13277
15193
10732
11067
19378
11415
11055
14643
11361
12472
7233
11059
15421
15155
11340
22525
15220
19161
11224
15259
3403
14832
15319
15022
11403
11567
15503
19289
7740
15259
11326
11457
15270
19205
11343
15203
22915
7407
19167
7251
7264
7317
10962
15174
14734
15509
15064
11336
11365
11105
7345
11015
19433
15273
11178
7117
11380
18199
7678
11345
15093
11351
11337
11315
15285
11407
14143
11234
15382
14957
15512
15298
23285
15026
7470
11317
7335
15040
11334
10936
11029
14996
7689
15196
19101
9243
15341
15631
14921
7047
7578
7070
7326
15407
19403
11487
11003
10649
14979
7585
11139
16656
11016
15289
15203
11317
19373
14633
11258
15080
10973
11280
15124
15262
12951
15246
19062
10678
10638
19323
14849
15229
11274
10316
11176
13870
11196
14867
15101
15050
19242
15245
11428
11279
14963
15349
10635
15524
10753
14960
14690
15269
11210
7284
19163
7397
19246
11343
15210
15211
11292
7102
15053
7561
10941
11205
7225
7285
11150
15131
14905
15113
11140
15392
3379
15473
14970
15250
15204
19298
15405
11489
19148
11209
15282
15194
15282
7103
15431
11402
11335
7091
15915
7332
11374
14711
11557
11434
23295
23066
15170
11123
19258
14911
15479
12116
19189
15345
11162
19164
14884
11020
7320
19268
11148
19023
11446
15182
15269
11441
10978
18814
15167
23466
15449
15215
11146
14674
11424
17608
7445
4143
7510
12789
15127
11187
11426
11233
15348
11543
11271
11314
11568
15579
14953
23247
15241
7235
15227
7404
11112
14808
11474
11364
15424
11458
11080
14878
3356
23358
11128
15261
10959
11093
15245
11480
15126
15493
15081
11295
15261
15208
15465
11330
7510
15213
23225
6685
15448
15182
11467
15220
7153
11138
11064
11347
19440
11258
11059
10744
10670
11362
10991
11376
19356
15351
10778
15109
19071
23121
19282
10083
23483
11966
15176
11269
15103
14900
7252
19018
11377
15414
15469
15191
15330
15357
11262
15207
7344
19193
15418
7406
15279
19016
15203
18767
15413
19241
15245
15045
11366
11446
15252
15148
15154
11285
15248
10982
19246
14974
7001
15495
15244
15303
15338
15225
11324
14995
14906
11266
15440
7541
15244
11209
15381
14873
15382
15194
7490
15152
15293
15293
11391
6820
15341
7310
15337
19162
15304
15221
14801
11382
15240
15366
11274
10941
22214
15408
11463
11336
7504
15172
15361
19386
7409
11296
15316
15205
15379
15392
11321
7252
11181
15489
11271
15082
7477
15164
15068
15044
11449
15120
11097
11352
7352
11208
19237
15323
7293
15227
10984
7540
15236
18819
7496
23458
7282
15389
11509
15425
11383
15411
23199
15355
11314
19166
13928
11056
15229
15263
15305
11335
11263
7503
14976
19329
11084
7817
11293
7430
15132
11095
7301
15029
11262
15192
14794
7343
14929
19320
14889
11287
15219
11366
11196
11350
11321
6586
15120
19158
15191
15367
15224
15087
15182
11388
19176
15125
11509
10776
19265
11443
14614
15250
15393
15420
15292
15214
15113
11116
15243
15109
11367
15049
7216
15474
13762
15312
10974
14939
11114
15027
19135
15154
7409
3077
22970
11428
15088
19330
15008
23251
15402
7390
11324
11214
7251
15219
19292
13324
11000
19118
23215
19176
11228
19211
15184
11425
15034
7819
15129
11430
11053
11414
15213
