587
614
507
473
510
401
505
527
547
486
459
523
586
626
530
669
489
563
587
510
508
640
627
451
445
595
629
473
559
525
399
479
634
523
459
417
1353
618
508
492
517
664
450
715
627
557
720
540
632
477
567
474
492
428
994
431
480
695
488
507
499
492
529
459
520
572
452
539
480
584
489
1093
541
491
501
538
484
458
607
532
628
572
406
542
602
492
477
553
438
483
458
432
567
523
526
559
631
511
558
459
516
490
521
503
1172
424
531
491
518
529
501
441
466
551
1132
591
646
519
449
569
480
521
551
499
452
483
556
485
383
403
650
463
452
576
494
541
506
488
496
554
526
569
518
546
597
556
522
569
494
371
506
504
553
495
448
539
490
580
376
474
960
516
515
588
518
496
559
508
454
555
514
541
591
453
568
418
395
513
496
596
504
634
1139
395
510
409
597
506
452
536
433
490
395
466
408
509
609
534
479
549
703
567
496
576
447
577
420
461
656
448
549
478
526
448
524
476
607
526
532
519
465
559
1025
572
529
923
573
498
516
543
503
507
477
466
553
388
399
492
539
531
542
411
425
464
508
543
709
534
376
889
533
449
502
551
622
475
555
657
533
463
541
501
526
680
588
438
402
520
493
460
532
545
517
471
544
620
541
456
515
572
460
409
532
541
540
478
456
453
600
437
438
598
637
654
505
398
454
604
517
572
670
518
619
563
508
637
588
431
473
407
394
479
538
527
452
609
502
464
526
1180
486
554
532
391
507
614
397
496
485
458
480
516
665
510
564
574
507
518
588
538
774
461
492
447
504
511
455
524
410
816
674
652
519
477
422
518
401
473
385
512
573
596
547
549
488
1214
594
537
581
569
606
430
525
495
579
431
512
502
775
427
425
1266
539
591
649
532
517
467
1033
511
564
504
508
592
457
503
514
538
897
601
509
535
435
454
556
464
452
500
607
400
1040
380
490
478
425
494
736
541
491
511
397
561
462
396
429
539
581
521
560
575
508
582
523
415
636
551
595
530
503
525
449
445
446
433
442
600
443
425
474
686
585
474
523
580
422
490
475
535
483
911
438
499
493
488
565
1037
602
375
493
559
453
496
591
486
461
419
559
501
469
437
472
562
499
859
440
559
464
659
528
603
480
628
547
597
543
576
514
605
622
469
435
495
492
418
589
1056
478
707
536
606
570
548
470
526
480
520
414
506
540
643
651
521
376
472
450
457
405
1097
482
498
538
436
414
397
535
392
554
526
607
560
430
545
475
523
977
510
611
516
367
525
374
491
500
504
507
634
484
657
394
492
418
559
500
678
565
582
425
549
507
465
441
492
483
480
646
559
506
459
468
458
601
391
466
451
455
474
534
790
538
534
532
450
548
408
452
465
499
520
610
414
486
547
680
486
515
562
443
1031
525
418
648
418
500
386
491
541
591
439
468
459
532
469
633
513
574
364
527
599
562
536
446
607
552
543
455
517
613
501
475
434
428
706
415
437
573
598
449
488
389
482
486
523
495
442
506
627
541
575
525
539
521
489
528
386
520
447
698
531
467
577
609
486
519
490
486
565
987
550
567
506
472
701
492
417
531
526
733
467
554
579
586
662
473
528
1109
491
514
568
446
652
433
535
488
437
541
528
513
399
521
505
496
518
511
405
447
461
452
456
582
540
487
504
421
489
507
534
542
420
654
522
508
512
505
489
441
457
925
450
508
550
501
519
398
476
520
355
511
579
467
454
591
485
573
533
389
465
613
515
404
1363
579
425
379
388
608
512
509
484
541
469
395
385
388
421
501
561
698
421
438
577
554
536
503
508
448
437
423
470
565
456
587
528
532
506
470
477
428
644
428
588
594
1089
453
517
573
594
642
549
546
515
502
405
611
374
403
468
561
448
518
380
510
514
540
509
466
539
419
573
448
523
643
481
465
555
504
500
695
516
502
426
415
422
517
470
641
465
551
585
481
554
723
480
490
545
645
519
631
493
656
369
461
394
508
476
662
517
475
375
509
486
586
417
616
568
479
642
403
517
406
506
525
523
467
495
511
579
421
543
512
420
608
540
535
394
457
470
488
426
457
445
598
435
457
521
500
519
373
521
495
636
408
569
596
566
614
647
402
387
557
416
1122
555
587
431
457
454
552
561
446
492
397
474
386
442
509
655
555
487
1015
577
511
524
607
460
589
339
483
601
428
584
1188
605
475
546
546
496
631
475
571
509
473
534
649
375
449
507
490
518
495
537
478
545
467
610
535
550
670
512
410
443
506
546
570
630
571
469
446
597
515
617
516
1147
657
606
557
519
464
492
512
453
