135636
153058
172761
172847
148625
152830
156253
140995
148737
140535
144838
147613
152895
164649
120591
184768
156225
176858
168900
152940
156570
140783
156899
159640
144884
156412
161321
149126
156709
124962
168920
144955
172808
176590
164782
184468
184748
171921
152552
156405
156882
148566
163590
120889
144768
128785
160573
117017
153610
153461
128620
153083
137578
145610
165179
141161
173587
145489
145664
145158
180955
144963
145167
124741
153168
137050
145049
152872
144605
136759
116946
165165
160896
164976
136468
152971
149801
140718
152861
144589
144944
155244
160999
166433
148961
156977
132310
182021
148833
164406
148542
148687
164516
132960
160811
188983
144658
156578
148408
164520
164515
137015
148511
152264
172697
152931
156690
160990
148926
156843
176452
152846
160851
172667
136901
152974
132888
160771
136550
124617
148877
156713
144786
168681
160747
128883
173122
145687
173484
157565
145456
169341
149246
149249
165361
145356
156294
145406
141375
173714
168868
156782
140810
152231
140379
120973
159818
140944
160786
128804
172405
121015
148934
151996
156834
144903
144960
148944
164882
144561
148284
176799
144914
140809
136006
156575
136352
168627
176881
176725
140003
141010
140786
140879
145006
124757
176398
160452
148977
139398
140956
160710
160942
173000
148720
161038
152880
160717
152720
148893
164467
141640
145093
148558
160921
155870
164345
140903
148785
188717
135274
160525
133159
132812
152312
144751
160822
144896
141041
176961
164870
124619
172709
156794
152774
156676
152744
188103
152678
176728
144904
133003
184764
180569
148232
160713
140747
152929
140971
180957
144918
164966
147911
132418
152424
148655
172658
152676
149077
136774
128566
152995
141013
133010
140690
168797
144898
148934
160434
172834
168698
136833
172525
144765
148716
132732
128098
144830
148918
168709
152401
176791
149202
176442
140826
152895
152825
148881
140972
140775
156896
148771
149007
132956
168910
156658
132565
172789
139418
168421
179862
154525
160762
153847
188451
140878
172446
176699
136665
136709
152554
172846
148811
128912
180892
164881
156604
168712
184715
149079
112975
152351
164461
148908
168873
160671
156851
140861
160980
164642
148683
133050
168734
148686
144732
156882
160806
132651
140969
152816
133054
156871
144705
139885
156921
144884
128988
164858
168491
148813
176995
160460
164802
124986
160706
152761
164676
152669
144926
152997
160061
152992
144795
188783
172888
168573
184969
172895
156666
156574
150866
164905
160984
132786
144568
156916
172905
168919
164741
144796
144785
148983
137911
160819
140672
172767
148850
148799
152753
160874
116949
133010
140959
168039
160565
152750
144912
132951
132690
176033
164731
153102
130747
145094
160852
180989
144514
141247
160773
160906
172441
156558
148779
150310
152938
156794
172810
149000
141015
144832
155507
153750
140785
149010
144992
172858
164478
144955
120818
176586
184836
132765
160878
140561
140611
149020
141105
180926
168934
160963
132779
137209
176499
148870
152645
155646
160634
128526
148839
168906
176379
164992
128777
176973
144630
148756
172752
156816
132780
149006
160751
148931
148667
148837
132892
124818
168194
183970
120890
160999
136879
149798
176855
132378
164801
136951
168843
176921
168832
132498
137065
168677
153097
152569
172987
156707
148868
173083
153051
132498
157038
164812
149026
180829
168720
156705
157094
165012
164840
141054
148496
189292
148578
136824
145061
160532
145046
140081
152808
149027
144887
136740
140881
144738
132798
147460
164878
160613
160953
157019
164484
139880
164746
144899
144903
141119
172904
153008
162480
140911
180683
144279
164844
159964
140477
152619
180660
172934
160655
152827
145018
124996
156622
128865
164931
200840
144648
152890
156960
141015
153096
164522
176732
168903
196852
168707
148733
160883
176747
156997
152872
148924
144881
129345
148391
161095
112948
169072
152723
149038
152797
147236
141559
148579
115876
152921
120511
149446
171702
144790
141217
136931
140797
152408
164939
160902
168707
141155
164642
152763
148891
142653
140362
148264
164668
156907
140835
185024
168902
152996
133080
140605
168681
132278
132826
124996
116748
163548
188893
160983
136879
168880
156558
153323
156665
156534
140800
160985
148795
160804
144474
156935
140922
136946
136294
128644
120836
172937
140729
140556
152777
146341
168827
140720
164918
156417
137112
172765
160880
156879
148675
152791
140063
144697
160943
156333
156302
136306
168801
160772
168762
164854
156784
124934
168466
136626
152936
140237
164665
164609
152877
129178
142530
140871
152759
136901
153042
161207
124619
160896
177106
164795
164963
176513
152870
172776
192178
184672
168859
172353
180972
140874
164571
156136
136871
144224
124809
136785
168327
152901
144824
148981
156624
160854
140825
180445
161049
144583
136409
144912
132690
127532
132797
152957
160872
176574
164862
140930
133006
156780
168873
172809
132848
144747
144818
157120
148281
152177
148866
152943
140991
156564
152937
137576
141029
156660
128867
140091
148949
167332
148950
156984
137077
148807
148839
140850
148843
164845
147833
196626
172750
160881
156749
144488
144610
140699
156478
144296
133073
156843
124750
160953
160714
151829
141035
136576
152662
141004
161019
148624
136621
160681
141072
148989
168935
132272
172823
184356
168799
172736
144810
149035
160575
116602
152380
120887
116736
132409
160983
144971
176870
148401
160666
144786
176649
152765
152171
164792
160721
164601
148826
169034
152886
144784
145109
148731
164645
140434
164667
180239
156368
146361
168303
164793
153077
180908
128497
144762
168883
144878
168672
172892
144419
133017
132946
133045
152893
168837
136649
168668
144906
140978
180080
161008
149104
172991
156672
176926
148988
172442
128859
160986
145079
164867
184882
156398
152670
149087
172757
176823
144896
144968
139716
145092
140742
144613
156923
145006
156660
152984
160628
140887
181088
180880
164587
200851
149062
160855
136672
156355
156619
144559
140847
156485
172471
133012
153011
168465
136860
172658
164873
152335
148360
148357
144936
172875
176829
160872
144939
160617
156685
181039
160920
140903
164901
148566
132675
132880
144832
120924
164827
160746
152795
153249
184993
168420
152518
180493
137029
164737
160756
157037
156711
140749
152813
184702
148972
180777
160857
172771
164803
168730
168912
185385
161518
165148
153158
161283
165466
153150
141522
181013
138002
160924
172842
189126
136872
164790
168651
152766
140604
168227
176845
180436
148639
151806
148585
152694
148958
176865
168826
140698
156837
132534
156928
145035
152565
140724
188784
196946
164960
168747
176729
144931
128601
117170
149020
152811
152851
160631
168483
176753
152858
155349
165005
172635
192870
148808
148137
152851
172869
168790
152410
153044
156875
148627
152923
168705
132782
172975
144808
156645
150190
160901
168133
152636
180850
155916
160807
152346
149010
140488
128884
164873
156988
168946
152796
160916
136639
136244
176760
129097
160747
180785
156805
174482
130398
164451
156610
148955
156898
141054
140562
136584
181097
141239
140826
136929
152777
156963
