33569
17847
18272
36260
21376
33698
35507
25844
33681
13994
17182
17437
17673
21241
29166
23203
35793
21913
13754
30294
17706
21258
21208
29841
29630
26565
16697
31176
29897
33627
29645
29824
29722
21795
21837
33229
29708
33757
17761
14029
29798
21646
17678
17753
21199
33710
14090
29788
33889
29957
29995
18098
33745
26167
17683
38055
17705
33684
21953
17732
29187
33489
18055
29810
25441
25905
25159
29936
29781
33860
25787
25588
13925
33167
29674
17920
29672
32108
23317
16687
29771
32977
21933
13673
17778
29777
17844
17882
14001
25783
13781
17893
55271
21858
25720
33807
17827
33914
17992
33798
24953
21584
18063
26090
18007
17925
17632
29586
33532
25765
49862
29963
25904
37826
29847
37871
25822
29652
33801
25289
17775
17827
17867
21739
33585
25875
25677
17853
29249
18134
17740
17796
25636
21548
29596
26178
12893
33689
29823
21690
21264
33739
11285
17512
25604
21692
17723
18037
17674
17191
37800
34034
26095
33751
29750
13920
17670
17682
17939
17453
33457
17858
53880
26056
17706
17932
818
18023
33439
29871
17859
33475
29518
40073
25859
33736
21957
33533
17650
17454
25444
31605
32887
17699
22042
13909
18090
17799
16733
20271
23058
29460
29835
17916
25919
29848
19425
33821
16920
33700
21476
17629
29953
17614
25637
29698
29155
29941
30251
25740
28450
33987
33927
21954
33264
33503
21513
25696
5602
21926
34211
22005
25773
17978
33876
31403
30723
29659
22039
16629
34011
13802
17882
29393
23178
17737
22079
45188
29849
18007
22015
17719
25683
19733
17277
19664
21890
2783
33923
17771
30069
29771
29763
29624
14113
31538
17789
26105
34102
25855
17834
17634
25949
25838
25856
18135
34176
25979
19771
29399
30006
33794
32875
17402
29678
1885
34022
35533
17509
33786
17979
16798
16769
16810
26059
29586
33597
21497
17929
33826
29571
49417
906
1780
17623
29722
21891
21825
29885
17517
23552
33700
21745
34141
17726
18005
33483
17655
29712
37766
17587
22210
34034
33174
29921
37966
17828
29735
33284
13904
25989
37558
17999
33631
29750
17505
33602
18080
24001
17634
29786
25843
29672
12473
21920
17780
17890
17619
25818
26713
33599
21714
20989
17879
17942
17757
23426
29877
33379
33679
29645
29622
23595
33800
17747
40541
25726
15475
17990
29886
21680
33173
30163
29106
18082
33421
29534
33673
29288
29846
29685
33745
26066
17964
13889
29826
29643
17776
17989
17357
33808
20429
29271
17467
16597
32139
37885
21543
17901
21775
33633
21919
26308
18048
17955
37939
30356
29746
17285
17623
19712
37472
41278
17823
29186
30035
26196
25861
20699
29721
34092
22076
16807
17647
29814
32233
20220
21900
23818
29521
33835
25798
47393
29955
35602
29929
17803
35341
29485
33762
763
17947
35428
53740
17489
25921
45811
28623
17981
33812
17521
29519
18011
29837
33939
32784
34008
33621
19682
40742
17706
17571
26592
25360
30154
33768
1894
36285
18130
33642
22122
17413
18248
19602
17735
18965
29969
37427
25666
41821
33645
19646
34246
25983
33495
21859
30439
29219
21971
17737
33981
17661
33736
18086
33452
28490
1009
13923
28473
17281
17693
33870
29653
21348
17579
35278
5292
13584
29882
40775
13753
30038
17887
30762
18029
17642
6247
33811
25833
21728
25998
30123
25691
30169
33830
41159
33664
33844
18129
26073
35324
29756
17903
22097
33710
12539
30003
29712
32235
26104
29630
33718
22073
17829
25970
17258
17786
25503
33664
29886
17982
26044
30114
33885
26189
22090
33687
29848
13995
33784
18190
36142
29936
21746
812
14002
39474
33669
33483
21434
21776
18200
28031
29179
21868
21741
18093
33772
50044
22025
29819
33856
17984
29613
35560
47862
25936
29637
17715
17999
17956
25987
17786
17962
17464
19742
33662
25368
22057
17766
29964
33652
33753
18520
22685
18005
33739
25984
17985
37874
20203
20454
17562
21819
29915
34056
29653
17536
32947
29682
29802
13962
33612
17759
19790
17915
13886
20399
17387
29743
21489
33841
17750
942
17776
21885
19536
17543
33815
29770
25300
17745
25851
17661
29802
18056
25568
25199
32968
25723
33573
15722
18076
37688
22006
32643
17828
924
29502
17629
21720
41804
18071
21872
26218
29820
17762
18370
36046
29728
33727
37802
33514
30092
6291
25940
29555
29798
33889
18066
10019
22073
21738
29826
25837
17787
13924
29835
17357
27485
21740
29440
33645
21150
22022
6057
17826
33748
34003
21645
33759
33919
17921
33804
31027
17844
17982
21757
19986
22140
19383
18095
16762
21971
33779
29458
46238
28695
34367
14024
18219
21878
18412
27319
21837
33739
33779
25605
29427
29415
17299
17695
33035
33745
29143
33677
21725
29933
17906
33708
29711
33611
9980
17252
38011
13975
17907
21776
21792
28670
17368
32810
24443
34068
10081
13825
19867
14156
34044
18075
25816
29869
17682
18416
29746
33791
17782
29533
17906
29453
29892
21913
25542
17614
25678
48724
22073
17626
29484
34028
33939
21882
26056
17931
21916
21944
29714
17801
33731
29858
33974
9616
33807
33653
29747
5812
17854
13838
33780
17750
29543
20578
17593
18174
41968
17664
28908
17894
29477
17865
17789
17850
9820
17947
29851
25565
19155
21637
9967
17963
33426
31218
33984
29946
30079
29912
17792
25640
21864
25667
17576
29990
31600
29886
17928
18068
29779
37994
21646
13573
40373
33741
29664
21154
29481
30086
18138
29657
21624
17585
33797
9984
17314
33408
25480
34128
17949
26006
17908
17515
25778
29605
33717
17740
26053
17961
18189
21465
29474
1829
13064
17699
33970
38153
36350
26504
21888
17758
10138
17007
33704
21844
32404
26280
29985
25733
23459
25793
22538
16975
21542
22058
21529
33867
17791
22139
24778
17707
17088
29496
24019
16914
17698
33953
33775
25628
29822
33637
21965
29881
21788
30078
18250
17918
26010
33612
16952
18144
17668
17756
17872
25702
38048
22100
29414
33322
17819
18171
21734
30123
25942
21601
33484
33993
17964
25557
13006
29917
18135
17753
17763
25896
33666
27760
29318
28680
16946
30027
822
13868
33412
33691
26090
31453
39337
21782
13531
29781
6293
21740
26192
30136
26045
17727
29983
33113
32616
45674
13235
21495
30049
18089
25370
33777
14206
17830
21399
29853
18064
26246
21946
33512
17755
17577
33808
17973
37904
12387
21497
17698
32500
17439
17943
25808
28321
17881
18104
16748
22020
6210
33805
33957
1850
25816
33580
17712
20685
33442
23304
33804
