266
220
213
471
215
233
591
248
15400
254
221
16438
11304
248
245
219
11072
11367
253
230
234
223
195
217
216
233
267
221
16975
23275
14083
11003
232
229
17148
10293
6794
15392
13035
7643
10405
248
10241
11296
224
14116
215
258
247
223
15180
272
18064
11051
11389
248
230
10932
363
403
358
260
8365
15309
285
244
264
6055
286
232
242
285
228
15610
237
244
17172
10732
11016
285
22115
235
216
234
224
257
218
229
214
9908
231
216
254
249
227
231
13382
13883
17929
10874
215
246
8658
11023
3291
236
237
223
312
16745
11202
281
259
228
230
18250
5304
250
259
258
254
238
247
250
228
254
949
13411
228
290
238
241
242
259
244
277
239
232
18146
15194
225
235
17080
224
10248
11163
10990
19037
241
225
294
244
10743
10655
3390
267
264
276
250
264
233
240
12870
6856
12864
231
3169
291
266
251
261
2263
256
252
5243
254
10301
225
5892
260
252
295
6292
234
2516
237
346
313
4694
218
14995
15199
15330
10426
15470
12486
11825
254
14283
245
254
215
18521
14942
245
14669
228
10156
7362
227
227
227
240
241
233
20875
235
229
5449
246
14121
15132
228
240
259
224
246
264
231
5498
21418
224
250
12632
10949
230
248
223
235
214
270
269
233
261
255
223
9326
11236
228
219
268
268
213
226
250
225
262
8202
258
2270
237
15360
209
6086
276
9985
286
8583
284
10261
230
5689
15260
266
15255
235
306
13562
248
230
278
285
266
280
260
17745
226
13651
258
254
237
256
259
234
10915
240
250
297
248
216
224
241
227
9927
231
238
296
261
235
213
232
13462
300
247
243
234
12626
271
1293
242
6247
253
14306
11339
249
239
261
267
5951
252
226
303
215
15575
229
13940
7104
223
263
249
257
277
259
239
249
3803
249
6107
224
212
18215
11940
244
228
248
272
7422
219
245
6716
249
239
224
231
13207
14904
243
14016
218
230
274
15539
251
235
251
230
217
15901
254
229
227
245
2436
247
5885
225
243
11317
275
237
18557
249
222
283
257
13907
15267
260
288
232
218
228
251
4590
247
231
263
241
211
12970
226
250
217
254
242
251
247
14021
19172
15097
10886
15109
267
17820
15135
15149
227
252
8435
244
211
253
223
14829
225
256
225
223
251
13256
11102
10645
214
237
258
222
225
17058
11080
11272
11197
253
9799
11195
237
18192
15152
14958
227
253
10847
227
230
231
241
521
5977
234
263
244
225
243
215
259
213
13802
8482
227
12570
265
233
242
210
257
16747
247
20621
256
247
226
254
2594
19335
217
240
247
583
273
289
218
242
252
242
260
238
241
258
287
15331
262
270
234
240
9167
7956
233
4729
245
246
17952
246
13688
14433
231
245
244
233
248
16860
15857
257
5906
3299
14828
19148
11040
259
220
240
219
233
16727
242
225
230
221
242
223
238
261
267
236
15051
217
248
18283
255
252
17069
230
16951
233
271
16750
11099
218
253
12802
220
239
231
223
250
263
210
14200
16709
11159
14638
222
21744
11218
260
271
12966
10878
266
227
240
252
227
15847
226
277
25090
10929
222
215
12348
7056
14959
12754
226
225
233
242
14699
14699
15162
258
4908
283
12503
271
13076
260
226
244
243
4604
222
13797
250
224
227
205
263
251
13685
242
6153
279
241
232
253
253
233
16566
14928
241
222
227
237
261
229
265
2332
234
2345
3349
255
294
279
287
245
274
20922
231
10115
241
13656
11129
229
13564
220
240
17154
11016
11065
10757
246
5732
214
240
4918
240
13963
229
9590
226
5305
10592
15160
240
1595
256
6003
7937
243
5751
215
17998
19041
226
246
4084
239
11970
10743
248
2201
10901
216
246
17047
239
289
266
250
12162
3138
236
21580
258
258
9792
11124
259
254
20164
10983
14583
230
237
221
232
9898
11177
237
5786
257
6307
255
12920
10959
266
211
255
7589
210
9662
10792
225
214
226
3648
15060
240
234
227
265
229
288
267
5814
229
14435
278
239
13183
14880
219
6009
244
6003
228
250
219
244
15309
239
209
16528
292
229
281
11280
248
250
228
247
2922
201
255
276
237
251
262
1972
211
212
226
249
242
269
241
242
18268
14742
1001
229
218
225
6483
268
1040
232
6133
260
246
22128
14473
241
12780
15197
11352
10864
13584
227
8853
15130
242
240
17247
241
13797
11171
14192
237
264
19277
236
9544
7096
231
217
17247
221
234
16951
238
280
222
257
233
231
263
247
231
270
11160
248
235
258
12788
14302
10710
10749
10813
15219
236
239
235
234
7866
270
16924
11049
231
251
223
13044
20962
10932
253
218
16487
239
227
16960
241
300
229
10031
11185
15378
243
237
287
3159
250
14194
241
5571
231
1867
10769
263
5999
250
6163
300
226
5738
3219
11274
252
263
224
6038
288
2113
290
11584
236
237
9554
10825
10869
11006
230
232
234
8014
15141
262
10087
214
13027
236
252
12509
239
259
1965
263
244
18323
235
240
270
9139
19160
10838
13717
226
242
13294
10250
239
251
242
226
228
16494
229
13660
258
231
247
239
246
239
250
303
265
5760
239
265
219
252
230
9781
20644
225
234
242
232
17404
23211
280
21764
233
13505
6153
249
208
221
264
15907
225
14793
238
255
256
13779
15114
3560
14551
223
