11924
11774
11878
11839
11868
11744
11837
12177
11878
11770
11734
11716
11855
11921
11843
11612
11820
11616
11749
11856
11665
11651
11664
11633
11935
12511
11759
11647
11893
11663
11917
11657
11780
11659
12225
11709
11767
11770
11674
11980
11784
11773
11868
11938
11812
11987
11725
11873
11721
11573
11688
11711
11950
11870
11911
11682
11785
11690
12061
11886
11773
11819
11903
12087
11875
11840
11901
11914
11888
11685
11848
12060
11935
11642
11717
11667
11818
11780
11763
12060
11902
11754
11747
11898
11723
11775
11631
11667
11723
11848
11849
11947
11980
11693
11997
11924
11741
11925
11666
11654
11771
11903
11768
11771
11933
11824
11898
11643
11646
11856
11639
11895
11723
11737
11830
11785
11854
11795
11668
11935
11777
11953
11844
11830
11833
11770
11908
11698
11713
11946
11865
11751
11645
11750
11733
11917
1712
11915
11672
11746
12016
11843
11649
11780
11733
11896
11832
11589
11669
11681
11948
11725
11767
11675
11653
11918
11869
11836
11657
11883
11864
11866
11634
11800
11757
11819
11834
11676
11755
11834
11857
12007
11598
11761
11765
11651
11819
11741
11881
11690
11627
11764
11908
11734
11734
11705
11831
11882
11959
11793
11784
11828
11855
11907
12032
11821
11854
11717
11774
11820
22035
11672
12313
11835
11780
11817
11918
11886
11777
11881
11729
11762
11697
11859
11785
11800
11813
11859
11690
11797
11869
11820
11825
11829
11764
11829
11672
11790
11869
11816
11946
11743
11902
11685
11619
22308
11820
11794
11877
11854
11644
11809
11925
11878
11836
11783
11839
11747
12068
11849
11843
11603
11715
11818
11765
12167
11794
11905
14441
11868
11784
11877
11657
11685
11741
11769
11953
11734
11962
11827
1649
11847
11796
11711
11856
11808
11871
11718
11707
12209
11901
11778
11810
11895
11750
11767
11785
12065
11626
11720
11617
11816
11787
11762
12001
11821
11923
11924
11880
12325
11735
11696
11928
11822
11909
11771
11825
11850
11703
11927
11840
11750
11900
11858
11853
11614
11663
11646
11640
11801
11859
11905
11732
11783
11773
12087
11642
11688
11592
12208
12293
11835
11651
11609
11611
11581
12016
11670
11770
11743
11635
11798
11682
11610
11721
11927
11865
11833
11836
11746
11860
11800
11855
11856
11806
11861
11922
11827
11799
11788
11808
11988
11676
22326
11620
11926
11659
11806
11778
12063
11819
1738
12052
11806
11626
11859
11660
11692
11592
11580
11759
11961
11823
11801
11887
11819
11628
11898
11889
11715
11799
11831
11817
11643
11831
2963
11759
11969
11821
11814
11983
11766
11736
11845
11826
11746
11886
11738
11755
11905
11849
11793
11843
11825
11858
11823
11886
11991
11825
11956
11784
11871
11628
11721
11831
11813
11710
16467
11865
12858
11990
11777
11951
11815
11739
1986
11770
11837
11803
11673
11724
11876
11736
11718
11642
1766
11892
11765
11773
11606
11713
11841
11832
11831
11844
11760
11736
11833
11890
11776
11796
11937
11855
11905
11726
11861
11893
11771
11847
11888
11900
11774
11834
11941
11804
11942
11638
11885
11816
11889
11856
11630
11641
11666
11711
11718
11675
11793
11651
11593
11632
11730
11755
11691
11892
11737
11706
11710
11955
11808
11722
11791
11752
21811
11860
11619
11826
11930
11677
11792
11737
1636
11900
11825
11879
11780
11687
11750
11673
11619
11796
11607
11875
11744
11778
11843
11647
11866
11665
11792
11930
11763
11745
11861
11935
11778
11860
11932
11703
11705
11901
11764
11737
11640
11953
11669
11697
11736
12055
11853
11915
11784
11856
11644
11845
11766
11689
11850
12053
11962
11807
11797
11625
11868
11924
11646
11615
11666
11789
11640
11902
11879
11788
11814
11782
11665
11680
11888
11885
11853
11856
11811
11689
11684
22017
11629
11680
11680
11678
11826
11601
11847
11751
11814
11582
11730
11873
11735
1709
11998
12247
11666
11696
11664
11794
11802
11726
11812
11713
11959
11911
11712
11875
11703
11841
11648
11635
11911
11595
11911
11590
11603
11681
11807
12108
11568
11790
11756
11768
11859
11857
11909
11862
11847
11800
11789
11895
11746
11824
11720
11923
11670
11893
11620
11876
11927
11875
11767
11701
11587
11717
11761
12108
11849
11893
11675
11634
11918
11802
11786
11840
11835
11902
12900
11780
11912
11846
1926
11722
11901
11818
11892
11933
11813
11571
11659
11904
11808
11848
11800
11844
11793
11786
11746
11810
11972
11677
11968
11814
11902
11892
11908
11707
11722
11898
11749
11829
11920
11747
11674
11671
11788
11668
11728
11608
11649
11789
11936
11813
11757
11771
12010
11804
11961
11643
11762
11703
12061
11781
11779
11948
11709
11867
11743
11678
11804
11615
11703
11711
11860
11721
11855
11782
11615
11724
11693
11909
11858
12125
11861
11599
12034
11704
11830
11940
11867
1785
11988
12012
22157
11856
11678
11923
11741
11657
11776
11672
11747
11669
11911
11860
11722
11865
11856
11839
11917
11834
11793
11613
12040
12080
11657
11888
11751
11836
11619
11843
11810
11858
11610
11645
11714
11927
12126
11865
12448
11794
12073
11783
11782
11673
11877
11812
11961
11787
11899
11871
11809
11876
11805
11869
11652
11701
11791
11624
11789
11815
11892
11857
11763
11656
11652
11658
11920
11962
11771
11841
11630
11956
11686
11804
11690
11803
11821
11836
11893
11739
12003
11766
11614
11769
11796
11915
11622
11843
11735
11519
11885
11625
11761
11658
11750
11810
11841
11675
11666
11787
11612
11844
11848
11849
11741
11700
11738
11854
11938
11746
12354
11575
11895
11897
11845
11869
11775
11888
12042
11937
11878
11790
11692
11833
11651
11749
11725
12007
11906
11623
11783
11670
11668
11851
11630
11896
11987
11990
11836
11887
11929
11704
11658
11651
11657
11883
11678
11630
2955
11791
11648
11855
11930
11696
11661
11577
11900
11791
11845
12065
11837
11841
11841
11813
11692
11803
11605
11765
11726
11804
11871
11817
11832
11709
12055
11792
11854
11681
11765
11786
11739
11783
11816
11739
11932
11991
11953
11610
11859
12148
11742
11700
11947
11746
12091
11705
11675
11803
11922
11807
11876
11868
11914
11706
11795
1737
11644
11953
11689
11581
11677
11678
11708
11852
11831
11943
11907
11804
12223
11782
12426
12815
11519
11112
11072
11712
11677
11637
11826
11719
11816
12071
11888
11993
11849
11692
11691
11699
11825
11804
11895
11782
11881
11760
11570
11964
11760
11798
11746
11808
11722
11869
11858
