213
154
167
142
145
181
133
147
168
171
202
231
209
216
154
221
146
146
243
201
131
169
244
147
211
164
139
213
227
208
143
157
131
141
182
145
257
232
142
125
161
162
158
175
149
242
199
155
176
159
204
163
254
210
216
175
164
185
129
209
197
147
184
143
143
131
144
195
143
148
142
156
171
132
182
143
141
167
183
132
226
214
143
201
196
211
172
235
171
130
205
158
159
139
128
208
134
165
133
203
218
142
161
149
198
137
181
150
220
144
142
206
143
209
243
132
155
131
151
182
207
173
162
167
287
214
156
129
151
240
196
142
145
150
195
978
238
147
170
210
162
195
172
179
177
145
183
172
178
153
127
205
183
166
199
158
157
300
236
171
217
171
146
238
173
191
185
202
199
170
271
155
160
195
191
166
149
244
162
194
173
162
145
146
141
228
187
132
149
125
134
170
242
162
136
194
130
295
145
238
219
136
182
144
195
189
130
171
170
173
151
201
138
249
214
175
198
211
201
215
165
164
155
213
465
156
201
137
131
176
171
159
239
200
179
184
188
150
194
152
196
138
197
194
136
144
142
226
139
144
177
164
124
206
228
175
152
213
151
209
228
149
217
193
163
216
144
149
196
177
245
163
236
206
184
178
160
156
125
301
153
189
129
157
229
165
164
136
272
193
179
207
165
220
182
255
249
205
126
142
217
190
141
157
135
187
159
181
133
273
176
177
200
156
260
164
187
293
191
136
148
134
137
248
170
146
205
137
145
139
137
184
174
175
150
152
167
204
174
255
219
146
130
165
157
201
208
205
188
170
141
153
204
160
186
178
181
119
157
174
179
146
161
158
196
174
187
205
159
207
148
136
206
149
145
143
227
195
215
190
214
206
175
185
198
181
162
217
180
219
225
195
172
205
200
201
264
233
198
164
196
186
244
232
241
192
242
247
228
190
151
129
179
225
161
130
160
128
174
139
129
194
160
239
133
145
213
205
145
253
131
136
164
552
271
200
213
199
143
174
154
130
202
138
199
156
171
130
188
171
141
196
139
171
174
140
236
163
146
211
197
162
200
156
215
132
201
154
213
235
200
208
150
163
132
209
201
177
156
211
164
201
212
184
221
147
136
148
132
159
161
166
168
283
137
146
135
202
189
207
158
140
159
195
154
166
204
215
179
132
249
177
169
188
233
193
202
205
142
244
245
243
164
178
208
143
255
146
163
171
197
196
144
225
233
145
136
135
155
159
254
185
145
197
175
200
190
270
217
198
165
159
194
193
207
139
137
204
141
230
177
253
192
149
179
151
182
183
151
227
196
144
139
198
130
166
217
219
161
235
254
152
152
135
129
272
177
162
210
160
212
235
215
142
200
208
160
205
187
174
157
259
165
175
166
211
159
202
148
171
221
136
141
133
143
203
164
147
158
299
143
135
155
187
166
212
166
158
153
220
162
155
196
142
143
172
166
188
183
188
158
234
185
152
210
177
193
174
137
160
150
213
226
164
155
217
133
138
215
206
183
136
149
188
149
174
220
163
151
292
156
147
227
139
140
135
186
133
146
163
212
210
168
158
166
137
195
214
171
136
591
248
148
217
151
467
180
177
166
271
168
166
161
149
160
214
157
144
202
177
138
177
159
147
165
234
148
141
210
167
141
144
182
129
151
213
225
149
134
132
222
299
199
163
147
229
161
186
154
201
153
284
132
148
231
233
152
266
159
203
211
158
217
181
210
151
170
170
192
196
137
248
147
134
181
151
161
131
139
139
154
134
208
199
157
189
134
280
152
163
279
138
183
182
187
197
169
282
178
299
207
166
149
177
208
128
170
209
145
201
150
193
133
193
177
155
218
213
171
141
170
179
170
134
137
182
142
139
189
133
207
226
131
219
212
240
145
265
141
151
221
191
140
157
191
188
250
139
227
199
174
204
148
201
169
170
202
172
152
136
225
237
213
166
196
163
172
170
179
131
141
142
136
254
144
151
146
149
177
137
173
138
218
167
158
190
136
150
141
199
207
143
158
134
246
168
151
166
130
166
239
193
204
241
138
149
189
193
139
165
151
142
219
139
141
149
190
161
186
156
491
187
163
207
164
179
162
194
154
169
181
197
312
201
191
166
206
144
226
146
192
156
167
194
158
244
172
204
158
199
137
141
133
161
204
174
165
142
174
135
131
212
152
201
138
172
256
140
173
170
161
133
135
209
174
265
199
137
199
225
135
152
165
154
140
165
147
195
147
166
162
157
162
164
202
125
222
196
165
163
139
133
176
205
180
137
194
187
155
143
