13578
13453
13590
13607
13723
14850
13549
13543
13476
13718
13620
13575
13650
13598
13456
13579
13544
13489
13640
13495
13839
13696
13557
13621
14513
13723
13536
13543
13515
13559
14602
13448
13629
13531
13699
13608
13636
13597
13561
13615
13486
13480
13981
13769
13469
13632
13623
13517
13530
13797
13657
13476
13500
13645
13578
13537
13642
13511
13663
13646
13477
13506
13617
13452
13863
13547
13421
13555
3574
13536
13515
13394
13636
13672
13494
13944
13327
13578
13584
13765
13544
13620
13492
13507
13571
13660
13404
13602
13885
13524
13620
13667
13520
13506
13442
13522
13526
13566
13655
13671
13633
13554
13681
13453
13598
13557
13502
23843
13657
14371
13858
13609
13594
13472
13653
13546
13579
13529
13566
13451
13440
13609
13416
13660
13488
13549
13575
23956
13636
13464
13617
13528
13566
13618
13555
13490
13617
13490
13822
13611
13485
13422
13581
13523
13520
13576
13549
13519
13425
13526
13447
13496
13559
13468
13613
13441
13643
13713
13677
13583
13444
13829
14646
13713
13560
13542
13726
13720
13606
13729
13861
13517
13511
13640
13522
13570
13614
13556
13553
13554
13484
13607
13654
13467
13581
13786
13611
13564
13513
13594
13616
13455
13475
13466
13449
13472
13869
13626
13539
13682
13522
13423
23862
13462
13563
13512
13565
13683
13604
13573
13634
13624
13539
13626
13412
13462
13642
13625
13463
13684
13740
13426
13552
13570
13416
13555
13392
13568
13532
13402
13550
13506
13562
13911
13510
13504
13639
13443
13445
14220
13501
13516
13402
13553
13427
13387
13852
13478
13531
13501
13518
13582
14693
13498
13435
13714
13584
13743
13383
13465
13599
13496
13580
13462
13533
13533
13996
13565
3730
13597
14641
13611
13525
13574
13395
13497
13475
13444
13535
13531
13536
13575
13551
13419
13554
13661
13601
13890
13606
13667
13682
13850
13433
13538
13467
13543
13783
13580
13373
13509
13615
13515
13422
13588
13478
13720
13321
13552
13615
13555
13724
13619
13558
13589
13525
13583
13538
13541
13549
13529
13591
13703
13518
13572
13526
13429
13501
13703
13528
13520
13428
13529
13720
13607
13571
13698
13562
13934
13584
13465
13567
13540
13486
13617
3690
13591
13526
13584
13448
13558
13544
13457
14784
13423
13429
13563
13563
13730
13852
14079
13461
13594
13654
13613
13580
13632
13688
13643
13592
13588
13507
3738
13938
13571
13500
13462
13562
13547
13644
13483
13595
13474
13482
14065
13666
13569
13565
13496
13551
13410
13588
13589
13672
13527
13984
13498
13547
13519
13522
13544
13657
13458
13520
13544
13469
13574
13752
13463
13469
13663
13464
13506
13503
13550
13735
13534
13564
13515
13497
13590
13578
13566
13499
13602
13518
13505
13964
13558
13516
13553
13482
13524
13557
13468
13723
13850
13512
13524
13622
13576
14764
13508
13456
13505
13494
13796
13533
13559
13464
13804
13576
3677
13687
13645
13695
13470
13530
13636
13469
13440
13367
13617
13524
13561
13495
13944
13507
13629
13503
24038
13386
13416
13491
13539
13437
13669
13603
13505
13514
13598
13420
13375
13452
13737
13583
13489
13446
13469
13615
13481
13562
13602
13547
13585
13518
13548
13868
13648
13642
13592
13643
13539
13625
13496
13591
13556
13560
14436
13554
13656
13473
3751
13491
13491
13787
13538
13646
13611
13444
13573
13614
13558
13454
13885
13446
13444
13514
13482
14743
13518
13462
13619
13853
13500
13535
13772
13559
13459
13611
13448
13502
13424
13425
13574
13646
13545
13476
13606
13597
13706
13545
13451
13699
13489
13644
13430
13711
13619
13601
13528
13356
13590
13587
13480
13482
13592
13492
13632
13617
13613
13511
13469
13477
13478
13917
13502
13483
13556
13579
13483
13502
13890
13505
13603
13613
13555
13469
13510
13550
13659
13602
13614
13600
13507
14014
13539
13485
13635
13690
3964
13591
13473
13460
13493
13588
13871
13459
13744
13489
13480
13846
23978
13787
13505
13664
13512
13682
13673
13716
13545
13654
13562
13482
14473
13679
13469
13528
13528
13509
13500
13565
13541
13611
13499
13585
13572
13604
13509
13559
13470
13561
13578
13521
13776
13588
13512
13521
13534
13507
13457
13452
13590
13460
14003
13676
13376
13574
13611
13598
13655
13732
13551
13657
13714
13508
13644
13568
13511
13619
13587
14004
13646
13616
13505
13474
13988
13619
13391
13438
13551
13605
13658
13438
13464
13542
13455
13506
13501
13448
13707
13659
13374
13905
13497
13444
13598
13676
13682
13430
13533
13671
13631
13514
13492
13489
13427
13533
13573
13457
13359
13585
13540
13532
13469
13613
3904
13533
13525
13543
13482
13577
13699
13526
13877
12132
13676
13485
13590
13572
13700
13517
13461
13643
13971
13504
14000
13685
13855
13619
13557
13718
13458
13604
13588
13600
13963
13632
13560
13500
13479
13580
13684
13610
13530
13604
13501
13665
13618
13636
13497
13429
13547
13633
13519
13540
17811
13408
13464
13426
13671
13452
13484
13546
13598
13413
13531
13617
13511
13785
13683
13479
13541
13789
13448
13543
13500
13495
13721
13837
13675
13558
13704
13517
13509
13589
13625
13500
13606
13556
13464
13563
13641
13579
13545
13552
13648
13432
13619
13512
13485
13553
13582
13611
13466
15204
13610
13556
13698
13647
13525
13341
13672
13467
13554
13619
13630
13579
13960
13689
13482
13613
13526
13762
13729
13524
13941
13563
13697
13653
13469
13427
13697
13591
13549
13480
13467
13507
13656
13573
13474
13626
13528
13666
13452
13443
13524
13527
13557
13698
13686
13577
13570
13561
13885
13410
13595
13561
13411
13494
13565
13618
13517
13572
13778
13674
13622
13371
13526
13586
13392
13607
13622
13604
13515
13555
13495
13480
13436
13653
13674
13552
13659
13582
13598
13460
14454
13627
13499
13570
13475
13514
13547
13487
13553
13827
13709
13577
13523
13593
13298
13774
13473
13483
13496
13446
15115
13475
13529
13465
13465
13376
13285
13502
13577
13696
13524
13478
13548
13624
14074
13695
13600
13695
13606
13598
13578
14013
13635
13582
13582
13528
13453
13691
14005
13459
13778
13470
13587
13569
13417
13447
13606
13452
13440
13554
13647
13505
13578
13458
13438
13449
13483
13489
13487
13592
13605
13537
13722
3983
12253
12631
12203
12326
13446
13715
13503
13712
13455
13516
13610
13583
13512
13492
13607
13939
13466
13537
13581
13932
13505
13551
13506
13928
13463
13522
13476
13478
13505
13506
13469
