5066
4899
530
476
1006
5454
11409
505
523
987
8900
445
4936
5035
517
532
402
479
502
443
482
486
505
500
5775
460
5043
473
608
433
503
4945
418
501
448
4815
466
458
862
542
16929
499
474
476
5202
465
507
4925
542
495
4975
514
432
430
559
495
476
509
4987
470
658
491
4996
482
504
419
5006
464
500
523
555
505
552
460
494
544
928
5340
576
5665
571
873
1038
456
499
15891
474
461
488
478
519
445
492
979
450
449
476
1562
4955
605
587
554
509
393
514
4987
4930
511
509
5522
481
543
540
525
578
514
482
486
471
523
520
521
524
452
571
515
5054
493
1045
493
526
480
8905
8981
515
516
5450
494
489
503
489
389
531
583
4879
5421
502
791
4858
1020
3407
536
12895
5139
8830
4839
5212
497
5029
546
412
512
533
4971
4970
454
5039
515
488
464
497
569
4961
531
461
12915
4962
466
574
453
480
5708
391
4636
486
463
483
4860
475
528
5040
469
4986
522
461
529
467
5244
475
828
5039
553
500
4909
544
4900
503
4992
509
1688
4959
4978
5682
452
1009
524
508
2553
566
461
4826
522
457
4979
5401
510
477
523
13174
473
499
595
469
13717
534
482
472
4983
5588
436
485
548
451
1564
5610
598
472
4879
468
591
436
5547
493
389
4856
528
501
4929
481
510
1108
444
435
504
5078
648
490
592
547
4918
473
568
535
566
549
576
974
462
443
13089
4975
386
507
443
503
537
403
465
471
476
8897
5722
646
455
479
513
483
5621
576
560
4840
5212
4568
529
5435
562
484
486
473
5345
460
415
483
5011
564
470
5469
4783
547
429
474
4939
491
4947
452
508
462
468
512
447
434
4941
398
4938
478
525
553
4912
487
520
391
1425
1088
13067
4935
8815
607
539
512
485
490
12306
606
490
498
4959
511
5031
9071
485
5231
515
476
4684
497
1243
473
13390
481
1138
448
440
403
504
4846
514
491
472
5280
478
479
500
516
4598
5001
4927
491
434
503
511
4873
519
894
550
468
557
577
521
4758
517
427
4824
13038
542
481
4320
969
482
439
630
5273
4998
502
543
459
465
511
515
565
13344
508
3817
473
4936
526
4997
5067
1017
494
4940
538
568
489
5509
596
628
4578
565
471
427
435
4856
461
1734
551
502
459
1053
5322
4866
4987
4946
4959
493
5392
616
5302
477
493
436
488
4944
538
448
4916
527
5567
5214
448
542
5301
4987
545
1044
504
4747
476
4907
4804
533
4786
468
4680
577
477
4843
524
458
478
573
441
469
4907
457
5020
547
501
860
4942
1052
460
519
1041
481
472
412
461
471
463
562
456
580
4904
464
440
508
450
498
566
1488
506
1046
4955
512
537
474
478
525
5015
5390
609
461
560
5309
509
511
4968
4939
526
437
566
467
453
568
540
435
478
4894
4961
2867
461
444
471
459
975
472
582
4922
589
416
422
493
4967
508
3457
473
414
534
532
566
467
4891
475
416
528
565
421
453
468
510
504
5307
471
484
528
530
523
477
12939
8736
474
4952
517
542
539
452
514
419
443
482
506
577
476
466
497
477
466
998
449
504
4968
497
470
503
4850
445
12760
9443
574
485
579
496
753
431
474
458
484
4941
16725
4906
5277
4927
1131
457
441
1046
4675
528
4882
388
1613
744
575
432
483
4987
533
449
473
5295
555
461
455
528
2804
490
3107
468
475
455
5370
987
495
467
5242
468
4935
492
458
557
443
556
5325
514
553
470
453
4901
470
454
4886
5675
470
589
4978
529
503
5052
4965
508
1015
598
469
4902
4843
3615
498
518
4987
455
481
4696
4990
515
547
4985
925
5041
3283
5024
492
4939
9523
484
4870
603
539
490
487
492
4820
4922
4967
1497
998
485
452
4959
452
538
488
514
1741
500
440
5073
567
4832
455
5341
502
425
1000
476
5015
1039
4934
507
8937
456
565
507
5341
5378
472
519
1099
512
507
4929
500
1058
456
460
500
1169
677
5339
571
546
526
425
1158
501
5710
490
4946
517
4963
431
479
4898
497
527
511
498
990
509
4878
586
529
488
459
573
551
4974
469
497
4997
584
505
453
4852
538
550
575
470
502
471
472
566
4960
515
445
498
4874
472
4926
494
5839
1039
571
5608
468
998
407
507
515
510
506
500
576
5328
943
5021
478
459
494
4957
469
495
3636
447
463
505
4967
559
501
5436
530
1239
4910
493
4953
4944
502
460
540
1067
471
5348
5047
513
485
568
5103
486
607
590
8807
12939
445
502
492
1070
466
1117
1081
551
514
4966
4926
4586
12995
4904
602
5017
5100
4972
5007
478
418
1467
536
494
4975
4900
531
492
408
494
4864
415
555
4997
482
553
562
582
481
4852
479
504
536
477
469
446
532
5274
4789
4922
5045
504
4700
12926
4957
509
475
459
450
513
4942
4896
535
4990
5235
5050
416
5266
493
511
493
4952
4931
4618
488
464
464
4971
5001
464
513
503
440
557
519
483
488
949
948
1176
5103
5473
542
551
5062
450
530
4957
543
536
5292
415
573
494
4990
475
5388
548
495
4717
5500
447
499
538
5031
527
630
499
477
5064
535
459
531
4960
544
4852
489
457
481
