12195
11815
2557
2097
12178
12075
1468
2669
12359
12521
12023
11398
12312
11464
12020
1591
12235
12067
1409
13122
12380
11728
1619
12681
12443
3184
12329
12080
12772
11701
12101
11833
11979
12866
12372
12010
12025
12167
12216
11760
12229
12152
12022
11963
11977
2205
12334
2490
12197
2792
12029
11790
12133
12426
12376
12104
12908
11959
1576
11840
12378
2623
2380
1835
11833
12167
11724
12757
12051
11208
11375
1616
12609
12136
12235
12785
11503
11872
11836
12626
12260
12194
13155
2483
2495
12301
12773
12049
12231
12078
12117
12092
12522
12302
12837
11884
12119
12704
11721
12411
12030
12016
12694
11997
1625
11934
12069
12963
2410
12181
12065
12177
12087
12112
12039
12025
2404
12070
1952
12215
12381
12000
12142
2833
2253
2256
11799
11901
1970
12113
2550
11959
2191
12228
1451
12146
11916
12091
12631
11667
2840
11828
2235
12302
11716
2756
12557
12045
12511
12630
12107
1563
12057
12056
11730
1993
12221
11884
12508
2632
12015
12186
12082
11415
12126
11809
12689
11778
11427
12138
12039
11696
11898
12185
2838
12450
11548
11824
12404
2232
12363
2605
2726
2683
12023
12244
11402
11919
2041
2768
1555
11761
12706
11409
12292
1863
12662
2634
2525
12671
2504
12208
12003
12038
12155
11837
12367
11946
12035
12838
11882
12453
12204
11994
1928
11585
11883
11855
11574
12444
12496
12141
11991
12222
12329
13092
12698
12539
2573
11752
12121
12657
13257
2855
12530
12634
12279
11988
12541
12224
11723
12079
12187
12069
11641
12146
12611
11459
11883
2160
11930
12012
12397
12837
1937
12383
11971
12183
11913
11657
11613
12670
12037
12014
12069
12381
13220
12001
12017
2698
11917
11674
12342
11456
12243
1882
12034
12016
12093
11905
11989
12053
12063
12107
11218
12176
2816
12244
12230
12290
11795
12099
12214
11426
13243
12369
12039
2178
12356
12147
11970
12310
12659
11951
11625
11845
11447
12184
12691
12135
12043
11916
11993
12397
12143
12143
12237
11447
11920
12345
1715
2471
2398
2136
11874
11526
11960
11644
2721
11845
1963
12239
12288
12047
12160
2770
12292
11927
11676
11281
11923
11958
12382
11885
11258
12564
12048
11891
12007
12702
11859
12837
1392
1611
12296
12309
2129
2636
11827
11982
12010
12078
12534
2582
11385
11960
11937
11389
2194
12556
12009
12028
12794
11952
12187
12266
12150
12380
11764
12106
12124
12216
12216
13328
12243
2070
12364
12520
12044
12183
12132
12166
11432
12054
2500
12617
3437
12196
12492
12144
2040
11958
2439
11922
12841
2003
2765
11518
12294
2370
12990
12211
2697
12093
1945
12992
12127
1753
11956
11811
2073
2645
2532
12517
11927
12764
11923
11604
1712
12093
2508
11884
11976
12294
1535
11363
12089
12269
11769
11944
2522
2343
2624
2596
12092
12381
12500
11843
13082
11878
13363
11805
11965
12170
12197
12888
12044
1734
12311
12492
12100
11992
11881
12509
2050
12579
1754
12778
12164
12486
2885
11846
11698
11971
12685
12133
12055
11841
11645
12034
11362
11898
12021
12848
12183
12830
12839
11944
11990
12017
2565
11989
11594
11498
13541
12914
12037
2401
2552
11968
12217
2174
11938
12015
12070
11518
12247
12008
11732
11850
1969
11930
12002
12329
2004
1995
12912
2353
12077
11957
1541
2604
12336
2680
12874
11829
12714
11396
12129
12210
12099
12184
12560
12222
12323
12035
1484
2694
12709
12170
1688
12100
12740
12715
12939
12032
11907
2639
11883
2751
2671
12359
12001
12217
12201
12231
12199
2033
2604
2270
11999
12940
11737
11436
12213
2026
11674
12207
2646
2872
11966
11467
11995
11746
12052
3260
11520
11328
12054
12169
2129
12312
2769
2017
12960
11891
2664
12031
12127
12114
12138
11424
2602
12534
12433
12528
12122
11769
12214
11944
1969
2666
12165
11968
12616
13143
13000
12100
12094
2712
11345
11864
11991
12081
11581
11530
12016
12076
12205
12426
2525
12224
2299
12370
11345
11862
12682
11891
2363
11836
2070
12168
12728
12192
12741
12083
2184
12612
11753
12196
12273
12239
12123
12085
1888
12600
11436
11902
1450
12505
11924
12306
2722
2500
12128
2670
12102
12334
12102
11935
11910
12138
11872
12055
12234
11902
1587
12533
12171
2168
12058
12587
11840
12644
12128
12342
11917
12033
2052
11915
12020
11946
11433
12308
12636
1936
12010
11551
11603
12617
12932
11790
3366
11636
12493
11773
12184
13078
11375
2072
2176
12979
12037
11923
1973
12117
2083
12102
11981
12490
1421
12586
2021
1932
12187
12348
12402
11651
12051
12183
12047
11920
2242
12258
2552
12116
11664
11447
2520
12022
12117
12073
2675
2607
11902
12696
12235
12078
11884
12903
2750
11794
12329
12138
12221
11964
12156
11559
12101
12196
12146
12095
12075
11944
12222
12191
12258
12326
12773
12249
11920
11155
11908
11593
12297
12407
12732
12056
12131
1905
12549
12824
12180
12333
12051
12228
12360
12105
12320
12282
2637
2101
12639
11592
1864
2698
12600
11988
12107
11795
12230
11555
12511
11320
2451
11941
11820
12895
2773
2373
12643
11924
12376
12015
12619
13157
11323
12168
11802
12640
11398
12289
12683
12607
2482
12058
12791
11998
12155
12079
12032
2029
11431
2505
12250
12149
11881
12685
12000
12386
12153
11987
11659
3026
12368
12008
2638
12592
11570
12377
1678
2665
11701
12769
2034
12237
12106
11620
12404
1472
12548
12179
11825
1996
12128
12108
12882
12143
11925
12132
11376
12153
12161
1520
12171
12043
12218
12100
11640
2601
11653
12204
12205
12109
12063
2352
11597
2005
12239
12233
12067
12156
12704
11408
11827
11833
2626
12586
12202
11655
12683
12068
12185
2933
2743
11971
12179
11992
12473
11845
2659
2348
11812
2221
12438
12056
13154
2152
12102
12418
11975
11996
11981
11946
13108
1582
12307
13457
2660
12034
12312
12891
12698
12087
12185
1942
11672
12027
11981
11896
1419
11776
12559
1909
12198
12193
11655
12624
1609
1932
1930
12697
12122
11207
2725
2605
11948
11379
1924
2098
11857
12186
12825
12042
11391
1805
11912
12545
12112
12054
1560
12280
12631
12028
11735
12159
11839
2528
12698
2072
11288
12652
3082
11954
11544
12546
11675
13216
12012
1983
12249
12056
12283
2561
12194
12003
12240
11549
12476
2054
12328
12918
12420
12190
12002
11925
12065
12933
12269
12746
