1179
2006
1023
888
848
895
1093
2035
920
810
1034
896
800
1013
813
767
1016
759
862
923
1014
818
783
867
779
857
1068
894
1130
877
856
785
825
935
750
2104
942
876
787
912
824
1052
1002
2069
933
1055
950
1049
1106
1209
751
1077
836
875
919
887
993
839
851
839
813
1065
751
1043
905
821
929
1015
733
752
930
768
951
914
1044
787
886
914
800
2025
824
834
492
452
446
562
612
578
529
596
475
426
530
617
461
634
523
522
584
452
481
568
533
487
1171
621
496
458
512
512
505
476
471
495
486
836
779
555
773
720
863
604
857
683
778
701
631
653
826
818
638
585
639
669
643
640
671
811
563
729
611
681
732
882
816
756
672
846
784
714
724
706
810
681
1781
1682
791
701
663
715
663
702
707
826
784
734
863
679
738
746
656
551
534
507
478
611
458
455
449
525
592
482
539
460
616
526
455
538
529
449
521
1164
549
528
442
506
494
454
514
452
569
1225
634
502
491
478
514
539
477
467
565
444
523
1066
523
501
1104
477
489
521
473
486
492
439
486
517
524
538
517
542
589
520
562
568
486
1080
645
493
565
560
499
608
540
538
571
491
527
1354
440
563
608
530
477
607
498
532
617
1233
526
517
644
578
453
506
483
519
450
483
460
492
450
561
445
571
446
502
487
1157
557
447
484
457
513
593
513
496
510
470
543
553
579
497
526
597
467
434
514
479
512
529
515
1403
488
609
618
1260
529
455
464
647
522
544
490
452
534
487
632
478
537
522
843
489
487
447
545
467
519
574
517
568
592
529
561
815
575
491
517
561
448
743
498
467
526
504
482
509
497
460
562
581
509
1225
501
590
501
570
487
567
541
498
489
442
493
559
476
486
443
1190
465
525
473
563
487
475
533
559
562
474
497
538
565
477
543
536
571
479
493
635
505
511
540
480
624
1090
503
537
493
479
525
567
469
541
492
500
484
531
536
578
546
538
566
521
484
447
498
433
463
661
597
560
553
456
577
465
494
558
500
452
533
540
1189
492
483
560
445
506
537
476
482
781
545
498
530
536
641
455
545
506
562
510
525
542
541
509
493
462
495
487
533
435
529
558
460
598
473
545
494
463
598
448
459
514
555
579
479
516
469
446
610
495
461
484
452
531
483
555
487
482
478
446
428
440
571
471
520
473
476
464
463
444
493
454
547
440
554
435
477
523
441
474
484
543
519
440
559
502
504
510
476
486
507
543
465
555
473
455
481
520
496
554
450
504
537
547
507
552
478
571
492
502
458
468
487
503
447
475
456
494
537
539
449
446
502
573
445
434
572
446
516
640
473
538
534
465
461
530
533
473
464
467
451
461
502
498
459
460
495
492
505
536
556
546
455
482
517
524
479
505
447
444
568
505
482
468
504
786
479
488
526
457
458
490
664
447
490
553
493
548
513
512
538
525
511
459
469
517
547
509
510
460
497
506
509
527
461
452
689
528
471
454
470
566
489
1321
853
568
486
601
1208
504
552
1186
445
547
496
519
540
472
467
547
432
568
456
519
517
483
488
505
493
1229
468
489
538
462
571
539
504
447
1285
482
457
595
477
493
563
487
524
516
564
493
544
501
544
459
572
562
558
478
539
529
503
472
468
568
1268
558
483
572
517
549
503
464
487
487
473
597
553
537
495
560
597
502
456
444
456
686
1307
598
458
530
575
552
544
488
459
662
570
499
449
455
503
487
536
485
567
492
460
536
485
507
452
561
474
494
508
595
530
547
602
523
550
545
488
499
491
668
506
495
1312
487
489
608
522
589
510
502
543
494
444
487
1178
522
449
473
497
518
568
560
547
491
489
1313
654
513
573
450
500
488
485
864
509
648
479
541
632
501
507
615
503
537
487
480
520
521
489
492
518
501
523
493
483
525
538
468
594
518
496
497
536
466
460
905
521
497
537
455
544
483
510
566
534
494
508
506
609
615
458
485
535
500
478
594
458
515
606
507
500
493
498
605
524
549
539
556
1293
495
530
524
534
483
450
495
551
515
525
505
648
554
542
483
570
455
553
515
551
489
467
460
463
519
530
545
490
513
543
672
552
1240
560
485
487
556
580
566
457
497
512
488
491
553
530
512
567
574
568
522
494
460
520
487
473
449
507
1031
469
518
636
1133
492
582
571
489
1862
482
483
520
632
510
568
474
628
521
519
481
596
531
573
604
577
474
583
457
577
506
612
604
505
444
530
537
479
456
591
501
513
516
559
598
532
554
458
473
524
489
605
660
505
568
465
450
438
483
486
499
532
484
503
473
506
459
668
478
514
1352
1228
580
551
621
517
657
596
497
655
478
515
458
504
511
464
494
