5530
11925
617
3827
3517
11033
3814
4860
13773
5791
953
5059
9316
5253
9227
9186
8037
13416
5334
8946
4918
9243
9355
8802
5337
9313
899
9195
5259
4924
5286
5253
11928
9125
7537
8281
5471
5309
12007
4234
9362
5127
13293
9213
8848
4480
5382
5450
3274
9234
942
13349
14035
4557
5258
13330
1198
903
13394
5003
13287
1068
13319
943
8861
6530
5259
9094
5209
9359
5075
4869
5677
1068
1080
13086
9285
13168
9204
5568
4136
13336
8900
975
5595
882
3913
7826
5290
5278
1025
9149
4956
9185
13294
928
9257
4980
5214
9296
836
13303
5294
4572
5374
953
5349
4803
5210
4587
2947
1051
4605
6504
9211
13304
8175
5340
13408
5163
5121
5256
860
5207
13023
8838
17291
13288
9149
1016
9257
1120
15379
5332
5285
5222
1039
4278
18004
975
1091
9259
10752
9152
13124
845
5132
5345
5230
5261
6703
866
5015
1721
9363
5268
947
13173
13445
4733
13251
882
889
7716
5312
5307
926
5268
923
912
5305
13404
8917
5236
13334
9311
911
9171
1015
9280
1047
9200
13083
6839
893
5227
3839
1047
9401
13297
9307
884
5482
13312
3910
4440
9211
13108
7503
9302
4897
9274
5193
864
865
9083
1054
9315
5172
1126
9257
9112
974
4935
5298
13350
9318
9342
8793
5415
9289
2159
9066
9328
9439
835
9013
7222
984
894
4874
9272
5221
13494
1313
1080
2159
5455
9166
3961
5171
5268
5273
13389
1007
5146
5548
5345
9297
6337
5679
996
5057
13265
5154
5438
904
9456
9815
16654
8290
8732
907
4950
8700
5154
5305
900
5385
11783
9755
11720
5301
5226
9340
6253
6434
9296
917
9231
12619
13310
863
4028
887
953
12056
7893
13383
976
13696
939
5565
8264
5096
9234
874
13345
5296
5167
4647
1175
9229
4517
1001
5149
5170
4595
9328
5840
5495
9186
4511
896
5384
1124
1073
9042
1013
6092
8824
9202
5520
5080
9181
5312
9305
9428
9182
1013
977
4848
5617
9586
1043
9351
9289
5019
9383
9469
955
9332
7060
12987
9309
5438
9753
1052
5356
5076
5191
5293
5228
9252
2993
9312
13481
14419
867
4620
9115
840
4847
16203
4657
5990
3357
9306
5149
13401
840
9180
8974
939
994
908
1076
5110
981
7780
861
5058
5152
13307
9149
3962
5303
5285
13216
5170
5205
9262
9243
931
4708
13306
5031
8970
9344
10007
5057
13339
9383
3957
8951
5016
3814
1924
911
9441
5155
9289
927
893
8018
9242
5571
4427
9064
3330
842
13240
852
5353
9351
5189
5346
9313
8924
958
9258
14163
4995
8886
5157
909
3548
6234
10451
939
17436
5227
9581
9872
5235
986
9909
5260
9181
5198
5162
928
4976
9197
10246
1296
985
5118
7047
1093
8242
9312
9201
885
984
16838
5130
13328
1062
2701
4082
8787
1067
1094
13426
4222
4232
8804
9046
8288
6182
4106
5476
13218
13087
5078
1011
857
12976
9255
1022
5147
5242
6212
5149
1046
5310
8954
2417
13316
1094
9443
9220
9348
9182
9351
984
8702
958
4979
12945
9148
9242
9300
4857
21461
1040
910
1794
5422
5462
5759
5085
10209
2822
9055
13437
7944
1139
9434
1153
5161
13223
5233
5167
3219
13523
9155
1145
9247
13231
5125
5324
5325
987
9148
867
9409
9158
5491
9046
971
9270
9098
9028
4779
13146
3347
7056
917
9141
5387
9073
13240
4991
8777
929
9325
13278
9243
9216
8418
9454
1045
11403
5543
9265
2696
17163
5203
5431
1040
970
5450
5328
13277
5149
937
17324
1123
5282
4417
980
4844
884
4939
4326
5243
4534
5269
9215
11810
5137
5129
13407
4640
13377
5278
13306
1000
13200
1119
5332
9347
961
5827
13302
1031
5381
9197
7446
3228
5479
1243
5306
6997
1015
4920
1054
904
9014
5380
9809
9382
5314
9294
7722
9329
8920
1015
17197
4375
1516
4678
13272
9091
5351
5309
5209
996
1034
5188
894
9302
5269
1036
6447
5048
1014
5847
5378
15012
1066
9100
13412
5060
9948
5545
8651
13406
18178
6759
908
5346
1678
1003
9034
882
9356
5258
1109
5214
5757
1161
5018
5234
913
5119
5284
5302
5366
5310
5265
9515
9686
9289
5152
952
5713
4074
9261
9204
17335
865
9255
9257
5174
5542
5217
5240
5470
958
9372
4943
987
5276
9166
1089
5522
9044
9115
1146
5346
5135
5654
7761
9180
5360
9196
13193
5310
915
987
9050
5241
5039
4274
5106
5154
7353
5210
13212
5171
988
5389
15543
5339
5262
5431
9200
13433
1078
5146
6214
4717
5478
8416
959
9058
7847
5365
5300
5581
9355
5160
869
940
1078
925
11739
5279
9275
995
1165
894
8351
5200
14094
869
5220
5220
4956
5308
9031
13254
13317
4749
5310
6388
904
5085
8498
5381
9261
9263
14536
5133
5205
12216
1095
13429
5307
9283
9624
9250
13412
17222
972
13374
5348
5237
3755
9307
6333
9286
2564
9391
4263
6793
9303
9089
5723
884
5334
5525
963
13621
5072
9101
1039
9813
5014
8652
4887
13324
6322
5229
5175
3757
8997
918
9294
5245
5260
8970
1123
4789
3749
9184
8999
4524
9326
5239
4938
8053
9313
5397
5341
13336
5214
4832
7914
3893
7260
5332
897
9300
5259
12263
9311
5146
5673
6508
2705
3960
3983
11898
7853
2589
3978
3748
3976
3252
8028
559
2654
826
6339
2396
10389
866
3900
9187
9716
5230
949
13210
5335
5062
8844
1091
9143
9189
9215
5432
5294
9288
5107
8045
9190
1103
5333
1063
9142
1091
9119
865
9094
9295
5032
13358
9467
4846
5136
9117
12012
4271
5018
9205
8099
9180
11402
3620
13079
9223
4209
8201
5018
8987
8899
5130
13275
9164
13295
5133
943
9120
9171
985
9375
5362
1075
9721
5053
995
7976
13370
13155
9202
7587
8868
1094
5031
5268
5636
4228
9054
9206
12889
5417
5387
4940
12970
5119
4943
860
4346
13473
5297
965
17258
1186
9292
1011
5376
1003
5183
4823
8996
13017
5005
977
5255
9536
11624
7835
6113
898
4816
13349
