11429
12230
12596
12776
11427
12155
11870
12191
12120
12152
12060
2488
12403
11555
11948
13256
12479
12698
11992
2146
11782
12167
11917
12841
12185
11317
12309
12075
12018
12150
2693
11823
12219
13000
3150
11837
11769
12029
12024
11841
11874
2199
12134
12791
2058
1396
12538
11278
11970
2424
12495
12067
11728
11786
11921
12038
12278
12042
1403
12527
12638
12129
2751
2564
11914
11987
12293
11772
12152
1785
11998
11943
12378
12568
2059
11700
11585
12365
12165
12812
11468
12212
12049
12184
11560
2291
11655
11659
12046
12355
12038
12732
11518
1836
12552
12010
12032
2606
11350
12398
12734
12139
12632
12229
12306
11889
11881
11967
12310
12739
12280
11781
12569
12012
1920
12399
1895
1380
2515
2479
12075
2558
11882
12531
11981
12732
12435
12307
1978
11157
12075
11897
11956
12241
11171
12029
12117
2058
11975
12201
1906
12586
11871
2583
2139
2505
17258
12765
12183
1782
11954
11726
11648
11644
12111
11225
11969
12024
11863
11824
12056
11851
12404
2440
1517
11625
12963
11911
11310
2383
11613
12669
12016
11868
12278
11751
11799
1842
12422
12249
1505
2041
12000
11915
12630
12020
12150
12369
12920
11400
11890
1476
12494
11239
12237
2522
11544
11645
1908
11082
11901
2296
12271
11883
11801
12254
11836
11223
12191
2675
12521
2325
11875
12168
11467
11994
11615
2597
12738
2438
2622
2577
3052
11912
11989
1674
11967
11710
2686
12198
11935
12743
11869
11899
2094
11307
11800
12155
12342
11734
11180
11450
12020
12006
3011
2549
11725
12141
11395
12299
11845
11808
11983
12326
11796
11725
11991
11438
11984
11353
11930
12056
11350
12018
11935
12098
1905
11329
3143
12211
11846
11512
11917
11574
12968
11622
11876
12058
12402
12347
2620
11952
11849
14866
11442
11913
11679
11650
12071
11602
11500
11827
12098
12368
12047
11423
12634
11954
11679
12047
2777
12260
12151
12451
12288
2218
11912
11772
12018
12298
11946
12411
12061
12079
12092
11314
1786
12581
12368
11916
11980
11741
11544
11932
11971
11433
12641
12025
2643
11616
12025
11907
11995
2565
11771
11262
12195
11804
12031
11927
12164
12045
2229
2708
12019
12106
11972
12088
2392
12729
12076
11462
2519
11965
12652
11645
12722
1966
11455
11699
12616
12253
1896
11274
12469
12688
11838
12083
11830
11861
12832
11258
12122
12272
12152
1972
11390
12861
11510
11812
12182
11970
12356
11586
11856
11734
11865
2118
12022
12141
11962
1533
11758
11493
12688
12726
1319
12151
11920
11950
12162
11890
12849
11811
2524
12669
12793
11207
12025
2385
11434
12070
11976
2484
12001
11764
11940
11157
12075
1820
11861
11991
11939
2515
12153
12206
12856
2613
12567
12285
12204
1621
12721
11784
11762
12002
11822
11935
12552
11844
12910
11902
11634
11959
11380
12020
11294
12038
11959
11683
12041
11627
11724
12912
12055
12595
11855
12273
11864
11402
11917
11856
11267
11940
12859
12295
12238
11833
13145
11958
12141
12855
11675
11216
12054
1546
2395
12544
11690
11868
12183
11948
11855
12924
13952
12061
1628
12022
12067
11387
3266
2639
1995
12132
12631
12192
3025
11725
11989
11992
11966
12419
11920
11528
12112
12256
12391
12231
2242
11915
12067
12141
12929
11922
1929
12191
1545
12758
12169
12234
12046
11843
12341
12747
12926
11693
12041
1975
12068
2666
11473
3014
11733
2366
12034
12036
12083
11707
12046
12113
12252
13265
12000
12227
12524
11939
3576
1992
11856
11721
12055
12227
11513
2139
1982
12819
12593
2424
11986
11414
12097
11689
11986
11548
12201
3552
1832
1634
2443
12630
12220
12150
1964
11907
2266
3724
12749
13444
11978
11672
11576
12689
11635
12210
11989
12148
1928
1961
11845
11782
12013
11990
11844
11415
12641
12129
11943
12256
13070
12976
2353
12161
11487
12419
12513
12298
11298
11760
11473
12953
12183
11982
11903
1931
12035
12180
11653
12055
12158
11781
12693
12040
11322
1964
11649
11750
12595
12833
12179
1539
11961
2778
12360
1429
12328
12187
12795
11990
2971
2557
12537
12377
12493
12114
12149
11981
11621
11494
13311
11849
12022
11452
12065
11776
12145
11842
11747
12228
12569
12031
11614
11271
1752
12160
12349
2486
12086
12179
11899
11782
11265
12094
12170
12640
11894
12185
2593
12390
12024
12867
12812
12164
12087
2109
12536
12258
11087
12697
12318
12242
11825
12129
11912
11639
11914
11280
11834
12448
12366
12194
12411
11961
11678
11914
11273
12273
1824
12064
11951
12064
12271
12089
12106
12274
12016
12256
1724
12014
12276
12651
12022
12054
3171
11467
12642
1964
12644
2471
12651
2551
12300
12366
12355
12091
12062
11070
12168
11842
12190
11459
1933
3151
2653
12130
1968
11866
2013
12129
11399
11550
2363
2436
11995
12790
11506
11530
12774
11777
11065
11380
11716
12108
11258
12145
12165
11438
12111
12003
12213
2181
2654
12051
1613
12022
12042
1711
11526
2010
12070
11962
11316
11914
11432
11416
12052
12969
2693
11846
11852
1978
1807
11294
11740
12097
2671
1769
11936
11518
12890
11706
11645
2655
12237
11824
12071
11667
1614
11732
11804
1700
12446
11183
11391
11934
2565
11933
12208
12029
2557
12071
12427
1902
11541
11907
12362
11451
12329
11107
11250
1794
11532
12947
2625
2327
12721
11987
2340
12057
1896
12114
1807
11613
11992
12231
11115
12796
12015
12612
12220
11983
11618
11924
1862
11775
11902
11833
11996
11992
2309
11743
11712
12319
11952
12038
11941
12198
12699
2360
12054
12278
11793
11895
11954
3205
12817
2202
11850
1686
12036
3019
12391
12179
11436
12072
11279
3325
11715
12203
11908
13000
11299
2397
12429
12009
11647
2628
12085
12024
12293
12428
13269
2634
12669
11874
11952
12738
12316
12150
11877
1525
11686
2215
2654
11935
12451
12169
2533
11966
12179
12323
11789
11989
11994
12144
11669
12676
12374
11613
11909
2665
2743
12080
12216
12285
12000
12084
11765
2589
11918
2451
11983
12517
11349
2084
12626
2307
12968
11652
11846
13029
2515
12082
12568
12559
12094
2817
12091
3366
11221
3666
12098
12144
12091
12396
11422
11665
11911
11918
11924
2274
2459
12197
12333
12653
12104
11728
12809
2079
2678
12169
11370
13017
12045
11988
11546
12446
12104
12044
12708
11992
12084
11957
11319
11489
12142
11939
11870
12754
12150
12763
