4667
674
561
490
13750
12842
557
582
5651
15300
500
626
596
673
531
715
498
11015
672
458
578
616
719
554
494
656
619
538
565
490
722
14129
639
585
610
8793
566
566
560
684
649
6197
577
578
667
503
6556
500
554
542
579
13045
13533
529
13415
581
673
652
536
554
623
487
638
2119
572
573
606
824
13613
747
14204
587
697
4054
589
481
503
496
658
470
658
552
578
589
552
524
713
674
575
1852
645
4399
718
8044
554
506
13569
547
561
532
638
724
13063
663
650
4960
667
3205
669
4700
629
573
15259
633
566
656
550
665
575
479
578
564
635
530
612
567
538
497
478
661
708
14912
526
745
460
601
12936
684
607
529
14403
555
506
622
552
494
632
464
523
662
3838
566
562
525
634
613
647
560
728
554
537
528
578
586
467
527
556
508
556
520
14510
678
14798
523
457
573
730
644
666
2352
562
514
13552
661
554
498
576
13288
528
557
1709
531
559
507
668
502
603
498
638
524
533
12694
503
658
515
730
633
557
3020
548
3295
7033
669
562
549
529
542
16383
14710
687
638
654
528
687
696
608
524
687
14043
546
14389
484
16388
641
560
561
459
574
610
689
14038
575
717
709
691
624
530
709
560
579
544
532
611
554
657
525
13845
569
530
568
606
563
657
524
15125
5157
471
708
494
680
554
682
601
465
463
13736
712
668
597
523
14717
525
12988
514
14307
651
6579
547
567
497
12704
572
531
458
556
574
719
673
577
545
705
16382
704
561
569
4763
544
16381
14895
629
544
647
12920
539
535
656
579
533
656
14247
683
12724
4361
13586
532
465
521
556
500
648
556
599
672
673
564
517
521
572
569
518
4073
505
3047
12921
672
14322
530
506
529
667
679
6406
544
672
566
564
668
681
14288
4712
535
13192
484
540
523
13087
536
11417
576
552
645
457
622
571
623
555
566
578
521
725
468
659
735
588
14970
556
13491
13630
567
12609
468
527
588
608
527
568
549
643
12580
546
546
494
473
654
663
467
494
662
660
491
709
5357
589
5304
551
14582
567
13590
12604
717
547
696
562
630
656
584
4455
637
556
5367
581
4763
523
512
609
15189
655
553
674
559
562
562
637
545
2804
578
662
591
468
562
713
582
605
643
581
572
545
12944
652
670
566
545
4989
528
12614
523
586
12526
553
539
693
636
675
1588
568
501
464
611
526
681
574
499
669
734
3790
12893
560
14367
634
675
557
669
12736
530
567
557
3115
670
650
14250
7950
544
632
650
471
762
542
564
654
509
3745
683
12770
676
534
623
495
645
490
595
13234
536
491
463
682
617
757
556
732
487
470
16485
6194
541
582
699
584
495
550
638
568
1339
1854
13481
14232
542
558
536
546
672
450
687
456
648
673
659
693
1207
653
547
572
496
556
559
574
453
4944
3662
615
15199
557
5753
514
484
594
617
454
554
1174
461
664
652
587
565
487
5762
13104
604
646
449
763
722
554
540
730
981
634
13003
670
589
692
558
525
602
553
578
615
579
731
519
649
584
618
712
539
12901
519
520
586
586
553
537
634
493
550
558
681
535
667
563
678
5688
849
575
601
560
17306
4320
656
547
685
574
673
475
488
501
683
552
516
549
4809
5801
528
547
586
1202
546
12967
557
558
480
542
640
745
577
764
692
558
574
569
668
643
686
487
14463
4630
591
698
672
707
494
719
584
5066
571
695
597
557
6156
628
12626
680
671
1881
608
645
749
554
537
708
534
729
2776
557
612
552
551
638
14673
1709
500
561
576
641
676
640
672
694
582
572
472
15177
562
13431
601
668
541
520
549
578
652
690
705
532
701
494
503
4665
556
680
727
601
522
469
575
3654
593
483
581
550
488
2122
563
578
685
544
568
12692
659
605
644
6295
530
2657
525
12798
552
721
665
650
4103
3183
642
560
8561
564
543
14465
539
450
3104
499
4926
5942
13024
647
509
498
12786
3381
507
530
581
475
548
500
646
604
618
581
5603
640
554
14180
492
522
561
507
12740
16396
643
15092
643
639
629
541
576
608
814
14735
539
12968
541
550
14523
491
720
2337
714
667
724
586
16411
563
713
474
551
532
668
14246
13442
549
517
15263
654
710
562
584
13889
7516
604
13093
568
579
482
673
743
14144
537
602
611
7574
13736
1761
490
528
571
12840
595
598
664
572
544
1110
13284
670
654
703
584
535
452
548
15679
551
582
669
535
709
707
517
533
667
549
694
687
510
547
532
777
669
558
561
614
708
563
489
547
721
580
695
15055
637
564
531
5922
467
685
518
15630
6075
16388
567
685
521
553
15345
519
575
13553
1883
2445
710
554
581
490
14835
520
594
1747
534
5272
688
723
4815
556
671
551
16564
696
602
524
3431
4854
651
545
527
628
585
527
658
3555
543
522
13267
641
454
548
679
628
675
708
582
640
571
16548
5110
763
685
464
2087
675
657
549
495
13697
656
452
2508
12915
641
666
630
531
15256
1723
500
584
3596
606
539
