1050
719
5140
678
583
601
1045
587
690
636
632
703
712
506
657
651
706
761
622
672
687
579
569
630
729
511
746
626
676
762
568
4245
3740
714
685
1769
660
812
673
656
717
2086
749
686
816
616
626
619
679
725
822
773
591
619
769
539
675
665
763
649
699
744
814
616
602
595
604
731
902
667
637
728
5219
751
697
517
668
682
698
574
773
632
801
659
694
1109
696
752
559
641
613
757
791
609
546
592
724
693
820
518
651
596
670
5745
674
697
694
671
662
6726
728
4136
592
647
740
717
708
556
3423
2437
570
578
783
657
619
607
677
8276
588
630
571
504
647
742
595
645
575
682
497
610
621
502
748
727
605
567
532
654
722
572
3867
783
748
2106
517
817
607
722
632
539
865
621
779
595
3396
602
774
646
1165
647
4112
602
656
678
606
595
617
506
602
3055
597
600
733
662
742
769
712
630
3238
590
680
702
692
589
557
569
691
563
669
585
675
535
748
611
849
617
746
567
616
762
664
645
643
649
499
645
848
1891
601
2939
538
611
678
2102
715
536
684
697
553
712
1474
621
637
609
749
8480
849
582
630
2697
639
627
608
5049
612
766
646
634
684
2167
716
575
3397
8214
1901
759
677
643
981
843
617
650
562
697
758
691
666
502
3971
693
653
576
565
509
772
672
642
610
501
564
742
1146
701
755
736
772
605
635
553
714
500
672
749
2187
534
579
621
517
738
546
597
681
748
490
599
599
754
747
677
542
3157
810
659
735
722
4199
555
529
616
742
648
4848
652
615
483
628
570
646
619
752
620
704
581
4464
572
6568
3286
625
7703
748
7914
749
611
627
605
595
835
546
703
608
698
735
5148
714
722
597
649
665
614
530
796
5196
570
691
679
564
710
673
1200
531
656
736
610
598
772
692
687
682
2224
515
1956
716
569
601
610
689
712
678
578
565
787
567
639
637
632
683
8180
1661
8308
672
1064
563
609
698
544
8479
549
745
579
761
725
675
550
590
623
760
527
534
702
599
634
696
614
545
583
771
6070
1717
645
651
576
484
520
723
707
569
1652
675
662
592
696
687
588
549
615
632
1292
731
556
564
666
740
3291
1398
578
1186
627
667
738
582
608
567
762
624
589
713
618
674
515
709
753
2436
547
681
465
540
657
610
853
557
6687
706
1877
627
594
640
604
700
528
597
636
682
2100
1317
817
603
691
609
733
783
735
727
518
685
672
597
2571
600
8252
576
704
546
687
603
758
7511
556
676
626
754
460
744
565
547
689
817
692
512
584
592
674
7618
503
700
724
754
4688
804
637
590
742
752
602
5488
497
747
811
756
615
820
629
612
685
765
753
629
666
721
676
616
692
2182
760
736
4685
531
574
874
736
750
606
549
740
635
550
841
720
636
562
4080
544
618
755
864
685
634
672
705
672
780
664
534
1137
646
3363
670
750
2278
618
576
571
619
601
685
683
596
647
615
621
758
3596
4060
589
539
542
503
647
661
607
672
1688
769
585
533
747
4777
3800
724
640
883
627
590
633
563
720
663
5165
664
595
642
719
775
549
591
7576
692
529
612
562
4097
7675
727
775
536
4183
5118
798
725
767
570
580
663
1881
607
667
806
600
578
563
758
728
724
747
535
730
719
598
684
667
3343
580
4143
1158
574
660
753
650
1044
660
619
696
709
937
546
554
699
2893
610
805
550
704
562
678
600
707
671
595
607
665
582
541
620
577
567
625
4515
612
586
682
582
597
761
660
532
653
3488
570
520
658
666
565
535
456
678
563
7864
807
621
536
777
637
531
580
648
657
614
4281
3722
2092
667
4818
646
628
607
595
592
681
785
669
760
569
595
551
771
672
671
658
597
599
578
712
555
671
789
1925
2121
1018
733
746
642
585
635
566
663
658
675
596
739
682
481
579
3566
548
667
739
7423
600
577
597
4844
695
582
774
2117
537
618
7604
641
670
623
580
555
660
6042
803
586
715
575
774
637
655
780
749
601
671
622
555
608
540
699
600
681
647
607
559
547
614
617
558
713
676
713
605
1534
598
540
594
671
691
633
558
683
623
4199
519
743
552
633
699
3304
740
527
570
2109
4225
726
619
3141
633
677
630
720
643
538
738
1131
703
3806
579
791
776
611
726
568
724
725
725
632
7660
554
537
664
561
681
550
588
586
560
5308
652
557
603
6635
865
717
669
770
667
787
604
703
674
533
619
587
781
595
736
1464
514
555
629
743
739
660
716
1012
696
762
662
785
689
712
626
622
797
4598
587
3309
1030
688
838
696
598
712
3390
4797
639
645
675
1016
610
688
571
582
1447
664
566
686
855
782
598
733
588
606
589
2560
741
1167
721
3236
549
737
648
569
664
637
746
3862
2614
641
1109
4333
625
743
1174
760
805
4988
604
7715
591
723
666
3351
607
668
724
5206
1778
