12883
9395
5370
5333
5387
9403
13207
13366
13446
10020
14333
5474
5430
5380
5441
5601
5396
9311
579
6009
9412
9352
9386
1413
5345
13201
5391
5464
5395
13290
5532
5294
13385
5504
5029
9466
5284
5209
502
5342
1502
5416
489
13217
9325
9334
13499
5312
549
5416
9344
17467
5192
13296
5460
1558
9353
5384
5392
5446
520
9109
5168
9404
9397
13442
1409
5437
9465
5474
5318
1261
5491
9473
2225
10651
9170
6008
492
5335
13334
5365
13449
5375
1318
1422
526
585
13418
13294
9290
9413
5317
1463
5470
471
1359
1580
9386
3046
13490
13264
13084
5364
5508
6128
2163
5393
1360
5305
5302
10324
5347
4596
1079
6251
9310
535
13289
1418
5432
516
5312
5226
5124
1377
13328
1385
1291
1364
1400
13401
13337
5460
17179
530
5341
1337
9395
1405
9418
13420
5410
8567
9378
5358
517
9153
1396
537
13412
5221
13393
607
9306
13287
13339
511
9448
14250
9461
1398
5335
13376
1415
7424
5154
8786
563
6243
13288
9403
13345
1345
5369
5433
5414
9308
9343
10563
13272
5434
610
13370
609
5295
5445
9416
1280
524
9049
1370
9908
5415
5275
5212
5192
3688
5350
5313
5405
5371
519
9868
467
5459
575
13363
5396
9341
5254
9309
7839
573
13317
9192
582
5261
13269
5212
13299
1298
5361
669
494
13442
545
5402
13843
1083
10132
5445
9416
5379
1406
13091
5248
13293
9415
5303
5380
5346
9367
1408
13373
5187
13061
13528
9490
5293
490
5324
5335
5352
623
5474
5392
5434
5427
13330
13252
5407
1393
5354
5326
504
17569
478
9391
9191
8982
562
5313
9355
1349
5468
9217
5461
558
1372
9392
10177
5393
1271
1424
1352
4968
5400
455
5299
5333
5384
1536
5324
5268
9555
5330
5402
9171
13178
5314
1235
9733
13361
603
5426
9259
529
9265
5420
5425
9312
13352
1416
1379
5355
1416
5503
5365
5372
13301
9384
9403
5506
5356
1426
5407
1409
5449
5362
520
13294
13366
5280
1361
5528
5472
9324
5429
5474
518
1256
9330
5465
5319
575
9451
9297
5329
5343
9388
13284
13200
4967
13319
570
9410
13966
1139
13265
5447
5367
1304
5192
8355
2215
9788
4265
5377
5381
9672
553
13227
4861
5398
5462
5432
5385
5211
527
9395
9376
13437
13285
5447
8877
13364
6223
5427
13386
4659
13327
9379
4795
5320
13316
9281
5293
5442
13354
762
13334
13232
5358
5174
1292
1151
9267
1242
13122
5383
5384
5319
1338
9430
9289
13331
534
906
5354
5216
5413
5387
9390
9343
5347
9391
9304
5478
9373
9199
5364
5307
1354
591
5319
5496
562
5384
13322
7890
13398
1249
9331
5310
5273
1154
5250
5385
512
5479
5294
13487
13396
4263
5275
1404
13401
5373
5347
5455
5342
13372
1760
2853
9299
5260
9207
5348
487
5364
10395
557
5353
9353
5327
5346
5363
9419
5394
494
13391
13379
9333
17347
5181
13086
9225
13168
15092
579
8552
5303
8361
5200
5382
10043
5186
507
13386
13373
5342
1293
5403
537
5327
9283
1124
5357
13281
5271
5358
5153
1404
9399
5407
13337
5399
9306
5448
13373
498
623
1289
1397
541
515
13357
4161
13504
5491
5374
9188
13356
5407
487
5365
9392
511
13388
497
9356
13381
5451
5270
505
5243
14076
9412
5320
13336
13332
13433
5517
5386
1035
13045
5358
1150
5357
5390
1510
1390
4078
763
562
13274
9435
9163
1153
5314
13434
550
9394
5540
5358
527
5421
13338
5403
514
550
13315
17386
1537
1392
5318
5322
5381
12559
562
5299
5365
9375
5358
5397
5228
5447
13420
546
1389
6205
9398
514
10453
603
10268
5365
5456
6126
6130
8865
9393
466
5441
13486
5396
577
9389
1351
9361
13523
489
5357
561
566
553
5512
13412
464
13355
507
5295
5400
13282
9386
13098
5106
5314
469
5442
13359
6169
11851
5332
520
5386
1482
13377
9461
2385
9345
5283
5372
5384
5169
5024
2071
13431
9230
13382
1363
631
17277
5495
467
1308
5308
5112
9334
12834
13369
5865
13352
517
5342
688
1357
5279
13516
9099
1375
13408
9320
5436
5293
1360
5402
9435
531
558
13514
9361
9357
13295
13482
1284
5431
551
5054
5383
1410
5464
1119
515
9428
13336
5384
5383
511
13339
13384
1217
5389
17059
9307
5345
515
5238
9303
13164
13434
1433
613
5433
5328
5374
13198
13220
5376
9355
13297
1110
1365
543
457
5468
5359
1304
5358
4429
470
5401
9272
9376
517
13319
13235
13423
5337
515
9379
2101
1349
5264
1342
5381
5458
13460
495
5383
5312
5341
5404
13375
1305
1036
9307
5386
13075
5283
9317
1426
491
13387
13386
5222
5360
5297
13239
13031
5266
8330
9329
9355
9376
5350
9348
2617
9221
494
1176
9364
10201
5281
9228
13403
13376
472
13224
13242
5237
526
9350
1355
9345
5321
5339
13329
519
492
13400
13393
522
13281
473
13004
1229
13433
5290
9436
9373
468
1311
5377
5452
5264
14234
1302
5222
9317
5371
13198
5640
5978
5339
9323
9417
5358
2109
12991
9331
14003
5354
13419
9186
13299
13304
5167
9271
9204
5020
9241
5319
9430
13437
5399
7666
13298
5320
9341
5370
1373
13449
5272
481
5458
2291
13340
5433
13405
5347
5377
13281
13302
13024
535
5368
1443
5323
5167
9281
13009
490
5290
453
1403
538
524
9300
5467
5440
13285
9400
9312
13389
9290
13457
17546
9400
13405
550
6206
13447
5356
5481
13363
13258
13396
2502
5371
13272
9855
13400
9371
13255
13374
9326
6004
5347
5380
6067
1344
1287
1337
13399
13345
10106
5324
5394
13357
5407
5406
5364
5324
13381
5356
5330
13281
516
5368
9316
13409
1311
13336
5360
9198
10937
5268
1649
5325
13375
13322
5404
13073
9350
5267
14446
8175
5304
5298
5420
1336
13311
9464
9334
13465
13409
10261
9401
13271
5350
13353
514
5407
13332
5344
5518
9307
532
4054
1536
510
5410
9260
5352
1403
5300
5306
5466
14448
13403
5543
13389
5391
1430
13437
13493
8859
1474
