1764
652
634
582
712
1884
663
556
544
567
639
757
579
701
627
627
2117
772
771
942
572
543
1162
638
509
1016
1052
545
516
1510
688
563
565
882
581
534
515
743
682
491
528
565
2035
565
553
549
521
538
637
612
652
585
571
582
626
612
1274
494
600
548
1437
507
534
574
1939
712
608
588
709
476
599
648
956
1673
619
555
496
675
563
532
633
604
830
627
612
1803
572
567
614
644
607
651
595
633
669
611
728
605
675
667
687
569
582
686
635
573
659
726
583
558
717
661
637
596
628
648
552
547
566
653
620
646
689
586
621
782
655
645
575
655
672
1842
747
592
567
556
582
990
586
550
582
629
607
622
594
612
628
1950
538
515
624
552
625
636
610
584
606
631
619
622
622
643
652
635
641
549
623
593
633
679
563
603
488
656
613
617
631
718
564
517
532
647
602
562
566
640
612
574
579
1771
657
690
632
712
725
666
642
588
624
610
718
549
510
490
582
580
782
575
618
572
592
546
599
657
662
644
678
563
499
495
511
651
630
569
770
697
582
614
696
638
566
556
1911
644
644
2050
619
627
637
804
665
637
511
535
713
580
555
658
1418
640
619
575
587
586
583
616
595
631
633
626
523
501
608
653
626
729
624
656
628
568
623
631
520
514
602
590
602
878
608
506
510
581
545
593
1834
609
586
528
493
525
562
622
600
622
642
577
618
624
629
711
561
616
638
640
575
1747
550
596
575
661
620
684
757
576
566
624
597
606
559
637
686
557
651
644
653
687
645
630
579
629
573
623
630
620
585
580
596
610
1882
636
631
623
559
498
558
546
539
521
657
542
572
587
627
625
572
635
580
588
648
640
696
626
565
558
589
623
649
610
513
575
582
582
634
574
616
641
650
657
584
582
577
633
571
559
651
597
606
606
579
571
616
635
649
2145
605
577
581
583
569
615
611
520
631
575
585
613
791
588
488
611
577
600
774
573
575
562
563
610
653
2844
600
558
542
1827
642
589
1226
580
593
600
603
724
615
590
619
521
587
562
604
647
664
628
639
631
765
706
2058
1857
619
606
635
629
580
555
580
603
641
838
673
526
553
603
598
585
480
527
587
588
583
649
650
589
575
585
609
579
639
631
559
543
577
733
641
600
595
577
690
762
570
561
630
615
524
656
665
678
735
643
703
1391
648
660
582
692
605
628
630
590
584
546
575
601
566
630
719
659
637
631
634
649
586
582
580
633
578
667
628
613
592
1389
472
541
583
676
581
628
648
526
587
528
582
563
613
586
608
590
557
570
646
584
563
520
610
597
676
581
641
631
658
1788
667
643
558
565
604
604
634
595
634
607
672
756
529
622
580
622
535
622
593
628
518
629
643
587
648
1852
618
495
544
618
627
589
589
563
634
604
625
654
599
609
582
605
647
682
650
641
521
533
561
584
545
601
570
633
623
531
566
589
1763
588
585
590
1219
531
621
611
566
634
587
577
623
591
589
575
613
600
639
619
653
677
555
566
1738
627
601
635
644
588
658
632
791
562
537
545
590
570
622
580
653
565
564
630
666
494
516
495
620
513
575
580
584
585
626
689
740
577
580
560
509
544
572
538
572
544
565
579
650
1192
670
571
578
605
552
623
706
557
561
541
529
610
629
1830
518
500
540
728
558
711
562
548
561
518
570
611
661
567
722
680
696
565
543
577
574
567
557
649
657
582
608
652
668
780
590
1226
632
634
573
510
2076
634
611
666
648
663
626
587
608
696
579
611
607
595
568
803
613
602
622
539
573
523
578
583
594
616
648
598
622
1046
594
503
600
2272
548
471
528
535
557
577
571
570
537
571
577
539
541
572
601
574
569
586
639
643
639
568
726
678
560
548
561
533
536
583
578
578
575
584
576
568
586
1238
558
577
580
1846
532
635
625
544
547
1830
607
621
580
690
667
661
622
599
1831
631
713
715
611
605
577
637
499
537
640
580
552
548
531
501
577
649
664
628
598
639
609
641
644
627
608
600
611
635
649
625
522
505
658
567
644
573
508
554
584
589
576
589
590
586
1842
593
547
584
562
578
581
614
663
606
720
626
647
753
699
554
574
530
554
566
561
629
647
629
566
556
504
488
576
598
663
568
582
576
685
641
618
642
614
598
652
590
693
584
538
562
592
561
570
548
602
559
592
532
544
591
623
627
590
709
703
760
651
709
717
576
1900
558
563
722
654
679
634
2170
590
565
589
602
650
663
2021
710
608
539
525
574
566
617
605
626
495
553
586
566
616
644
636
659
1932
560
569
575
556
573
646
642
592
2779
1989
574
577
648
635
675
612
646
636
559
573
540
571
570
553
569
636
574
