1147
1745
1600
1522
1571
1723
1021
1481
1426
1796
2234
1977
1507
1990
1966
1548
1739
1607
1376
1019
1493
1243
1517
11467
1438
1232
1173
1778
1452
1813
1377
1854
1428
1426
1519
1088
1675
1395
1044
1708
1334
2238
1809
1317
1273
1742
1742
1240
1506
1175
1107
1740
1655
1558
1243
1129
1835
1884
1912
1502
1221
1785
1715
1252
1425
1664
1722
1474
1564
1722
1455
1607
1642
1822
1061
1738
1290
1842
1863
1450
1808
1424
1514
1572
1360
1353
1101
1635
1616
1432
1321
1734
1460
1567
1572
1545
1315
1300
1725
1778
1674
1507
1611
1666
1660
1562
1662
1556
1662
1562
1683
1760
1834
1774
1392
1181
1597
1749
1656
1140
1254
1145
1230
1812
1294
1609
1663
1138
2526
1715
1453
1171
1494
1273
1422
1857
1588
1876
1564
1441
1192
1302
1621
1839
1968
2148
1736
11917
1409
1802
1773
1781
1739
1774
1662
1796
1838
1356
1431
1697
1823
1692
2075
1795
1437
1294
1182
1588
1987
1733
1663
1587
1601
1601
1220
1338
1424
1654
1335
1268
1710
1747
1330
1726
1213
1520
1166
1783
1694
1896
1315
1503
1097
2016
1908
1480
1816
1521
1697
1827
1401
1438
1575
1372
1865
1710
11503
1467
1473
1570
1710
1441
1147
1785
1836
1631
1929
1558
2731
1805
1265
1743
1739
1583
1861
1769
1777
1493
1628
1162
1583
1022
1599
1684
1775
1284
1728
1874
2036
1309
1832
1700
1387
1487
1521
1453
1738
1786
1535
1570
1711
1967
1709
1878
1809
1156
1423
1839
1552
1588
1520
1487
1408
1458
2011
1797
1735
1398
1670
1600
1407
1259
1290
1788
1537
1216
1227
1604
1627
1306
1338
1869
1600
1662
1611
1551
1606
1581
1710
1281
1765
1628
1426
1628
1710
1762
1422
1561
1676
1685
1317
1115
1291
1190
1260
1366
1756
1635
1708
1662
1909
1717
1769
1789
1340
1687
1572
1325
1705
1598
2004
1605
1237
1650
1820
1249
1591
1288
1465
1538
1794
1722
1629
1202
1263
1297
1444
2092
1585
1627
1544
1945
2031
1623
1724
1717
1529
1551
1266
1398
1784
1142
1377
1452
1798
1362
1497
1681
1976
1752
1495
1737
1196
1122
1157
1607
1627
1477
1856
1887
1881
1214
1808
1917
1622
1425
1844
1684
1719
1524
1318
1536
1238
1446
1560
1305
1518
1856
1705
1215
1634
1395
1564
1557
1748
2017
1619
2133
1284
1502
1189
1583
1147
1214
2033
1688
1144
1199
2231
1717
1736
1814
1506
1657
1328
1552
1513
1179
1758
1320
1188
1375
1748
1586
1416
1212
1167
1566
1349
1942
1348
1640
1126
1749
1465
1194
1613
1814
1501
1619
1230
1291
1858
11464
1344
1275
1273
1244
1806
1540
1649
2365
1322
1896
1055
1731
1492
1256
1565
1449
2122
1607
1578
1684
2285
1797
1475
1430
1144
1975
1525
1580
1605
1585
1325
1619
1625
1650
1092
1220
1335
1693
1695
1512
1161
1260
1550
1522
1429
1351
1598
1950
1779
1969
1902
1933
1981
1593
1528
2076
1706
11321
1453
1718
2066
1545
1862
1690
1227
1542
1186
1517
1777
1425
1356
1680
1981
1677
1675
1263
1661
1424
11738
1623
1684
11590
1504
1464
1567
1549
1498
1264
1940
1326
1416
1289
1666
1319
1599
1757
1430
1795
1679
1365
1701
1986
1515
1609
1117
1410
1746
1519
1744
1461
1628
1130
1570
1163
1419
1682
1622
2082
11503
1401
1277
1368
1989
1435
11653
1126
957
1235
1172
1716
1263
1232
1843
1220
1619
1209
1574
1463
1405
1316
1710
1661
1414
1854
1859
1656
1725
1628
1170
1366
1401
2325
1812
1659
11655
1505
1574
1994
2172
1413
1665
11537
1587
1838
1504
1269
1502
1922
1576
1702
1630
1674
1854
1469
1731
1361
1728
4345
1535
1614
1606
1188
1519
1545
1873
1723
1261
1432
1674
1739
1341
1638
1479
1760
1338
1433
1289
1480
1153
1394
1285
1821
1876
1258
1829
1288
1391
1989
1899
1576
1445
1611
1884
1566
1705
1712
1144
1374
1683
1343
11438
1354
1332
1391
1775
1409
1574
1640
1009
1288
1918
1738
1186
1656
1200
1366
1431
1630
1814
1984
1920
1572
1870
12093
1773
1799
1943
1508
1867
1379
1504
1678
1795
4129
1575
1523
1958
1490
1551
1085
1401
1559
1254
1490
1556
1603
1451
1969
1440
1458
1450
1933
1761
1937
1275
1309
1906
1269
1897
1842
1290
1512
1532
1601
882
1612
1736
1354
1728
1942
1273
1200
1788
1878
1644
1226
1438
1701
1311
1590
1528
1505
1359
1147
1308
1429
1419
1425
1608
1233
1365
1819
1413
1907
11874
1612
1595
1829
1668
11854
1839
1529
1667
1293
12075
1238
1955
1656
1392
11227
1862
1397
1629
1390
1488
1550
12220
1306
1371
1403
1799
1662
1887
1774
1666
1820
1727
1810
2848
1326
1408
1944
1720
1805
1716
1443
1599
1507
1358
1573
1397
1829
11542
1561
1629
1839
1611
1856
1723
1385
1504
1443
1098
1594
1615
1759
1581
1957
1614
1159
1225
1621
1325
1629
1477
1385
1712
1720
1511
1603
1517
1689
1792
1294
1835
1559
1526
1860
1561
1506
1775
1411
1678
1608
1271
1632
1901
1436
1524
1237
1441
1656
1859
1637
2098
1696
1631
1372
1154
1392
1968
1698
1375
12062
1369
1669
1155
1913
1532
1109
1229
1518
1488
1594
2325
1163
1347
1331
1511
1554
1416
1133
1530
1598
1266
1658
1413
1621
1830
1343
1375
1732
1221
1445
1760
1641
1552
1472
1536
1446
1210
1635
1309
1525
1600
1737
1859
1579
1138
1147
11704
1521
1647
1607
1154
1721
1563
1215
1196
1456
1809
1147
1413
1547
11798
1535
1315
1245
1707
2040
1537
1406
1654
1372
1871
1689
1765
1670
11413
1599
1594
1471
1689
1899
1529
1278
2043
1049
1660
1823
1371
1448
1964
1158
1288
1756
1449
1575
1863
1492
1516
1289
1673
1583
1664
1545
1873
1509
1375
1117
1563
1621
1672
1803
1323
1352
1414
1829
1687
1245
1765
1723
1905
11758
1849
1626
1416
1872
1546
1682
1467
1648
1484
1418
1466
1430
