944
804
740
798
713
888
1017
774
1079
991
895
1008
749
598
887
815
828
677
797
727
737
665
1619
774
574
744
898
580
793
753
1014
772
724
743
866
749
696
685
769
662
885
575
739
680
820
857
789
971
847
817
601
785
731
768
798
866
905
775
606
656
753
1349
773
808
868
863
610
855
881
821
680
925
719
837
956
780
977
814
839
521
678
881
747
750
617
714
783
799
884
764
911
847
700
837
639
798
724
797
702
965
852
689
729
745
694
680
773
768
694
646
742
817
710
802
584
756
759
753
627
1093
1450
931
1613
667
558
854
590
760
726
921
903
795
884
791
866
745
880
1009
752
795
877
1049
866
767
1012
794
904
649
787
897
918
754
962
715
759
688
770
714
825
768
715
942
785
670
757
714
780
780
705
864
810
749
722
740
623
918
889
909
621
745
614
665
663
803
901
752
690
814
790
730
706
773
754
661
818
791
725
756
554
758
640
687
1083
863
797
764
1170
735
799
807
682
881
978
973
682
690
876
936
867
621
895
744
670
793
862
931
832
805
800
958
1324
871
958
832
749
876
969
875
751
737
742
716
715
689
915
706
768
959
759
777
779
945
707
829
809
2037
911
873
958
912
888
1030
686
985
870
966
771
1030
832
704
657
779
810
812
756
721
877
876
673
751
877
902
589
771
834
778
921
698
719
714
816
767
884
868
680
694
767
828
732
796
657
627
846
549
635
857
783
849
801
724
752
812
731
809
607
906
813
885
721
888
945
943
1627
826
839
811
626
786
726
746
790
808
818
813
771
892
934
764
654
968
933
990
726
834
859
915
910
848
934
760
830
764
1409
853
748
857
555
729
668
885
697
872
755
1056
703
848
613
689
652
870
919
944
751
624
828
571
750
680
783
781
699
616
746
942
750
851
894
981
745
824
849
899
737
649
622
1505
832
841
859
644
870
797
738
709
736
885
869
787
949
1808
723
771
737
922
700
797
731
806
796
892
933
831
1420
816
565
618
984
655
636
871
1101
845
694
1019
694
1263
986
702
873
785
636
661
896
639
723
644
694
827
924
672
754
956
964
727
869
710
837
917
664
930
714
771
617
664
682
847
720
796
853
823
831
634
823
683
565
771
1167
699
676
821
699
625
1583
781
627
753
816
991
710
638
1080
766
674
616
890
720
748
720
792
677
853
740
944
907
755
841
846
690
757
840
967
827
511
887
577
788
984
727
879
741
874
788
770
734
850
661
969
1041
720
749
602
866
742
925
768
810
744
762
683
764
764
888
659
919
741
1652
731
604
888
917
819
819
753
688
729
1259
844
694
747
687
650
699
734
713
735
795
783
992
714
802
857
756
712
772
746
847
686
939
798
770
1635
921
718
841
828
822
844
703
655
666
844
781
842
765
858
707
638
737
767
797
897
644
729
934
892
657
917
726
698
1086
622
825
590
813
783
969
693
779
767
876
860
858
745
1417
670
865
785
638
688
612
841
915
874
722
977
1178
732
915
1171
814
657
775
735
626
725
770
869
801
765
894
734
728
748
639
772
795
727
841
802
963
684
578
882
724
804
1631
798
889
768
814
798
896
1063
955
637
870
821
704
851
742
713
1121
2607
1825
726
498
700
883
689
938
684
1058
885
768
663
670
602
663
778
747
676
818
766
983
786
741
1122
863
1135
738
897
781
872
914
941
752
738
699
683
904
713
913
907
731
889
770
785
717
1077
943
713
774
750
736
764
716
1031
801
909
736
999
763
907
666
745
565
649
700
684
699
904
807
860
752
955
1042
657
812
638
888
770
1555
746
853
837
581
724
948
752
566
891
653
703
789
817
762
733
796
739
776
663
727
686
945
980
870
1539
848
654
720
902
766
991
772
731
809
807
539
517
767
774
781
829
609
783
538
980
745
742
837
763
872
943
805
942
596
772
709
915
737
792
706
768
880
723
798
788
700
727
850
713
881
798
766
706
870
749
869
832
1003
853
870
929
716
745
860
1004
960
691
852
898
626
720
752
677
840
988
1036
764
926
717
861
967
635
930
912
1011
835
786
648
892
663
836
775
735
909
642
766
720
816
778
866
1095
806
772
785
738
1463
883
580
757
831
825
904
786
717
663
645
600
870
977
763
822
827
799
907
853
688
852
1028
819
629
864
749
778
698
922
791
797
990
757
873
877
878
817
785
1051
873
571
803
735
767
687
704
892
728
626
755
895
673
739
717
740
859
759
773
627
685
642
724
809
870
1080
861
599
1014
874
848
899
908
828
887
858
831
707
682
749
958
822
765
631
912
679
776
804
842
779
811
593
688
1585
701
919
828
718
786
1001
663
808
975
825
589
737
867
966
744
579
761
787
769
