982
1593
789
4506
12562
8343
774
883
811
951
982
15114
6822
16410
7535
12200
877
4572
1099
16410
730
952
941
6549
7048
1044
18922
1036
1037
1273
4380
822
815
9183
705
934
848
15327
800
15245
873
20090
796
7653
3165
13701
966
795
2833
3524
883
2887
919
5301
802
903
1011
987
5625
4755
4439
3663
15702
4524
915
873
853
861
861
2729
875
857
779
902
812
783
7146
3210
825
830
3545
4197
4434
14579
846
883
6721
808
843
989
4553
8502
833
12413
4401
1740
1234
784
892
10027
3261
885
959
910
727
851
842
12524
808
4289
1016
833
952
6941
936
721
1070
888
4349
735
6764
2353
889
10385
852
7992
852
963
907
1106
15742
13060
4438
11300
3292
887
958
846
774
4477
960
783
4403
869
3154
992
810
1056
16455
877
996
3039
696
872
779
3219
1584
929
880
1192
6875
6919
15124
962
795
895
7394
3458
2074
940
15108
940
899
746
682
1702
942
804
4205
1159
2973
6858
910
1018
1091
967
740
6939
667
1191
1113
745
843
2774
1194
953
3203
836
848
857
733
3064
3062
872
793
3141
4272
858
929
6986
765
928
837
891
830
785
4461
711
837
794
8504
896
16298
775
858
804
927
911
3575
8433
858
1025
841
780
3380
2106
862
13804
15081
3095
11258
2581
774
1013
909
1035
1079
3592
16347
906
867
759
13509
851
10727
840
5749
4148
896
1091
888
13350
845
812
843
709
835
726
882
768
844
7051
5491
11241
7147
997
833
12901
15052
796
10340
1035
912
4335
782
838
750
892
8510
1074
859
7415
869
895
868
3140
938
2958
11401
1446
882
917
754
901
745
15589
927
7321
741
8652
7273
834
881
12563
1004
857
3132
8414
859
7681
855
7120
7407
12402
785
801
1385
4891
11470
776
4366
6378
3239
3316
1120
2984
817
1051
4299
11056
988
795
10646
896
1132
7024
794
6953
10714
839
964
723
870
732
890
10688
729
15060
4605
839
1016
3883
3288
6620
905
15152
829
946
4545
9218
848
699
3196
3326
857
3474
11589
9365
8368
864
4589
865
3862
722
949
958
4808
3089
4260
802
942
1540
779
9314
819
894
825
810
867
2100
798
843
6059
659
12667
709
752
8994
5615
10522
981
744
751
1358
7020
789
4391
770
16485
904
883
809
8375
718
1118
8556
787
752
3706
942
8287
1075
3270
2769
13514
821
1023
12192
990
9257
1107
803
2817
1121
887
852
14915
15311
796
2979
809
883
7279
1955
4632
739
807
809
4703
4260
973
1047
839
783
1562
3420
864
689
1073
876
8299
916
9216
716
823
4577
791
833
993
751
4318
874
1019
864
4903
1027
982
862
8508
634
5919
1118
716
842
806
10824
4490
950
821
901
855
12719
3590
11072
4281
833
12474
992
918
925
960
1001
834
7055
818
730
849
11273
915
824
4617
6071
759
833
1082
4724
861
867
797
785
751
1156
1778
895
840
10470
14816
13117
813
963
1649
3285
11803
788
753
1654
3053
2539
832
3265
741
857
808
4529
8596
764
695
13832
12490
7410
3318
4524
11286
800
953
981
11070
4502
847
908
960
782
948
1003
11506
778
11165
746
1437
4333
1089
2478
837
727
943
10987
902
2867
768
1257
11399
793
3070
803
868
1013
15988
3098
7480
821
837
818
957
953
795
783
851
920
988
847
1062
1011
11138
941
709
2819
3658
858
840
838
789
4135
4518
3126
876
16356
7186
16043
10511
901
4588
3354
2603
764
813
774
886
4562
16553
898
920
7669
15415
6373
907
13997
3610
12208
11524
4483
3605
12893
722
815
932
1848
1928
801
815
2852
4532
16275
3313
814
884
823
718
910
3375
11162
10736
874
3871
814
3302
2135
821
4632
7320
14696
918
810
820
7178
12427
901
4775
748
3029
800
906
857
4103
860
819
753
7781
7353
8512
758
2475
16269
8699
753
4342
898
1302
907
8641
801
1123
7166
756
881
3144
805
3413
788
855
763
800
682
8488
5861
4506
4397
8365
706
972
838
2592
8526
10929
819
811
871
740
860
8544
842
954
893
12114
3271
4792
723
963
859
841
3419
809
4539
733
777
857
4499
9987
957
1010
15429
868
804
2815
933
834
843
15572
791
8375
13171
903
846
799
798
723
869
868
845
4382
4474
866
7142
13555
719
827
4063
969
775
15296
740
7250
711
1260
7173
1038
6951
841
1760
2429
7264
837
3922
8473
970
1271
3976
860
844
809
909
713
4380
791
902
12568
9781
908
912
813
763
4649
1198
7565
804
10534
846
924
4081
851
825
8903
8264
794
3188
975
791
8140
1202
10069
1542
922
797
16313
785
917
829
10994
4249
937
850
808
15334
827
919
2040
4436
922
725
8271
7941
3356
3872
805
777
1102
820
733
910
836
3272
772
17789
789
741
10086
931
670
2228
3429
950
891
858
926
8489
1180
14166
883
846
10420
16298
822
952
870
10989
8909
804
939
789
867
753
910
905
3864
12684
1955
853
10463
844
789
963
729
863
4812
987
8457
746
926
16361
1183
3440
924
1102
1056
673
7015
4447
8300
846
728
736
7103
817
8687
7457
8548
1154
825
814
806
838
833
885
913
784
4777
3284
829
3541
783
1008
14454
8478
10042
692
793
5218
896
874
863
816
4477
713
1086
3336
824
947
849
948
816
2821
4394
862
901
756
863
768
896
809
4592
11332
795
607
949
1201
893
1023
842
866
982
11442
2260
883
993
912
759
3170
6698
880
880
915
