0.005025
0.006227
0.005685
0.006369
0.005594
0.007251
0.006447
0.006837
0.005673
0.010520
0.006633
0.007590
0.006103
0.005826
0.005965
0.005883
0.006156
0.005924
0.007663
0.006763
0.005318
0.007146
0.006332
0.006401
0.006404
0.005818
0.006001
0.006035
0.006779
0.005834
0.007413
0.006746
0.006263
0.006842
0.006975
0.006579
0.006533
0.005994
0.005929
0.005939
0.005973
0.006992
0.005939
0.007093
0.007014
0.005777
0.005824
0.005838
0.005542
0.007223
0.005854
0.005784
0.007616
0.006870
0.005740
0.006880
0.006250
0.006212
0.006946
0.006864
0.005892
0.005903
0.006468
0.005792
0.006011
0.006645
0.005970
0.006152
0.020427
0.007819
0.007646
0.009586
0.005886
0.006724
0.006332
0.006564
0.006275
0.007209
0.005804
0.005867
0.006130
0.006278
0.006531
0.006303
0.005712
0.005827
0.007225
0.006398
0.006179
0.007473
0.007033
0.005721
0.005880
0.013629
0.006717
0.005757
0.007328
0.006433
0.006357
0.006003
0.006050
0.016882
0.006407
0.008501
0.006071
0.006144
0.006819
0.006615
0.006836
0.006664
0.008293
0.006489
0.008667
0.008605
0.006413
0.006616
0.006973
0.006256
0.005796
0.005926
0.005837
0.005993
0.008542
0.005800
0.006382
0.006112
0.005853
0.005828
0.006565
0.006375
0.006808
0.006187
0.006973
0.006197
0.005757
0.006412
0.005763
0.009805
0.005751
0.013375
0.006107
0.005767
0.006129
0.005751
0.005941
0.008176
0.005769
0.005780
0.006027
0.006076
0.006534
0.007714
0.006273
0.006368
0.005768
0.006677
0.005874
0.006358
0.006288
0.009162
0.005797
0.006037
0.006606
0.006136
0.006775
0.006103
0.006361
0.005876
0.006082
0.006482
0.005612
0.006742
0.007116
0.007189
0.005941
0.005860
0.007200
0.005978
0.006043
0.007267
0.006096
0.007948
0.006512
0.005733
0.006663
0.005379
0.005811
0.005987
0.006293
0.006161
0.005939
0.005985
0.006712
0.005757
0.005576
0.005724
0.006349
0.006561
0.006254
0.007027
0.005930
0.005981
0.006786
0.005879
0.005979
0.014044
0.005737
0.006562
0.008391
0.006595
0.006238
0.005857
0.006908
0.005957
0.006821
0.008446
0.006162
0.005982
0.005892
0.005830
0.007108
0.005924
0.006059
0.006522
0.006388
0.006204
0.007197
0.006226
0.012663
0.005888
0.006996
0.005821
0.005800
0.005869
0.005436
0.010239
0.008051
0.006065
0.005835
0.007016
0.005867
0.007081
0.006556
0.005981
0.008135
0.006960
0.006021
0.006840
0.005720
0.006966
0.006182
0.005874
0.006516
0.006074
0.005862
0.007803
0.007037
0.005842
0.005612
0.006108
0.006019
0.005830
0.006502
0.006480
0.006992
0.006715
0.006452
0.005536
0.006677
0.006388
0.005801
0.005744
0.005994
0.006130
0.005903
0.005908
0.006288
0.007104
0.006048
0.006450
0.006286
0.006106
0.007073
0.008405
0.006548
0.009800
0.006938
0.006143
0.006784
0.006791
0.007498
0.006643
0.006813
0.006910
0.005802
0.006099
0.007823
0.006310
0.005946
0.006241
0.005894
0.010258
0.006888
0.006237
0.005917
0.006612
0.005942
0.006983
0.006590
0.005850
0.006481
0.007194
0.007807
0.006038
0.005952
0.005947
0.005895
0.007249
0.005842
0.006007
0.005639
0.005668
0.006462
0.005845
0.005803
0.006500
0.005976
0.005856
0.017343
0.005964
0.007046
0.006177
0.005777
0.007032
0.006773
0.005920
0.007401
0.006214
0.006420
0.008183
0.005908
0.014066
0.006430
0.005852
0.006099
0.006492
0.005875
0.006467
0.006186
0.005913
0.007122
0.006813
0.006988
0.006558
0.005793
0.005852
0.006793
0.006068
0.006037
0.008125
0.006622
0.005603
0.006313
0.008039
0.006608
0.005390
0.006522
0.007243
0.008609
0.006251
0.005821
0.006765
0.006229
0.006099
0.008343
0.007058
0.006202
0.005925
0.006846
0.006305
0.006075
0.006259
0.006338
0.005785
0.006329
0.006009
0.005839
0.005873
0.007168
0.005481
0.006608
0.006006
0.006489
0.005869
0.006244
0.006040
0.006218
0.005790
0.005912
0.007775
0.006355
0.006883
0.006341
0.009750
0.007735
0.006059
0.005790
0.005907
0.006511
0.005998
0.006358
0.005847
0.005968
0.006846
0.006695
0.005744
0.006521
0.005956
0.006336
0.006119
0.006128
0.006316
0.005863
0.005949
0.005982
0.006551
0.008800
0.006389
0.006715
0.006181
0.005949
0.006223
0.006961
0.006635
0.006360
0.006373
0.005975
0.005733
0.006060
0.006471
0.006145
0.006905
0.005986
0.007185
0.006356
0.006709
0.006129
0.005896
0.007878
0.014679
0.006950
0.005930
0.006759
0.006636
0.005682
0.005770
0.006832
0.006216
0.006077
0.005731
0.006130
0.006347
0.005746
0.006473
0.006186
0.005873
0.005994
0.007864
0.006616
0.007608
0.005730
0.005837
0.006110
0.006051
0.006720
0.006321
0.007421
0.005761
0.007103
0.005873
0.006836
0.006222
0.005925
0.005838
0.005824
0.005829
0.006051
0.010095
0.006311
0.006808
0.008120
0.006304
0.007267
0.007128
0.006075
0.006187
0.006491
0.005915
0.006749
0.006410
0.006232
0.006518
0.006998
0.006714
0.005771
0.009210
0.006872
0.005623
0.006110
0.013871
0.008994
0.005899
0.005877
0.006999
0.006817
0.006193
0.006048
0.006887
0.007137
0.006267
0.005859
0.005820
0.006911
0.007165
0.006443
0.006635
0.005984
0.008672
0.006800
0.006716
0.006767
0.006421
0.006613
0.020623
0.013924
0.006277
0.005799
0.006293
0.006973
0.006271
0.005913
0.005882
0.005761
0.008123
0.005782
0.012592
0.005863
0.006238
0.007094
0.006509
0.006214
0.005883
0.005852
0.006204
0.005989
0.007095
0.008067
0.007149
0.006155
0.005848
0.006768
0.006550
0.006666
0.006044
0.007223
0.005887
0.006560
0.007452
0.005802
0.006895
0.005495
0.006341
0.005907
0.005984
0.006533
0.006640
0.006852
0.006806
0.005815
0.006826
0.006052
0.006949
0.005967
0.006520
0.006564
0.005995
0.006008
0.006455
0.006262
0.005820
0.006880
0.006008
0.005868
0.006094
0.006234
0.005905
0.005720
0.006348
0.006502
0.006805
0.006061
0.005936
0.006227
0.006279
0.005662
0.005934
0.007146
0.006317
0.006282
0.006065
0.006755
0.007274
0.006254
0.007020
0.006048
0.007307
0.008116
0.005856
0.007465
0.005834
0.005913
0.006146
0.005809
0.005818
0.005846
0.006510
0.005656
0.005912
0.005679
0.005193
0.006050
0.006890
0.005961
0.005800
0.007611
0.006310
0.006465
0.007202
0.006199
0.005950
0.005898
0.006092
0.006130
0.006117
0.005924
0.006485
0.008090
0.005758
0.007177
0.006035
0.006204
0.005954
0.006188
0.006678
0.005950
0.005950
0.006591
0.006880
0.006468
0.008058
0.006380
0.006213
0.006758
0.006161
0.006810
0.005817
0.006097
0.006579
0.006813
0.008017
0.005725
0.007427
0.006813
0.008695
0.005847
0.006819
0.006344
0.009894
0.007328
0.005728
0.006721
0.007651
0.006240
0.006931
0.006197
0.006273
0.006640
0.005902
0.006455
0.005917
0.006366
0.005920
0.006448
0.006943
0.006909
0.006195
0.005907
0.005863
0.007016
0.005917
0.006249
0.009312
0.006155
0.006532
0.006888
0.010165
0.006507
0.005764
0.005945
0.006784
0.005802
0.005674
0.006558
0.006121
0.006829
0.008154
0.005916
0.006094
0.006463
0.005990
0.006407
0.006228
0.014033
0.005836
0.005836
0.006225
0.005703
0.008502
0.006763
0.006850
0.006740
0.006665
0.006511
0.006843
0.006496
0.005624
0.006664
0.005963
0.007301
0.005799
0.007622
0.007729
0.005813
0.005885
0.006444
0.006215
0.006086
0.006183
0.006698
0.006200
0.007299
0.006038
0.005840
0.006143
0.005720
0.006904
0.005790
0.009261
0.013808
0.005799
0.006463
0.006479
0.007343
0.007414
0.007065
0.005709
0.006524
0.006369
0.006026
0.005806
0.006235
0.007142
0.006049
0.005820
0.006293
0.005944
0.005732
0.005758
0.007144
0.006668
0.007016
0.006031
0.005774
0.005940
0.006335
0.005702
0.005938
0.005914
0.006023
0.006698
0.006293
0.020333
0.005809
0.006518
0.010543
0.006242
0.005708
0.005813
0.006917
0.005725
0.006492
0.007079
0.005772
0.007215
0.006837
0.005722
0.006676
0.005884
0.006454
0.006700
0.006918
0.005537
0.006164
0.006007
0.005945
0.006146
0.006756
0.006696
0.006485
0.005771
0.006654
0.006715
0.006363
0.006574
0.012988
0.005729
0.007434
0.006030
0.005884
0.005861
0.006473
0.006368
0.006272
0.007226
0.005814
0.005886
0.005917
0.005935
0.005765
0.007883
0.005971
0.005805
0.006616
0.006284
0.006312
0.006025
0.006137
0.005784
0.006185
0.005978
0.005741
0.006367
0.006073
0.007127
0.006582
0.005920
0.006003
0.006235
0.005917
0.006440
0.007514
0.006461
0.008159
0.005948
0.005769
0.006302
0.008045
0.006450
0.006255
0.006233
0.005893
0.005957
0.009031
0.009539
0.005834
0.005825
0.007539
0.006425
0.006513
0.005937
0.006412
0.005877
0.006640
0.005948
0.006008
0.005934
0.007366
0.006175
0.006187
0.006759
0.006540
0.006359
0.005717
0.006049
0.006617
0.005946
0.006739
0.006652
0.006472
0.006409
0.005850
0.005762
0.009864
0.006545
0.005713
0.006676
0.005945
0.006374
0.006384
0.005950
0.006235
0.006716
0.005689
0.006109
0.005928
0.005921
0.006017
0.006295
0.005972
0.006926
0.005646
0.005633
0.006167
0.005687
0.006321
0.006229
0.005882
0.006257
0.006028
0.006983
0.006777
0.005748
0.005893
0.006148
0.006986
0.005827
0.005890
0.006335
0.006507
0.007369
0.006002
0.006564
0.005844
0.007042
0.006338
0.006492
0.005812
0.006612
0.005730
0.005807
0.006503
0.005953
0.006218
0.006701
0.014105
0.005995
0.006494
0.006823
0.005897
0.006178
0.007741
0.006252
0.006598
0.005810
0.007012
0.007237
0.006663
0.005951
0.006636
0.007257
0.014025
0.005786
0.006134
0.006123
0.013872
0.005967
0.007958
0.006741
0.005792
0.006193
0.007961
0.006065
0.007096
0.005676
0.005937
0.005845
0.006672
0.005728
0.006861
0.006130
0.006472
0.005789
0.006439
0.005870
0.005928
0.005622
0.005750
0.005762
0.006913
0.006541
