0.004584
0.004451
0.004284
0.004316
0.003573
0.004473
0.004584
0.004118
0.004021
0.004990
0.004581
0.003930
0.004277
0.005062
0.004195
0.003298
0.003725
0.004118
0.003895
0.003953
0.004323
0.003952
0.004520
0.004483
0.004685
0.004336
0.003835
0.004317
0.004420
0.003869
0.003837
0.004353
0.004058
0.004565
0.003961
0.003381
0.004338
0.004038
0.004341
0.004747
0.004703
0.004283
0.004393
0.004434
0.004111
0.004125
0.004320
0.004587
0.003738
0.004787
0.003989
0.004536
0.004060
0.003548
0.004413
0.004225
0.004180
0.003754
0.004725
0.004121
0.004715
0.004842
0.004103
0.004200
0.004299
0.004495
0.004639
0.004379
0.005457
0.005241
0.006117
0.005235
0.005011
0.004757
0.005553
0.005001
0.006267
0.004631
0.005249
0.004945
0.005615
0.005784
0.005126
0.004908
0.006484
0.005755
0.005771
0.005380
0.005060
0.005742
0.005528
0.006031
0.005898
0.005620
0.005894
0.004424
0.005101
0.005875
0.006139
0.005471
0.005717
0.004611
0.005102
0.004817
0.005786
0.004921
0.005080
0.004657
0.004869
0.005556
0.006009
0.005290
0.005409
0.005789
0.005827
0.005713
0.005303
0.006231
0.005365
0.005344
0.004590
0.005356
0.005275
0.005872
0.004567
0.005546
0.004962
0.005639
0.005313
0.005377
0.005846
0.005662
0.006143
0.005777
0.005863
0.006282
0.004769
0.005255
0.004900
0.005270
0.005792
0.004726
0.004850
0.005126
0.004795
0.004715
0.005353
0.004722
0.005588
0.005364
0.005168
0.005748
0.005993
0.005706
0.005422
0.004750
0.005789
0.005768
0.005513
0.006480
0.004966
0.004840
0.005516
0.005377
0.004990
0.005492
0.005307
0.006515
0.005470
0.005179
0.005794
0.005942
0.005350
0.005676
0.005219
0.004919
0.004795
0.004698
0.005679
0.004636
0.005121
0.005091
0.006824
0.005059
0.006051
0.004504
0.005563
0.005436
0.005055
0.005582
0.005160
0.004295
0.005131
0.004474
0.005465
0.005351
0.006215
0.004941
0.004985
0.004954
0.004477
0.005204
0.004591
0.005254
0.005990
0.005625
0.006204
0.005426
0.005462
0.005318
0.006005
0.005493
0.005598
0.005364
0.005138
0.005092
0.006014
0.005284
0.005402
0.005082
0.004688
0.005215
0.004762
0.006407
0.004894
0.005547
0.005283
0.004471
0.004382
0.005543
0.005576
0.005838
0.005507
0.005561
0.004923
0.004658
0.005893
0.005582
0.005246
0.004970
0.005364
0.005877
0.005598
0.005434
0.005826
0.005360
0.004620
0.005402
0.005834
0.004985
0.005288
0.004879
0.005818
0.004227
0.004960
0.006550
0.005390
0.005361
0.005893
0.004870
0.005494
0.005660
0.005335
0.005219
0.005233
0.005089
0.005388
0.004671
0.005034
0.004255
0.005355
0.005347
0.005614
0.005827
0.005851
0.005688
0.005460
0.005681
0.004156
0.005380
0.005486
0.005779
0.004658
0.005157
0.004837
0.004511
0.005085
0.005631
0.005408
0.005622
0.005629
0.004970
0.005503
0.006323
0.004856
0.004577
0.004570
0.004678
0.005164
0.006072
0.005469
0.005478
0.005326
0.005689
0.005538
0.005256
0.005132
0.006080
0.005102
0.005508
0.005972
0.005222
0.005579
0.005330
0.004622
0.005576
0.005948
0.005058
0.005758
0.005661
0.004830
0.004696
0.005301
0.005872
0.006025
0.005613
0.005214
0.004875
0.006889
0.005351
0.005034
0.005274
0.004966
0.005633
0.004639
0.005510
0.005801
0.005197
0.004961
0.004961
0.005693
0.004710
0.005352
0.005789
0.005267
0.005019
0.004892
0.005468
0.005953
0.005256
0.005277
0.004672
0.005984
0.005510
0.005421
0.005688
0.004861
0.004844
0.004766
0.005629
0.005596
0.004663
0.005724
0.006324
0.005108
0.005696
0.005286
0.005187
0.005273
0.004890
0.005421
0.005011
0.005818
0.004961
0.005270
0.004928
0.005162
0.005525
0.004967
0.005136
0.005428
0.005397
0.005125
0.005096
0.005766
0.005095
0.004316
0.004912
0.005005
0.005223
0.005392
0.006252
0.004638
0.005409
0.005398
0.005210
0.005153
0.006142
0.004880
0.005756
0.004819
0.005244
0.005708
0.005416
0.006508
0.004792
0.005790
0.005079
0.006034
0.005151
0.004814
0.005606
0.005264
0.005100
0.005309
0.005422
0.005117
0.005582
0.005659
0.005009
0.005428
0.004798
0.005165
0.005083
0.005146
0.005595
0.004834
0.005009
0.005884
0.005789
0.006066
0.005924
0.004954
0.004953
0.004662
0.005772
0.005409
0.005196
0.004624
0.005034
0.005058
0.005094
0.005274
0.005993
0.005575
0.006122
0.004489
0.004973
0.004629
0.004730
0.005309
0.005240
0.005841
0.005033
0.005462
0.005136
0.005921
0.005495
0.004726
0.005004
0.005852
0.006070
0.004720
0.004876
0.005166
0.005555
0.005561
0.005549
0.005198
0.006179
0.005131
0.005901
0.005240
0.005062
0.005660
0.005067
0.006104
0.004738
0.005703
0.005719
0.005721
0.004712
0.005683
0.005309
0.005626
0.005553
0.004681
0.005419
0.006069
0.005814
0.005521
0.004723
0.004925
0.005516
0.004803
0.005200
0.005083
0.005294
0.005838
0.006387
0.006249
0.005090
0.004885
0.005594
0.006455
0.004566
0.005443
0.005842
0.005269
0.005477
0.005175
0.006293
0.005409
0.004766
0.005549
0.005152
0.005240
0.004882
0.004786
0.004999
0.006299
0.005466
0.005347
0.004745
0.004857
0.006333
0.005631
0.004849
0.005834
0.005243
0.004648
0.005044
0.004740
0.005439
0.004681
0.006030
0.005350
0.004873
0.005297
0.004758
0.004593
0.005707
0.004951
0.005296
0.006117
0.005798
0.005405
0.004981
0.006239
0.005374
0.004562
0.005496
0.006212
0.004920
0.005811
0.005407
0.004845
0.004438
0.004818
0.004772
0.005753
0.004633
0.005659
0.005376
0.005386
0.005188
0.005363
0.005206
0.005387
0.005433
0.004976
0.005391
0.005718
0.005628
0.005909
0.005893
0.005529
0.005304
0.005083
0.005284
0.005494
0.005463
0.004904
0.005261
0.004789
0.004704
0.005093
0.005457
0.005616
0.005625
0.005113
0.005115
0.005812
0.005104
0.004992
0.005750
0.005210
0.004728
0.006072
0.005056
0.005747
0.004648
0.005068
0.004980
0.005463
0.005399
0.004778
0.004760
0.005839
0.004892
0.005111
0.004790
0.005760
0.005600
0.005402
0.006496
0.005380
0.005329
0.005401
0.004745
0.005497
0.004642
0.004406
0.005680
0.004831
0.004943
0.005467
0.005475
0.004945
0.006119
0.005519
0.005292
0.004747
0.005044
0.005894
0.005153
0.005399
0.004954
0.004553
0.005554
0.005006
0.004852
0.005417
0.006188
0.005432
0.006254
0.004851
0.004654
0.004644
0.005504
0.005024
0.005201
0.005460
0.005379
0.004825
0.005224
0.005204
0.006159
0.005658
0.005531
0.005296
0.005549
0.005331
0.023594
0.005318
0.005743
0.005048
0.006032
0.004881
0.005415
0.004911
0.007018
0.005671
0.005904
0.005550
0.005695
0.005438
0.005508
0.005492
0.005875
0.006001
0.005397
0.005771
0.005216
0.004973
0.004920
0.005895
0.005090
0.005821
0.004899
0.005368
0.005088
0.004779
0.005148
0.004213
0.004845
0.006330
0.004909
0.005300
0.005654
0.006325
0.004183
0.005828
0.004468
0.005343
0.005025
0.005895
0.005732
0.005626
0.005139
0.005931
0.005361
0.005651
0.008073
0.005279
0.005525
0.005474
0.005898
0.005876
0.005603
0.005423
0.004943
0.004859
0.005038
0.005363
0.004859
0.004824
0.005557
0.005560
0.004673
0.005284
0.005179
0.005015
0.005172
0.006435
0.004735
0.005066
0.005081
0.004388
0.006273
0.005155
0.005019
0.005130
0.005088
0.005002
0.005611
0.006280
0.004704
0.005636
0.005409
0.004879
0.004578
0.005627
0.004934
0.004813
0.005024
0.005189
0.005477
0.005318
0.005844
0.005160
0.006234
0.005337
0.005439
0.005503
0.005640
0.005274
0.005471
0.005445
0.006170
0.005224
0.005144
0.004333
0.006473
0.004680
0.005401
0.004730
0.004729
0.004598
0.005116
0.005202
0.005009
0.005366
0.004785
0.005305
0.004558
0.006023
0.004614
0.006035
0.004879
0.004856
0.005567
0.005408
0.005014
0.005387
0.005388
0.005133
0.005451
0.005682
0.006175
0.005593
0.005843
0.004993
0.006196
0.005035
0.005168
0.005308
0.004684
0.004920
0.005567
0.005204
0.006223
0.005192
0.004848
0.005206
0.005477
0.005587
0.004936
0.005924
0.005176
0.005219
0.005596
0.005058
0.006079
0.005834
0.005133
0.005367
0.005582
0.004784
0.005241
0.005270
0.006113
0.004476
0.005570
0.005376
0.005862
0.005215
0.005532
0.004854
0.004629
0.005484
0.005659
0.005470
0.004777
0.005520
0.005482
0.005295
0.005114
0.004497
0.004503
0.004782
0.005136
0.005463
0.005225
0.005485
0.004579
0.004805
0.004276
0.005701
0.005009
0.005658
0.005716
0.005637
0.005648
0.005090
0.004770
0.005171
0.005398
0.005525
0.006069
0.005645
0.005204
0.004819
0.005481
0.005772
0.004635
0.005090
0.005082
0.004399
0.005862
0.005655
0.005277
0.005262
0.005836
0.004859
0.004803
0.004987
0.004859
0.005780
0.004837
0.005985
0.005386
0.004610
0.004992
0.004762
0.006621
0.004816
0.005687
0.005154
0.005242
0.005256
0.005435
0.004924
0.004228
0.005899
0.005354
0.005026
0.005505
0.004589
0.004840
0.004787
0.004383
0.004897
0.005258
0.005436
0.005918
0.005171
0.005627
0.004655
0.004762
0.004644
0.005759
0.005856
0.005608
0.004402
0.005650
0.005540
0.005808
0.004406
0.004606
0.005177
0.005730
0.005639
0.006023
0.005780
0.005433
0.005274
0.005289
0.005598
0.004826
0.006243
0.005610
0.006031
0.005262
0.004853
0.005013
0.005099
0.004681
0.005197
0.005010
0.005289
0.005000
0.005562
0.005551
0.005331
0.005464
0.005756
0.004494
0.005094
0.005349
0.005586
0.004647
0.004889
0.005994
0.005517
0.005227
0.004569
0.005415
0.005532
0.004875
0.005577
0.005548
0.005385
0.005371
0.005628
0.005111
0.004934
0.005486
0.005055
0.004940
0.005210
0.005138
0.005646
0.005152
0.005299
0.005409
0.005361
0.004756
0.004768
0.005809
0.005873
0.005995
0.005058
0.005413
0.006069
0.004578
0.004574
0.005240
0.004517
0.005162
