0.004019
0.034278
0.003989
0.004158
0.003969
0.004329
0.004387
0.004277
0.004334
0.003899
0.003757
0.004100
0.004283
0.004164
0.004185
0.004497
0.004235
0.004220
0.004233
0.004352
0.004233
0.004196
0.004086
0.004468
0.004735
0.004074
0.027081
0.004077
0.003816
0.004274
0.004139
0.004119
0.004282
0.004180
0.027694
0.004040
0.027180
0.004475
0.004194
0.004417
0.027726
0.004416
0.004301
0.004187
0.004331
0.005198
0.004440
0.004398
0.004236
0.004342
0.004363
0.004461
0.034628
0.003730
0.004475
0.004398
0.004191
0.004175
0.004473
0.004165
0.004014
0.004051
0.003932
0.003981
0.004017
0.004518
0.004348
0.004398
0.004259
0.004447
0.004166
0.015639
0.003694
0.004113
0.027091
0.004253
0.004168
0.003899
0.004177
0.004268
0.004281
0.004042
0.004081
0.004377
0.003617
0.004213
0.003959
0.019831
0.004080
0.004344
0.004469
0.004252
0.003794
0.004327
0.004176
0.004138
0.004005
0.003997
0.004114
0.006027
0.004132
0.004270
0.004257
0.004037
0.003754
0.004495
0.004097
0.004181
0.004357
0.004644
0.003967
0.019863
0.004096
0.004292
0.004445
0.004298
0.004289
0.004165
0.004399
0.004051
0.004373
0.004070
0.004171
0.004410
0.004116
0.004621
0.004256
0.027343
0.004117
0.004033
0.004278
0.004020
0.004480
0.004152
0.004247
0.004418
0.004361
0.004332
0.004004
0.004026
0.004072
0.004160
0.004068
0.004199
0.004202
0.004145
0.004110
0.004046
0.004193
0.004306
0.004183
0.004035
0.015873
0.004196
0.004223
0.004290
0.004010
0.004142
0.004010
0.004117
0.004157
0.004293
0.004824
0.004705
0.003942
0.004383
0.003992
0.004009
0.004269
0.004385
0.003994
0.004286
0.004174
0.004314
0.004214
0.004098
0.003781
0.004763
0.004122
0.004021
0.004084
0.004134
0.004320
0.004483
0.004195
0.004666
0.003977
0.004100
0.004164
0.004031
0.004258
0.005198
0.024493
0.004843
0.004175
0.003956
0.004076
0.004211
0.004018
0.004204
0.003910
0.004363
0.004364
0.004085
0.004342
0.004252
0.027265
0.004436
0.003883
0.005338
0.004286
0.004111
0.004268
0.003735
0.004078
0.004143
0.004187
0.003989
0.004316
0.004077
0.004238
0.004009
0.004288
0.004430
0.004375
0.004251
0.004121
0.004104
0.004369
0.004319
0.004137
0.004072
0.004016
0.004207
0.004525
0.003834
0.003831
0.004195
0.004055
0.003765
0.004206
0.003648
0.004319
0.003909
0.036159
0.004363
0.004059
0.005018
0.004095
0.004222
0.004111
0.004043
0.003930
0.004349
0.003858
0.004193
0.004576
0.004000
0.004297
0.004205
0.004159
0.003963
0.004329
0.004084
0.004109
0.004052
0.004032
0.003626
0.004228
0.004081
0.004081
0.004203
0.004348
0.004578
0.004027
0.004490
0.004003
0.003758
0.004183
0.004138
0.003890
0.004032
0.003998
0.004255
0.003914
0.004500
0.029054
0.003861
0.004248
0.004672
0.004137
0.004595
0.004163
0.004083
0.004028
0.004466
0.004247
0.004198
0.004165
0.003912
0.004060
0.004211
0.004080
0.003808
0.004279
0.004269
0.004338
0.004015
0.003725
0.004159
0.004281
0.004210
0.004322
0.004094
0.004228
0.004651
0.004071
0.004233
0.005390
0.003717
0.004212
0.004001
0.004065
0.004040
0.003950
0.004148
0.003780
0.004022
0.003939
0.004270
0.004263
0.004103
0.004192
0.004361
0.004318
0.003876
0.004419
0.015879
0.004283
0.004056
0.003864
0.004648
0.004051
0.004200
0.004114
0.003859
0.004020
0.004232
0.004360
0.026896
0.004072
0.004237
0.004335
0.004265
0.003892
0.003994
0.004172
0.027070
0.004295
0.004595
0.004408
0.004113
0.004119
0.003964
0.004255
0.004042
0.004300
0.004428
0.003935
0.004761
0.004092
0.004213
0.003866
0.004004
0.004074
0.004081
0.004296
0.003948
0.004141
0.004029
0.003724
0.004131
0.004078
0.004131
0.004155
0.004328
0.003962
0.004242
0.004486
0.004117
0.004320
0.004394
0.004231
0.004454
0.003908
0.004048
0.004147
0.026926
0.004410
0.004905
0.004562
0.027118
0.004334
0.004163
0.028220
0.004066
0.004025
0.004330
0.004232
0.004313
0.004442
0.004180
0.004180
0.004304
0.004239
0.004155
0.004081
0.004118
0.004320
0.004696
0.004061
0.004532
0.004184
0.004114
0.004237
0.003994
0.004132
0.004325
0.004309
0.035629
0.004151
0.004433
0.004009
0.003991
0.026395
0.003963
0.003739
0.004446
0.004060
0.004180
0.003891
0.004296
0.004255
0.004129
0.004367
0.004230
0.004380
0.004146
0.003982
0.027295
0.004024
0.003785
0.003818
0.027878
0.004066
0.003908
0.004009
0.004201
0.004050
0.003951
0.003730
0.004185
0.013069
0.004206
0.004346
0.004135
0.004198
0.004197
0.004738
0.004360
0.004313
0.004162
0.004262
0.004198
0.004043
0.003968
0.004278
0.004138
0.004103
0.004174
0.004365
0.004254
0.004215
0.004131
0.004181
0.004364
0.004345
0.004129
0.004035
0.004292
0.004376
0.004390
0.004099
0.004293
0.004110
0.004198
0.004177
0.004039
0.003859
0.004573
0.004113
0.003716
0.004348
0.004443
0.003857
0.004115
0.004391
0.003950
0.004624
0.027537
0.004047
0.004218
0.004609
0.003853
0.004073
0.003981
0.003928
0.003823
0.004303
0.004340
0.003899
0.004205
0.004086
0.004069
0.004177
0.004300
0.004388
0.004366
0.004044
0.004039
0.004067
0.004096
0.004267
0.004302
0.003871
0.003774
0.004235
0.004110
0.004508
0.004048
0.036228
0.004447
0.004232
0.004669
0.003992
0.004265
0.003788
0.004135
0.003819
0.004058
0.004120
0.004097
0.004003
0.016211
0.004442
0.004336
0.004186
0.004098
0.004308
0.004242
0.004134
0.004151
0.004170
0.004466
0.004280
0.004280
0.004143
0.004114
0.004188
0.004119
0.004122
0.004107
0.004168
0.004072
0.003932
0.003765
0.004005
0.004047
0.003770
0.003988
0.004269
0.003949
0.004323
0.003990
0.003910
0.004402
0.003764
0.004310
0.004059
0.004496
0.004070
0.003924
0.027223
0.004174
0.003815
0.004150
0.003975
0.004266
0.004240
0.004028
0.004398
0.004074
0.004223
0.004035
0.004228
0.004368
0.004176
0.004256
0.004040
0.004007
0.004213
0.004068
0.003988
0.004033
0.004975
0.003989
0.004212
0.004245
0.003985
0.004593
0.004143
0.004341
0.004092
0.004194
0.037410
0.027160
0.004039
0.004097
0.004034
0.004233
0.004301
0.004139
0.004205
0.004239
0.004111
0.003938
0.004017
0.003745
0.004009
0.003984
0.003985
0.003888
0.004010
0.004170
0.004188
0.004264
0.004120
0.004015
0.003925
0.004164
0.004171
0.004097
0.004040
0.004132
0.004165
0.003932
0.004021
0.004070
0.004102
0.004175
0.003872
0.004477
0.004238
0.034876
0.004211
0.004128
0.003991
0.003923
0.004211
0.004031
0.004364
0.004123
0.004066
0.004083
0.004172
0.004131
0.003899
0.003840
0.005167
0.004039
0.004612
0.003896
0.004219
0.003890
0.004009
0.003842
0.004158
0.004198
0.003934
0.004314
0.003844
0.004218
0.003868
0.003618
0.004056
0.004043
0.004025
0.003997
0.003892
0.004278
0.004206
0.004111
0.004097
0.004274
0.004010
0.003919
0.003737
0.004584
0.004275
0.004106
0.004533
0.003904
0.004085
0.004019
0.004606
0.004451
0.003917
0.004102
0.025942
0.003762
0.004188
0.004181
0.004082
0.003761
0.004100
0.004105
0.004209
0.004225
0.003777
0.003943
0.004083
0.004005
0.004557
0.004005
0.003979
0.003983
0.003884
0.003990
0.004682
0.004320
0.004041
0.004097
0.004003
0.004245
0.027447
0.004144
0.004150
0.004142
0.004054
0.004087
0.004059
0.004004
0.003916
0.004142
0.036149
0.004448
0.004614
0.004236
0.004246
0.004196
0.004295
0.004191
0.027086
0.004332
0.004109
0.004506
0.004245
0.004282
0.004066
0.004108
0.004837
0.003922
0.004307
0.004142
0.004150
0.003946
0.004009
0.027120
0.004384
0.004141
0.004049
0.004508
0.004348
0.004291
0.004459
0.004242
0.004292
0.004183
0.004194
0.004146
0.004162
0.004340
0.004295
0.004352
0.004116
0.003883
0.004000
0.004269
0.004415
0.004231
0.004451
0.004329
0.004078
0.004331
0.004191
0.004310
0.004756
0.004189
0.004264
0.004351
0.005082
0.004074
0.004183
0.003962
0.004001
0.004361
0.004471
0.004098
0.004212
0.003987
0.004097
0.004344
0.003868
0.004157
0.004105
0.004203
0.004035
0.004192
0.004075
0.004275
0.004225
0.004330
0.004185
0.004129
0.004264
0.004144
0.004008
0.004112
0.004102
0.003817
0.004134
0.004073
0.004170
0.004319
0.004503
0.004106
0.004126
0.005389
0.004952
0.004704
0.004312
0.027293
0.004126
0.003892
0.004196
0.004122
0.004208
0.004219
0.004255
0.004119
0.004206
0.004236
0.004224
0.004357
0.004006
0.004356
0.004346
0.004401
0.004432
0.003932
0.003802
0.004197
0.004144
0.004159
0.003990
0.004141
0.004300
0.004266
0.004377
0.004977
0.004157
0.004531
0.004167
0.004272
0.003996
0.004254
0.004080
0.004279
0.004292
0.004145
0.037745
0.004346
0.004484
0.003996
0.004281
0.004313
0.004409
0.004073
0.004338
0.003896
0.004371
0.004296
0.004301
0.004068
0.004121
0.004347
0.004298
0.004073
0.004493
0.004223
0.004219
0.003966
0.004072
0.004254
0.004066
0.004566
0.004039
0.036933
0.004616
0.004123
0.004256
0.004270
0.017535
0.004228
0.004099
0.005488
0.004044
0.004034
0.004284
0.004276
0.004081
0.004237
0.003969
0.004388
0.004182
0.003980
0.003841
0.004240
0.004288
0.004249
0.019434
0.004224
0.004371
0.004029
0.004162
0.004894
0.003964
0.004032
0.004120
0.004072
0.004159
0.004136
0.003973
0.004156
0.004203
0.035815
0.004930
0.016220
0.003964
0.004092
0.020620
0.004335
0.003830
0.004081
0.004232
0.004040
0.004156
0.004113
0.004235
0.004431
0.004348
0.004007
0.006084
0.004087
0.003876
0.004206
0.004107
0.004174
0.003950
0.004121
0.004237
0.004293
0.004013
0.004340
0.026778
0.003791
0.004213
0.004269
0.003962
0.004196
0.004211
0.004241
0.004288
0.004015
0.004271
0.004257
0.004106
0.004135
0.004235
0.004314
