0.000540
0.000671
0.001335
0.000699
0.001612
0.000812
0.000769
0.001228
0.000624
0.000656
0.000557
0.000578
0.000814
0.000714
0.001700
0.000626
0.000588
0.000595
0.000681
0.001679
0.000620
0.000570
0.002296
0.000639
0.000564
0.002360
0.000618
0.001910
0.003415
0.000985
0.000578
0.000527
0.002563
0.000541
0.000554
0.000730
0.002127
0.002814
0.000706
0.000816
0.001696
0.000574
0.000800
0.001166
0.001600
0.001421
0.000670
0.000552
0.001114
0.000698
0.000605
0.001251
0.000545
0.001134
0.002079
0.001990
0.000560
0.000624
0.002271
0.000627
0.000663
0.000536
0.000527
0.000576
0.001808
0.002188
0.001855
0.000614
0.000524
0.000726
0.000619
0.000809
0.000901
0.001596
0.000717
0.001636
0.000698
0.000665
0.000590
0.001404
0.000569
0.000669
0.000573
0.000741
0.001454
0.000629
0.000637
0.000538
0.002528
0.000996
0.000717
0.000557
0.001022
0.014675
0.000600
0.003036
0.001486
0.001493
0.001177
0.000765
