0.002267
0.001698
0.001050
0.001581
0.001452
0.001487
0.001472
0.001498
0.001458
0.001417
0.001486
0.000749
0.002245
0.000708
0.001588
0.000788
0.001411
0.000978
0.001412
0.002250
0.001630
0.001394
0.000867
0.000705
0.001638
0.001433
0.001501
0.000866
0.001617
0.001760
0.001465
0.000925
0.001502
0.001504
0.001611
0.001416
0.001415
0.001308
0.001467
0.001483
0.001222
0.001517
0.001443
0.001405
0.000936
0.001381
0.001580
0.001512
0.001191
0.001385
0.001016
0.001372
0.001401
0.001504
0.000801
0.000760
0.002162
0.001988
0.001505
0.001491
0.001481
0.001521
0.001941
0.001476
0.001678
0.001436
0.000826
0.001606
0.002938
0.001347
0.001459
0.004229
0.001473
0.001408
0.001578
0.001416
0.001480
0.001429
0.001432
0.001753
0.001479
0.001395
0.001511
0.002305
0.001517
0.001445
0.001389
0.001575
0.000769
0.001515
0.001387
0.001188
0.002061
0.000945
0.001472
0.001483
0.001519
0.001438
0.000852
0.001363
