0.000581
0.000629
0.000661
0.000583
0.000599
0.000546
0.001873
0.000629
0.000537
0.000512
0.000584
0.000566
0.000624
0.000846
0.000761
0.000626
0.000514
0.000572
0.000607
0.000582
0.000596
0.000685
0.000546
0.000529
0.000740
0.000605
0.000562
0.000535
0.001054
0.000545
0.000616
0.000612
0.000654
0.000527
0.002083
0.000579
0.000620
0.000577
0.001096
0.000579
0.000579
0.000598
0.000608
0.000556
0.000616
0.001281
0.000587
0.000636
0.000547
0.000521
0.000644
0.000893
0.000630
0.000591
0.000521
0.000536
0.000550
0.000919
0.000630
0.000524
0.000609
0.000583
0.000574
0.000642
0.001889
0.000537
0.000601
0.000530
0.001050
0.000568
0.000654
0.001460
0.000623
0.000566
0.000709
0.000932
0.000755
0.000808
0.000615
0.000540
0.000582
0.000770
0.000697
0.000569
0.000620
0.000609
0.000524
0.000584
0.000829
0.000584
0.000867
0.000555
0.000576
0.000709
0.000532
0.000595
0.001028
0.000509
0.000642
0.000566
