0.000464
0.000453
0.000750
0.000430
0.001144
0.000447
0.000490
0.000454
0.000682
0.000577
0.000506
0.000636
0.000868
0.000413
0.000486
0.000532
0.000465
0.000437
0.000473
0.001104
0.000448
0.000415
0.000801
0.000542
0.000463
0.001696
0.000455
0.000465
0.000572
0.000963
0.000473
0.001414
0.000425
0.000775
0.000444
0.000467
0.000970
0.001143
0.000579
0.000424
0.001135
0.000427
0.000419
0.001516
0.001223
0.001366
0.000424
0.000428
0.000879
0.000475
0.000435
0.000485
0.001707
0.000427
0.000862
0.001138
0.000422
0.000841
0.001846
0.000493
0.000412
0.000424
0.000414
0.000517
0.002196
0.000569
0.000636
0.001172
0.000471
0.000427
0.000438
0.000470
0.000422
0.000537
0.001740
0.001519
0.000677
0.000443
0.000463
0.001377
0.000452
0.000738
0.000470
0.001426
0.001294
0.000466
0.001130
0.000421
0.003252
0.000547
0.000996
0.000447
0.000456
0.000814
0.000430
0.001215
0.001466
0.003805
0.001273
0.000876
