0.000881
0.000783
0.000835
0.000854
0.000828
0.000826
0.000895
0.001242
0.001302
0.001326
0.001311
0.001347
0.001254
0.001288
0.001276
0.001272
0.001337
0.002531
0.001280
0.001373
0.001218
0.001282
0.001254
0.001194
0.001248
0.001230
0.001220
0.001240
0.001262
0.001273
0.001226
0.001377
0.001256
0.001233
0.001401
0.001349
0.001250
0.001267
0.001344
0.001319
0.001325
0.001420
0.001304
0.001351
0.001292
0.001242
0.001260
0.001327
0.001260
0.001300
0.001246
0.001263
0.001132
0.001245
0.001299
0.001291
0.001374
0.001267
0.001240
0.001239
0.001291
0.001266
0.001219
0.001282
0.001311
0.001353
0.001230
0.001309
0.001262
0.001368
0.001255
0.001281
0.001386
0.001261
0.001250
0.001265
0.001276
0.001517
0.001361
0.001286
0.001283
0.001281
0.001305
0.001187
0.001343
0.001293
0.001256
0.001316
0.001324
0.001225
0.001350
0.001306
0.001247
0.001326
0.001244
0.001251
0.001228
0.001203
0.001295
0.001226
0.001212
0.001350
0.001295
0.001281
0.001249
0.001275
0.001220
0.001311
0.001285
0.001214
0.001237
0.001230
0.001225
0.001257
0.001224
0.001210
0.001253
0.001270
0.001242
0.001229
0.001325
0.001316
0.001345
0.001263
0.001246
0.001283
0.001248
0.001197
0.001288
0.001267
0.001264
0.001267
0.001260
0.001268
0.001279
0.001275
0.001277
0.001274
0.001299
0.001248
0.001266
0.001301
0.001297
0.001283
0.001296
0.001315
0.001261
0.001455
0.001329
0.001469
0.001306
0.001386
0.001323
0.001260
0.001243
0.001347
0.001265
0.001280
0.001291
0.001395
0.001333
0.001321
0.001388
0.001394
0.001324
0.001367
0.001420
0.001297
0.001270
0.002620
0.001267
0.001506
0.001291
0.001238
0.001236
0.001227
0.001302
0.001261
0.001254
0.001420
0.001414
0.001379
0.001313
0.001268
0.001258
0.001262
0.001296
0.001242
0.001363
0.001277
0.001288
0.001227
0.001214
0.001253
0.001289
0.001271
0.001286
0.001232
0.001246
0.001253
0.001279
0.001219
0.001221
0.001255
0.001330
0.001221
0.001271
0.001291
0.001230
0.001212
0.001226
0.001374
0.001439
0.001271
0.001215
0.001250
0.001241
0.001238
0.001238
0.001635
0.001353
0.001210
0.001287
0.001224
0.001394
0.001337
0.001285
0.001269
0.001381
0.001260
0.001231
0.001230
0.001268
0.001378
0.001367
0.001321
0.001271
0.001265
0.001395
0.001225
0.001364
0.001362
0.001267
0.001263
0.001335
0.001282
0.001287
0.001214
0.001393
0.001192
0.001232
0.001254
0.001266
0.001283
0.001276
0.001364
0.001255
0.001367
0.001366
0.001476
0.001242
0.001240
0.001223
0.001264
0.001274
0.001240
0.001276
0.001256
0.001276
0.001223
0.001337
0.001069
0.001356
0.001252
0.001231
0.001252
0.001242
0.001259
0.001365
0.001249
0.001272
0.001403
0.001388
0.001295
0.001348
0.001244
0.001247
0.001253
0.001214
0.001332
0.001247
0.001243
0.001301
0.001250
0.001303
0.001280
0.001296
0.001241
0.002599
0.001276
0.001248
0.001246
0.001335
0.001362
0.001309
0.001274
0.001284
0.001407
0.001254
0.001248
0.001249
0.001250
0.001252
0.001267
0.001367
0.001302
0.001377
0.001328
0.001270
0.001287
0.001396
0.001256
0.001342
0.001252
0.001207
0.001306
0.001241
0.001215
0.001268
0.001306
0.001256
0.001366
0.001265
0.001245
0.001335
0.001317
0.001351
0.001280
0.001290
0.001265
0.001257
0.001304
0.001266
0.001378
0.001345
0.001395
0.001253
0.001933
0.001242
0.001276
0.001296
0.001261
0.001296
0.001266
0.001399
0.001387
0.001258
0.001303
0.001298
0.001465
0.001854
0.001299
0.001253
0.001259
0.001228
0.001236
0.001353
0.001259
0.001236
0.001256
0.001296
0.001311
0.001285
0.001039
0.001395
0.001230
0.001612
0.001292
0.001299
0.001233
0.001284
0.001249
0.001263
0.001250
0.001292
0.001296
0.001231
0.001271
0.001231
0.001523
0.001302
0.001257
0.001252
0.001252
0.001307
0.001284
0.001251
0.001265
0.001250
0.001441
0.001244
0.001272
0.001425
0.001273
0.001229
0.001267
0.001275
0.001402
0.001266
0.001224
0.001126
0.001284
0.001267
0.001317
0.001238
0.001218
0.001288
0.001338
0.001271
0.001265
0.001308
0.001218
0.001211
0.001199
0.001323
0.001212
0.001246
0.001239
0.001334
0.001235
0.001249
0.001348
0.001281
0.001268
0.001261
0.001224
0.001225
0.001178
0.001298
0.001270
0.001242
0.001230
0.001273
0.001248
0.001231
0.001260
0.001265
0.001352
0.001348
0.001307
0.001241
0.001260
0.001274
0.001300
0.001205
0.001216
0.001262
0.001226
0.001231
0.001221
0.001269
0.001276
0.001243
0.001230
0.001239
0.001224
0.001299
0.001511
0.001247
0.001259
0.001252
0.001289
0.001324
0.001263
0.001215
0.001371
0.001294
0.001271
0.001247
0.001259
0.001264
0.001318
0.001198
0.001224
0.001261
0.001261
0.001180
0.001253
0.001251
0.001242
0.001219
0.001389
0.001262
0.001089
0.001254
0.001279
0.001327
0.001421
0.001257
0.001243
0.001215
0.001237
0.001373
0.001232
0.001238
0.001299
0.001330
0.001379
0.001257
0.001231
0.001219
0.001264
0.001393
0.001261
0.001259
0.001245
0.001293
0.001206
0.001239
0.001295
0.001330
0.001233
0.001250
0.001215
0.001224
0.001219
0.001222
0.001985
0.001277
0.001443
0.001274
0.001336
0.001229
0.001234
0.001315
0.001304
0.001280
0.001233
0.001400
0.001352
0.001259
0.001156
0.001315
0.001356
0.001405
0.001319
0.001383
0.001116
0.001286
0.001300
0.001279
0.001262
0.001238
0.001304
0.001422
0.001403
0.001259
0.001377
0.001428
0.001392
0.001348
0.001261
0.001307
0.001270
0.001297
0.001326
0.001278
0.001269
0.001401
0.001305
0.001384
0.001147
0.001345
0.001308
0.001392
0.001247
0.001256
0.001268
0.001255
0.001236
0.001263
0.001244
0.001335
0.001276
0.001315
0.001506
0.001397
0.001230
0.001275
0.001230
0.001330
0.001245
0.001285
0.001365
0.001221
0.001201
0.001186
0.001262
0.001261
0.001224
0.001314
0.001246
0.001236
0.001274
0.001230
0.001392
0.001256
0.001247
0.001247
0.001324
0.001240
0.001308
0.001225
0.001360
0.001278
0.001247
0.001215
0.001190
0.001359
0.001320
0.001225
0.001247
0.002606
0.001312
0.001285
0.001257
0.001339
0.001250
0.001363
0.001260
0.001276
0.001295
0.001222
0.001251
0.001239
0.001238
0.001311
0.001327
0.001280
0.001262
0.001260
0.001589
0.001279
0.001337
0.001237
0.001391
0.001395
0.001310
0.001560
0.001339
0.001360
0.001244
0.001282
0.001339
0.001391
0.001254
0.001227
0.001277
0.001252
0.001378
0.001464
0.001232
0.001257
0.001152
0.001258
0.001267
0.001439
0.001279
0.001245
0.001254
0.001221
0.001252
0.001389
0.001237
0.001278
0.001425
0.001424
0.001346
0.001314
0.001259
0.001249
0.001305
0.001270
0.001258
0.001313
0.001426
0.001235
0.001206
0.001245
0.001270
0.001213
0.001380
0.001310
0.001254
0.001247
0.001221
0.001278
0.001306
0.001243
0.001241
0.001380
0.001252
0.001266
0.001295
0.001389
0.001287
0.001248
0.001288
0.001267
0.001268
0.001318
0.001251
0.001317
0.001350
0.001299
0.001288
0.001318
0.001308
0.001332
0.001498
0.001324
0.001336
0.001291
0.001463
0.001244
0.001253
0.001280
0.001226
0.001211
0.001271
0.001241
0.001303
0.001443
0.001349
0.001311
0.001314
0.001419
0.001389
0.001258
0.001272
0.001319
0.001308
0.001424
0.001439
0.001333
0.001333
0.001274
0.001348
0.001353
0.001232
0.001302
0.001244
0.001263
0.001343
0.001319
0.001268
0.001254
0.001294
0.001262
0.001266
0.001243
0.001316
0.001303
0.001243
0.001269
0.001268
0.001291
0.001237
0.001252
0.001229
0.001251
0.001275
0.001265
0.001300
0.001337
0.001283
0.002095
0.001263
0.001352
0.001269
0.001258
0.001440
0.001278
0.001267
0.001294
0.001358
0.001276
0.001257
0.001247
0.001313
0.001325
0.001234
0.001421
0.001339
0.001301
0.001238
0.001298
0.001346
0.001290
0.001258
0.001245
0.001278
0.001337
0.001287
0.001253
0.001261
0.001248
0.001311
0.001448
0.001468
0.001261
0.001306
0.001279
0.001312
0.001262
0.001392
0.001418
0.001279
0.001281
0.001299
0.001272
0.001284
0.001891
0.001364
0.001337
0.001285
0.001315
0.001324
0.001286
0.001242
0.001256
0.001219
0.001302
0.001280
0.001294
0.001270
0.001304
0.001265
0.001271
0.001257
0.001413
0.001379
0.001282
0.001292
0.001294
0.001287
0.001339
0.001258
0.001289
0.001347
0.001231
0.002061
0.001382
0.001322
0.001279
0.001244
0.001241
0.001341
0.001277
0.001314
0.001256
0.001248
0.001269
0.001251
0.001249
0.001249
0.001354
0.001263
0.001389
0.001980
0.001367
0.001313
0.001278
0.001293
0.001299
0.001316
0.001241
0.001300
0.001455
0.001441
0.001239
0.001256
0.001224
0.001246
0.001127
0.001269
0.001272
0.001246
0.001334
0.001346
0.001246
0.001653
0.001286
0.001241
0.001322
0.001360
0.001319
0.001271
0.001254
0.001281
0.001292
0.001256
0.001258
0.001188
0.001355
0.001231
0.001327
0.001202
0.001208
0.001367
0.001218
0.001242
0.001299
0.001317
0.001254
0.001249
0.001228
0.001272
0.001342
0.001271
0.001264
0.001269
0.001266
0.001274
0.001302
0.001245
0.001238
0.001399
0.001219
0.001297
0.001262
0.001251
0.001416
0.001265
0.001232
0.001293
0.001244
0.001257
0.001263
0.001284
0.001240
0.001238
0.001379
0.001401
0.001284
0.001228
0.001276
0.001235
0.001239
0.001337
0.001242
0.001235
0.001238
0.001222
0.001299
0.001276
0.001273
0.001267
0.001298
0.001405
0.001349
0.001258
0.001241
0.001265
0.001399
0.001268
0.001313
0.001278
0.001274
0.001246
0.001434
0.001267
0.001262
0.001275
0.001216
0.001327
0.001266
0.001185
0.001212
0.001339
0.001255
0.001188
0.001242
0.001356
0.001327
0.001235
0.001189
0.001241
0.001327
0.001245
0.001300
0.001222
0.001337
0.001263
0.001242
0.001234
0.001950
0.001243
0.001251
0.001243
