0.000609
0.000504
0.000590
0.000580
0.000588
0.000612
0.000961
0.000789
0.000895
0.000860
0.000867
0.000865
0.000902
0.000926
0.000872
0.000907
0.000860
0.000864
0.000932
0.000868
0.000834
0.000865
0.000867
0.000977
0.000772
0.000875
0.000803
0.000859
0.000855
0.000877
0.000962
0.000881
0.000845
0.000747
0.000753
0.000877
0.000863
0.000867
0.000819
0.000874
0.000866
0.000866
0.000830
0.000871
0.000829
0.000878
0.000898
0.000855
0.000888
0.000851
0.000908
0.000916
0.000885
0.000905
0.000864
0.000870
0.000908
0.000869
0.000852
0.000850
0.000870
0.000858
0.000908
0.000860
0.000891
0.000869
0.000812
0.000879
0.000887
0.000897
0.000858
0.000876
0.000862
0.000853
0.000887
0.000850
0.000839
0.000892
0.000862
0.000923
0.000973
0.000850
0.000861
0.000842
0.000842
0.000791
0.000842
0.000849
0.000816
0.000818
0.000826
0.000818
0.000854
0.000851
0.000816
0.000860
0.000854
0.000827
0.000865
0.000800
0.000839
0.000847
0.000875
0.000843
0.000840
0.000830
0.000834
0.000893
0.000839
0.000833
0.000846
0.000831
0.000873
0.000840
0.000844
0.000827
0.000844
0.000835
0.000900
0.000868
0.000814
0.000838
0.000903
0.000845
0.000838
0.000845
0.000834
0.000843
0.000842
0.000842
0.000826
0.000836
0.000932
0.000864
0.000861
0.000861
0.000893
0.000836
0.000855
0.000876
0.000839
0.000865
0.000832
0.000857
0.000866
0.000876
0.000982
0.000866
0.000875
0.000894
0.000907
0.000906
0.000885
0.000877
0.000872
0.000882
0.000596
0.000793
0.000890
0.000873
0.000891
0.000869
0.000860
0.000903
0.000850
0.000886
0.000913
0.000872
0.000859
0.000906
0.000884
0.000870
0.000894
0.000881
0.000868
0.000712
0.000984
0.000855
0.000848
0.000878
0.000874
0.000946
0.000862
0.000858
0.000852
0.000938
0.000878
0.000864
0.000837
0.000894
0.000871
0.000847
0.000852
0.000864
0.000877
0.000872
0.000858
0.000832
0.000838
0.000854
0.000871
0.000835
0.000848
0.000838
0.000842
0.000844
0.000847
0.000823
0.000846
0.000819
0.000836
0.000832
0.000836
0.000658
0.000871
0.000833
0.000841
0.000841
0.000843
0.000893
0.000836
0.000850
0.000877
0.000828
0.000867
0.000875
0.000867
0.000822
0.000839
0.000757
0.000835
0.000843
0.000846
0.000877
0.000852
0.000881
0.000843
0.000853
0.000888
0.000839
0.000849
0.000876
0.000859
0.000812
0.000832
0.000893
0.000868
0.000860
0.000861
0.000881
0.000860
0.000888
0.000858
0.000875
0.000859
0.000858
0.000862
0.000852
0.000849
0.000867
0.000886
0.000866
0.000875
0.000852
0.000866
0.000875
0.000862
0.000978
0.000787
0.000860
0.000911
0.000916
0.000879
0.000824
0.000869
0.000868
0.000863
0.000919
0.000854
0.000806
0.000890
0.000865
0.000870
0.000879
0.000853
0.000865
0.000857
0.000858
0.000876
0.000840
0.000896
0.000856
0.000857
0.000869
0.000914
0.000870
0.000815
0.000896
0.000855
0.000858
0.000832
0.000867
0.000856
0.000868
0.000849
0.000884
0.000868
0.000883
0.000891
0.000880
0.000853
0.000858
0.000864
0.000853
0.000859
0.000838
0.000940
0.000879
0.000855
0.000880
0.000842
0.000887
0.000846
0.000860
0.000836
0.000919
0.000876
0.000855
0.000850
0.000854
0.000849
0.000857
0.000896
0.000873
0.000855
0.000850
0.000876
0.000911
0.000841
0.000858
0.000786
0.000879
0.000871
0.000833
0.000872
0.000910
0.000870
0.000836
0.000863
0.000859
0.000835
0.000849
0.000848
0.000850
0.000863
0.000850
0.000882
0.000860
0.000858
0.000848
0.000884
0.000894
0.000889
0.000910
0.000852
0.000854
0.000848
0.000883
0.000972
0.000884
0.000855
0.000855
0.000848
0.000854
0.000872
0.000677
0.000861
0.000860
0.000875
0.000853
0.000835
0.000869
0.000838
0.000736
0.000916
0.000897
0.000824
0.000839
0.000841
0.000885
0.000879
0.000846
0.000885
0.000848
0.000845
0.000864
0.000827
0.000850
0.000833
0.000832
0.000863
0.000864
0.000850
0.000868
0.000780
0.000861
0.000828
0.000906
0.000869
0.000702
0.000914
0.000885
0.000847
0.000923
0.000836
0.000857
0.000837
0.000838
0.000844
0.000871
0.000923
0.000873
0.000832
0.000848
0.000875
0.000845
0.000835
0.000831
0.000838
0.000872
0.000860
0.000821
0.000845
0.000804
0.000886
0.000890
0.000866
0.000855
0.000827
0.000682
0.000833
0.000835
0.000826
0.000846
0.000893
0.000829
0.000839
0.000899
0.000878
0.000824
0.000835
0.000849
0.000839
0.000865
0.000842
0.000592
0.000966
0.000832
0.000819
0.000829
0.000866
0.000925
0.000862
0.000858
0.000861
0.000849
0.000822
0.000869
0.000763
0.000841
0.000851
0.000840
0.000827
0.000849
0.000816
0.000813
0.000879
0.000846
0.000846
0.000862
0.000856
0.000842
0.000856
0.000851
0.000848
0.000829
0.000846
0.000839
0.000839
0.000842
0.000845
0.000842
0.000762
0.000820
0.000859
0.000969
0.000856
0.000794
0.000884
0.000837
0.000825
0.000834
0.000841
0.000636
0.000849
0.000839
0.000852
0.000855
0.000841
0.000841
0.000842
0.000834
0.000875
0.000742
0.000835
0.000873
0.000853
0.000783
0.000831
0.000844
0.000844
0.000873
0.000838
0.000833
0.000846
0.000833
0.000839
0.000839
0.000816
0.000872
0.000869
0.000821
0.000843
0.000845
0.000852
0.000835
0.000871
0.001015
0.000901
0.000857
0.000844
0.000858
0.000887
0.000881
0.000830
0.000914
0.000893
0.000887
0.000879
0.000892
0.000890
0.000875
0.000899
0.000895
0.000858
0.000878
0.000866
0.000846
0.000888
0.000876
0.000726
0.000879
0.001000
0.000887
0.000874
0.000857
0.000850
0.000846
0.000889
0.000814
0.000882
0.000932
0.000892
0.000899
0.000884
0.000599
0.000930
0.000847
0.000837
0.000838
0.000843
0.000891
0.000857
0.000845
0.000875
0.000832
0.000862
0.000737
0.000882
0.000881
0.000823
0.000868
0.000852
0.000879
0.000745
0.000840
0.000834
0.000844
0.000856
0.000829
0.000854
0.000873
0.000918
0.000866
0.000861
0.000946
0.000849
0.000851
0.000853
0.000858
0.000854
0.000912
0.000859
0.000841
0.000863
0.000921
0.000836
0.000839
0.000866
0.000846
0.000949
0.000872
0.000812
0.000730
0.000836
0.000846
0.000858
0.000881
0.000896
0.000853
0.000853
0.000916
0.000851
0.000920
0.000854
0.000861
0.000839
0.000852
0.000882
0.000740
0.000654
0.000902
0.000838
0.000864
0.000845
0.000859
0.000899
0.000864
0.000833
0.000856
0.000988
0.000866
0.000848
0.000861
0.000831
0.000901
0.000971
0.000834
0.000847
0.000865
0.000842
0.000689
0.000872
0.000910
0.000898
0.000928
0.000985
0.000850
0.000768
0.000857
0.000872
0.000860
0.000708
0.000866
0.000859
0.000862
0.000841
0.000857
0.000895
0.000881
0.000846
0.000828
0.000844
0.000845
0.000841
0.000859
0.000885
0.000846
0.000874
0.000841
0.000842
0.000881
0.000864
0.000992
0.000858
0.000832
0.000841
0.000848
0.000831
0.000830
0.000868
0.000683
0.000835
0.000847
0.000836
0.000868
0.000860
0.000836
0.000846
0.000922
0.000849
0.000846
0.000917
0.000855
0.000896
0.000895
0.000833
0.000875
0.000957
0.000839
0.000861
0.000652
0.000846
0.000878
0.000869
0.000851
0.000908
0.000824
0.000870
0.000863
0.000850
0.000854
0.000857
0.001058
0.000856
0.000850
0.000841
0.000912
0.000854
0.000863
0.000850
0.000865
0.000897
0.000890
0.000884
0.000839
0.000883
0.000963
0.000840
0.000848
0.000853
0.000849
0.000865
0.000847
0.000849
0.000841
0.000883
0.000721
0.000874
0.000849
0.000866
0.000964
0.000902
0.000914
0.000868
0.000843
0.000851
0.000843
0.000867
0.000883
0.000852
0.000856
0.000845
0.000860
0.000855
0.000837
0.000859
0.000849
0.000752
0.000870
0.000847
0.000856
0.000639
0.000593
0.000860
0.000955
0.000884
0.000897
0.000835
0.000822
0.000850
0.000837
0.000840
0.000904
0.000858
0.000844
0.000840
0.000869
0.000883
0.000850
0.000848
0.000843
0.000842
0.000868
0.000768
0.000868
0.000856
0.000827
0.000927
0.000836
0.000855
0.000787
0.000897
0.000884
0.000871
0.000855
0.000911
0.000859
0.000897
0.000913
0.000876
0.000876
0.001030
0.000891
0.000893
0.000913
0.000929
0.000858
0.000914
0.000866
0.000885
0.000860
0.000856
0.000868
0.000854
0.000858
0.000860
0.000801
0.000871
0.000874
0.000995
0.000876
0.000773
0.000913
0.000876
0.000866
0.000877
0.000854
0.000721
0.000873
0.000866
0.000882
0.000852
0.000910
0.000780
0.000871
0.000888
0.000935
0.000890
0.000826
0.000862
0.000875
0.000881
0.000860
0.000869
0.000869
0.000910
0.000900
0.000848
0.000861
0.000904
0.000880
0.000777
0.000878
0.000881
0.000890
0.000843
0.000886
0.001029
0.000854
0.000798
0.000890
0.000835
0.000826
0.000934
0.000887
0.000778
0.000952
0.000870
0.000854
0.000849
0.000853
0.000934
0.000859
0.000864
0.000883
0.000625
0.000861
0.000899
0.000853
0.000876
0.000709
0.000859
0.000846
0.000865
0.000857
0.000864
0.000853
0.000840
0.000832
0.000844
0.000874
0.000851
0.000898
0.000844
0.000770
0.000861
0.000839
0.000836
0.000858
0.000947
0.000861
0.000863
0.000826
0.000862
0.000836
0.000860
0.000926
0.000865
0.000857
0.000854
0.000868
0.000839
0.000891
0.000876
0.000851
0.000924
0.000844
0.000855
0.000843
0.000835
0.000856
0.000831
0.000852
0.000874
0.000934
0.000920
0.000843
0.000831
0.000891
0.000812
0.000864
0.000870
0.000839
0.000850
0.000900
0.000936
0.000851
0.000870
0.000842
0.000670
0.000896
0.000829
0.000844
0.000813
0.000848
0.000860
0.000854
0.000879
0.000886
0.000839
0.000885
0.000934
0.000838
0.000846
0.000855
0.000935
0.000836
0.000847
0.000852
0.000870
0.000907
0.000875
0.000854
0.000884
0.000848
0.000861
0.000840
0.000893
0.000849
0.000844
0.000851
0.000877
0.000872
0.000870
0.000852
0.000877
0.000877
0.000855
0.000881
