0.002206
0.002384
0.003166
0.002569
0.002750
0.002416
0.002613
0.002777
0.002386
0.002959
0.002308
0.002564
0.002312
0.002515
0.002455
0.002506
0.003015
0.002189
0.002463
0.002322
0.001707
0.002452
0.002467
0.002722
0.002746
0.002453
0.002250
0.002501
0.002310
0.002497
0.003261
0.002315
0.002844
0.003237
0.002082
0.002283
0.002884
0.002355
0.002496
0.002649
0.002263
0.002089
0.002732
0.003022
0.002791
0.002945
0.002526
0.002479
0.002486
0.002467
0.002204
0.003121
0.002510
0.002583
0.002841
0.003209
0.002843
0.002546
0.002629
0.002725
0.002550
0.002001
0.002250
0.002385
0.002945
0.002105
0.002968
0.003366
0.002939
0.002257
0.002425
0.002485
0.002791
0.002722
0.002346
0.002480
0.002832
0.002594
0.002905
0.002917
0.002384
0.002612
0.002847
0.002701
0.002272
0.003178
0.002597
0.002275
0.002358
0.002822
0.003043
0.002540
0.002582
0.002696
0.003075
0.002209
0.002961
0.002427
0.001896
0.002591
0.002344
0.003096
0.003085
0.002554
0.002277
0.002342
0.002596
0.002755
0.002814
0.002422
0.002946
0.002561
0.002905
0.003311
0.002878
0.002812
0.002379
0.002636
0.003068
0.002156
0.003185
0.002703
0.002664
0.002685
0.002664
0.002249
0.002571
0.002326
0.002557
0.002301
0.002231
0.003030
0.002903
0.002896
0.002677
0.003328
0.003189
0.002488
0.003029
0.003630
0.002731
0.002228
0.002733
0.002784
0.003091
0.002409
0.003031
0.003264
0.002837
0.002016
0.002668
0.002944
0.002523
0.002492
0.002562
0.002453
0.002824
0.002225
0.003113
0.002098
0.002395
0.002566
0.002225
0.002530
0.002699
0.003441
0.003326
0.001708
0.002959
0.002887
0.002273
0.002637
0.002367
0.002137
0.002917
0.002463
0.003982
0.002292
0.003008
0.002592
0.003121
0.003085
0.002638
0.002385
0.002901
0.002454
0.002359
0.002848
0.001669
0.003645
0.002093
0.002611
0.003285
0.002960
0.002956
0.002653
0.002693
0.002114
0.002751
0.003144
0.002978
0.002743
0.002183
0.002433
0.003227
0.002625
0.002313
0.003118
0.002400
0.002396
0.002871
0.002748
0.002403
0.002759
0.002441
0.002117
0.003041
0.003266
0.002277
0.002882
0.003076
0.002858
0.002618
0.002358
0.002623
0.002344
0.002952
0.002397
0.002661
0.002996
0.002166
0.002898
0.002478
0.002940
0.002596
0.002680
0.003093
0.002489
0.003379
0.002890
0.002626
0.002771
0.003001
0.002475
0.003106
0.002962
0.002671
0.002572
0.003042
0.002219
0.002417
0.002810
0.002352
0.002331
0.003298
0.003087
0.002744
0.002963
0.002221
0.002457
0.002866
0.003107
0.002419
0.003001
0.003127
0.002490
0.002034
0.002763
0.002726
0.002497
0.002152
0.002184
0.003255
0.002388
0.002692
0.002979
0.002096
0.002301
0.002904
0.002635
0.002791
0.002125
0.002173
0.003033
0.003165
0.002994
0.002525
0.002782
0.002175
0.003038
0.002494
0.003081
0.002343
0.002480
0.002768
0.002297
0.002407
0.002954
0.002459
0.002473
0.002046
0.002585
0.002655
0.002318
0.002709
0.002478
0.002511
0.002983
0.002335
0.002183
0.002893
0.002974
0.002977
0.002808
0.002249
0.002552
0.002774
0.002333
0.002699
0.003058
0.002707
0.002715
0.002273
0.002621
0.003103
0.002533
0.002940
0.004142
0.002925
0.002834
0.002364
0.002776
0.002951
0.003074
0.002964
0.003042
0.002540
0.002215
0.002416
0.002887
0.002349
0.002961
0.003281
0.002672
0.002094
0.003038
0.001736
0.002760
0.002907
0.002233
0.002537
0.002977
0.002638
0.003077
0.003696
0.003526
0.002312
0.002360
0.002464
0.002436
0.002557
0.002900
0.002430
0.003039
0.002547
0.002788
0.003068
0.002440
0.002582
0.002503
0.002400
0.002642
0.002740
0.002759
0.003010
0.002548
0.002592
0.002149
0.002294
0.002383
0.002177
0.002511
0.002951
0.002602
0.002258
0.002600
0.002773
0.001848
0.002661
0.002195
0.002446
0.002421
0.002214
0.002103
0.002880
0.002018
0.002437
0.003384
0.002242
0.002710
0.003167
0.002826
0.002574
0.002936
0.002748
0.003608
0.002769
0.002967
0.002716
0.002944
0.002595
0.002923
0.002225
0.002606
0.003188
0.002727
0.002433
0.003077
0.002968
0.002334
0.002206
0.002948
0.002348
0.001687
0.003012
0.002529
0.002647
0.003185
0.003333
0.003127
0.002246
0.002592
0.003227
0.002807
0.002602
0.003229
0.002761
0.003285
0.003309
0.002485
0.002410
0.002299
0.003338
0.002233
0.003785
0.002244
0.002402
0.002842
0.003143
0.002517
0.002399
0.002468
0.002696
0.003121
0.001799
0.002876
0.002473
0.003022
0.003315
0.002578
0.002450
0.002784
0.003182
0.002661
0.002088
0.002933
0.002020
0.002452
0.002703
0.002745
0.002699
0.003032
0.002562
0.002594
0.002602
0.003006
0.002768
0.002886
0.002291
0.002404
0.002176
0.002890
0.002248
0.003054
0.002937
0.002664
0.002396
0.002587
0.002815
0.002312
0.003197
0.002762
0.002220
0.002943
0.002346
0.002334
0.002549
0.002359
0.002718
0.002320
0.002893
0.002118
0.002819
0.002393
0.003179
0.003100
0.003172
0.003065
0.003008
0.002959
0.002317
0.002438
0.002544
0.002637
0.002860
0.003205
0.002718
0.002515
0.003106
0.002770
0.002877
0.002092
0.002128
0.002976
0.003099
0.002923
0.002675
0.002673
0.002719
0.003258
0.002719
0.002478
0.002498
0.003099
0.003433
0.003172
0.002501
0.003074
0.002420
0.002761
0.002315
0.002627
0.002364
0.003070
0.002299
0.002361
0.002089
0.002449
0.002732
0.002556
0.002865
0.003084
0.002679
0.002273
0.002065
0.003045
0.002832
0.002803
0.002273
0.002606
0.002834
0.002153
0.002385
0.002644
0.002583
0.002790
0.002291
0.002071
0.002443
0.002304
0.002309
0.002420
0.002904
0.002480
0.002995
0.003855
0.002623
0.003511
0.002048
0.002765
0.003896
0.002422
0.002087
0.002801
0.002833
0.002677
0.002660
0.003007
0.002935
0.002681
0.002807
0.002050
0.002543
0.002881
0.002504
0.002463
0.002475
0.002473
0.003246
0.002767
0.003017
0.002664
0.002650
0.002940
0.003102
0.002232
0.002535
0.002335
0.002562
0.002593
0.002273
0.002641
0.002604
0.002258
0.002910
0.002518
0.002780
0.002725
0.002699
0.003008
0.002937
0.002505
0.003133
0.003154
0.002773
0.002668
0.002600
0.003038
0.003007
0.002971
0.002484
0.003167
0.002906
0.002758
0.002065
0.002953
0.002388
0.003059
0.001854
0.002491
0.002735
0.002835
0.002196
0.001989
0.002232
0.002083
0.003080
0.003003
0.002755
0.002484
0.002618
0.002776
0.002487
0.002328
0.002808
0.002576
0.002349
0.002373
0.002644
0.002362
0.002356
0.003175
0.003113
0.002641
0.003747
0.002217
0.002474
0.002399
0.002791
0.002983
0.002867
0.002961
0.003300
0.002919
0.002385
0.003230
0.002284
0.003285
0.002088
0.003360
0.003091
0.003829
0.003168
0.002070
0.002219
0.002926
0.002859
0.003117
0.002934
0.002157
0.002651
0.002819
0.003037
0.002170
0.003064
0.002602
0.002327
0.003087
0.002540
0.002352
0.002726
0.003132
0.002554
0.002498
0.002182
0.002534
0.003121
0.002435
0.002467
0.002723
0.002995
0.003236
0.002474
0.002704
0.003168
0.002969
0.002974
0.002114
0.002145
0.002608
0.003014
0.002680
0.002794
0.003136
0.002585
0.002495
0.002990
0.002459
0.002984
0.002644
0.002107
0.003313
0.002566
0.002527
0.002392
0.002570
0.002816
0.002505
0.002664
0.003068
0.003146
0.002634
0.002341
0.002724
0.002660
0.002471
0.001598
0.002454
0.002254
0.002322
0.002669
0.002552
0.002355
0.002438
0.002208
0.003342
0.002709
0.002855
0.002637
0.002426
0.002509
0.003069
0.002698
0.002879
0.002631
0.002439
0.002545
0.002551
0.002814
0.003027
0.002631
0.002438
0.002483
0.002738
0.002471
0.002410
0.002698
0.002077
0.002348
0.002722
0.003125
0.002921
0.002471
0.002682
0.002730
0.002466
0.002789
0.002359
0.003732
0.002108
0.002677
0.002738
0.002894
0.002775
0.002705
0.002440
0.002285
0.003167
0.003196
0.002120
0.002862
0.002865
0.003225
0.003125
0.002985
0.002276
0.003243
0.003094
0.003311
0.002347
0.002091
0.002710
0.003111
0.002705
0.002766
0.003133
0.003131
0.002774
0.002452
0.003046
0.002960
0.002125
0.002449
0.002820
0.002427
0.003095
0.002253
0.002920
0.002721
0.002956
0.002671
0.002292
0.004367
0.002674
0.002163
0.002961
0.002994
0.002643
0.002343
0.002338
0.002240
0.002430
0.002482
0.002968
0.002527
0.002390
0.002195
0.002813
0.002434
0.002741
0.002598
0.002538
0.002416
0.002180
0.002697
0.002200
0.002301
0.002683
0.002143
0.002612
0.002983
0.002567
0.002345
0.002419
0.002348
0.002594
0.002388
0.003233
0.002785
0.002767
0.002327
0.002443
0.002128
0.002312
0.002998
0.002518
0.002704
0.003760
0.003075
0.002583
0.002765
0.002245
0.002476
0.002355
0.002244
0.002772
0.002679
0.002725
0.002501
0.002152
0.002649
0.002791
0.003406
0.002770
0.002979
0.002798
0.002978
0.002139
0.002840
0.002681
0.002860
0.002473
0.002565
0.002165
0.002509
0.002266
0.002944
0.002594
0.002874
0.002497
0.002523
0.002560
0.002998
0.002742
0.002492
0.003087
0.002517
0.003193
0.002808
0.002574
0.002205
0.002930
0.002685
0.003171
0.002844
0.003037
0.002160
0.002549
0.002984
0.003155
0.002354
0.002317
0.002804
0.002795
0.002340
0.003484
0.002670
0.002810
0.001782
0.002192
0.002402
0.002228
0.003146
0.002489
0.002223
0.003112
0.003765
0.002741
0.002870
0.002166
0.002263
0.002475
0.002111
0.002152
0.002617
0.002481
0.003069
0.003303
0.002285
0.003446
0.002272
0.002715
0.002506
0.003364
0.002236
0.002577
0.002135
0.002629
0.003053
0.001903
0.002828
0.002187
0.002285
0.002751
0.002059
0.002775
0.002546
0.002151
0.002292
0.002524
0.002823
0.002229
0.003642
0.002325
0.002835
0.002539
0.002866
0.002227
0.003188
0.003078
0.002763
0.002574
0.003130
0.002517
0.002583
0.002191
0.002778
0.003083
0.002570
0.002548
