0.002546
0.001930
0.002108
0.001648
0.002868
0.002592
0.002411
0.002633
0.003150
0.003236
0.002946
0.002033
0.002339
0.002443
0.003186
0.002889
0.001449
0.001432
0.001412
0.001501
0.001353
0.001179
0.001664
0.001351
0.001336
0.001216
0.001816
0.001497
0.001724
0.001450
0.001872
0.001441
0.001266
0.001302
0.001355
0.001753
0.003017
0.002852
0.001518
0.002678
0.003093
0.002741
0.003311
0.002922
0.002745
0.003035
0.002679
0.002992
0.002422
0.002649
0.003043
0.002403
0.002891
0.002511
0.002539
0.002972
0.003374
0.002716
0.002280
0.002542
0.002605
0.002489
0.001962
0.003016
0.002005
0.002658
0.002362
0.002349
0.002258
0.002387
0.002705
0.002280
0.002649
0.001978
0.002371
0.001715
0.002466
0.002939
0.002883
0.002542
0.003305
0.002972
0.002541
0.003025
0.002502
0.003023
0.002363
0.003036
0.003184
0.002818
0.002853
0.003087
0.003023
0.003042
0.002339
0.002498
0.002643
0.002718
0.002772
0.002576
0.002758
0.002287
0.002035
0.002612
0.003046
0.002614
0.002982
0.002466
0.002200
0.002375
0.003372
0.002197
0.003149
0.002979
0.002640
0.002479
0.002470
0.002522
0.002588
0.002913
0.002990
0.002355
0.003078
0.002922
0.002293
0.002804
0.002315
0.002388
0.002962
0.003027
0.002868
0.003105
0.003039
0.002679
0.002857
0.002514
0.002924
0.002614
0.002916
0.002982
0.002191
0.002893
0.003008
0.002825
0.002055
0.002466
0.003302
0.002589
0.002716
0.002573
0.002663
0.003179
0.002968
0.002587
0.002830
0.002337
0.002674
0.002640
0.003147
0.002933
0.002193
0.003029
0.002434
0.002200
0.002859
0.002440
0.002905
0.002534
0.003100
0.002880
0.002310
0.002108
0.003075
0.002404
0.003154
0.002736
0.002684
0.002381
0.002892
0.002625
0.002550
0.002531
0.003299
0.002582
0.002344
0.002455
0.002852
0.002526
0.002648
0.002426
0.002654
0.002376
0.002445
0.002801
0.002380
0.002526
0.003035
0.002958
0.003277
0.002998
0.003120
0.003084
0.003491
0.003105
0.003216
0.002517
0.003019
0.002881
0.002976
0.002736
0.002516
0.002511
0.002557
0.002536
0.002463
0.002153
0.002521
0.002418
0.002567
0.002895
0.002525
0.002948
0.002578
0.002356
0.002415
0.002538
0.002700
0.002148
0.002559
0.002946
0.002523
0.003345
0.003685
0.002545
0.002489
0.003372
0.003050
0.003040
0.002983
0.003070
0.003054
0.002521
0.002474
0.002003
0.002938
0.002893
0.003173
0.002147
0.002531
0.002300
0.002712
0.003102
0.003136
0.002490
0.002760
0.002437
0.003057
0.002226
0.002541
0.002792
0.002575
0.002190
0.002915
0.002521
0.002254
0.002923
0.002074
0.002635
0.002861
0.002403
0.002998
0.002737
0.002681
0.001822
0.002225
0.003024
0.002182
0.002287
0.004140
0.003209
0.003678
0.003097
0.002749
0.002676
0.003311
0.001838
0.002030
0.003103
0.002992
0.003478
0.002640
0.002099
0.002698
0.002382
0.002378
0.002080
0.002591
0.002638
0.002990
0.002050
0.002733
0.002246
0.003037
0.002631
0.002537
0.002560
0.003000
0.002758
0.003026
0.002329
0.002681
0.002599
0.002574
0.003098
0.002456
0.002677
0.001545
0.002486
0.002567
0.002861
0.003191
0.002203
0.001923
0.002974
0.003060
0.002669
0.003047
0.001881
0.003038
0.003079
0.002109
0.003098
0.003007
0.002236
0.003032
0.002543
0.003844
0.002957
0.001946
0.002486
0.002348
0.002776
0.003064
0.002510
0.002346
0.002306
0.002391
0.002986
0.002842
0.002191
0.002931
0.002481
0.002475
0.002451
0.002510
0.002679
0.002180
0.002018
0.002626
0.002399
0.002426
0.002491
0.002548
0.002085
0.002603
0.002524
0.002467
0.002068
0.002559
0.002635
0.003448
0.002520
0.002808
0.002826
0.002120
0.002209
0.002327
0.002424
0.002398
0.002370
0.003001
0.003285
0.002290
0.002823
0.002297
0.002139
0.002496
0.002623
0.002069
0.002705
0.002585
0.002489
0.002484
0.002816
0.002917
0.003019
0.002252
0.002511
0.002772
0.002207
0.002645
0.002242
0.002880
0.002506
0.002558
0.003083
0.003189
0.002032
0.002528
0.002757
0.002535
0.002464
0.002410
0.002109
0.002487
0.002181
0.002126
0.002440
0.002237
0.002980
0.002801
0.002773
0.002352
0.002663
0.002357
0.002440
0.003242
0.002397
0.002966
0.002966
0.002792
0.002900
0.002072
0.002982
0.002934
0.002492
0.002705
0.001986
0.003085
0.002243
0.002599
0.002408
0.002351
0.002392
0.003281
0.002136
0.002498
0.002787
0.002528
0.002383
0.002541
0.002377
0.002839
0.002462
0.002391
0.002696
0.002080
0.002602
0.002888
0.003023
0.002622
0.002651
0.003295
0.002516
0.002593
0.002788
0.002377
0.002959
0.002607
0.002482
0.002150
0.002146
0.002263
0.003001
0.002298
0.002343
0.001592
0.002950
0.003563
0.002343
0.002942
0.002521
0.002364
0.002661
0.003035
0.002522
0.003096
0.002933
0.002516
0.002589
0.002349
0.003593
0.001491
0.002342
0.002666
0.002786
0.002809
0.002424
0.002670
0.002637
0.002886
0.003038
0.003040
0.002723
0.002587
0.002768
0.002843
0.002539
0.002690
0.001721
0.002244
0.002005
0.002962
0.002504
0.002155
0.002851
0.002549
0.002353
0.002446
0.002262
0.002928
0.002408
0.002491
0.002544
0.003023
0.002493
0.002209
0.003256
0.002383
0.002451
0.002325
0.003558
0.003040
0.003049
0.002269
0.002441
0.002644
0.002287
0.002631
0.002458
0.002708
0.003087
0.002584
0.002437
0.002856
0.002441
0.002353
0.003056
0.002590
0.001880
0.002917
0.003218
0.002640
0.002819
0.003015
0.003120
0.002905
0.002435
0.002580
0.003278
0.002541
0.003018
0.002383
0.002465
0.002971
0.002538
0.002998
0.002587
0.002156
0.002479
0.001491
0.002531
0.002537
0.002157
0.002382
0.002576
0.002281
0.001807
0.002435
0.001537
0.002189
0.002579
0.002518
0.003095
0.002609
0.003053
0.003050
0.002877
0.002403
0.002490
0.002913
0.002454
0.002896
0.003134
0.002041
0.003095
0.002660
0.002357
0.003062
0.002399
0.002609
0.003131
0.002433
0.003413
0.002243
0.002553
0.002535
0.002790
0.002206
0.002408
0.002259
0.002458
0.002935
0.002253
0.002327
0.003058
0.002886
0.002174
0.003415
0.002581
0.003019
0.003182
0.002679
0.002843
0.002473
0.002452
0.002606
0.003015
0.003267
0.002626
0.002154
0.002320
0.002284
0.002811
0.002025
0.002483
0.003020
0.003119
0.003548
0.002483
0.002825
0.002048
0.002537
0.002501
0.002455
0.002400
0.002420
0.002430
0.002563
0.002664
0.002583
0.002326
0.002127
0.002921
0.002333
0.003631
0.002839
0.002449
0.002037
0.003120
0.002466
0.002496
0.002479
0.002331
0.002512
0.002647
0.002847
0.001331
0.002377
0.002851
0.001959
0.003053
0.003093
0.002876
0.003106
0.002381
0.002198
0.002053
0.002639
0.002621
0.002650
0.002354
0.002562
0.003075
0.002182
0.002644
0.003138
0.002572
0.002358
0.002421
0.002249
0.002841
0.002619
0.002915
0.002844
0.002473
0.002881
0.001468
0.002433
0.003417
0.002560
0.002022
0.002490
0.002440
0.002662
0.002557
0.002974
0.002961
0.002586
0.002752
0.002861
0.002538
0.003233
0.002277
0.002992
0.002204
0.002508
0.002632
0.002922
0.002740
0.003009
0.002330
0.002301
0.002452
0.002621
0.002413
0.003140
0.002636
0.002685
0.002182
0.002905
0.002619
0.002936
0.002573
0.002330
0.002044
0.003015
0.003067
0.001997
0.003123
0.002679
0.002965
0.002981
0.002906
0.003011
0.003096
0.002885
0.001844
0.002612
0.002460
0.002373
0.003006
0.002466
0.002151
0.002952
0.002780
0.002865
0.002365
0.002516
0.002364
0.003086
0.002527
0.002900
0.002663
0.002517
0.001951
0.002413
0.002489
0.002228
0.002246
0.002657
0.002282
0.002746
0.002727
0.002642
0.003016
0.001681
0.002772
0.002944
0.002228
0.002710
0.002552
0.002397
0.002480
0.003790
0.002694
0.002789
0.002998
0.002338
0.002511
0.002967
0.002630
0.002399
0.002857
0.002167
0.002448
0.003062
0.002467
0.002509
0.002948
0.002026
0.002645
0.002231
0.002824
0.002523
0.002685
0.003159
0.002908
0.002569
0.002821
0.002614
0.003311
0.003025
0.003165
0.002086
0.002587
0.003032
0.002543
0.002925
0.002835
0.003035
0.003406
0.002627
0.002420
0.002563
0.002985
0.002462
0.003214
0.002713
0.002481
0.002525
0.002347
0.002399
0.003030
0.002446
0.003069
0.002415
0.002379
0.002394
0.002243
0.002887
0.002100
0.003057
0.002761
0.002920
0.002598
0.002607
0.002525
0.002438
0.002660
0.002478
0.002280
0.002483
0.002519
0.002469
0.002495
0.002436
0.002944
0.002417
0.002977
0.002319
0.002438
0.002519
0.003017
0.002973
0.002601
0.003052
0.003073
0.002610
0.003065
0.002558
0.003230
0.001603
0.002570
0.003038
0.003059
0.003041
0.002912
0.002992
0.002019
0.002416
0.002340
0.003041
0.002502
0.002773
0.003081
0.002325
0.002655
0.002333
0.003165
0.003273
0.002098
0.002562
0.002595
0.002667
0.002767
0.002561
0.002419
0.003006
0.003130
0.002460
0.002292
0.003078
0.002711
0.002993
0.002495
0.002802
0.002367
0.002088
0.002069
0.002782
0.002699
0.002633
0.002414
0.002906
0.002495
0.002768
0.002575
0.002630
0.002898
0.002070
0.002212
0.002563
0.002469
0.002728
0.002623
0.003064
0.002246
0.002942
0.002684
0.002021
0.002490
0.002256
0.002485
0.002255
0.003003
0.003044
0.002857
0.003040
0.002895
0.002552
0.002751
0.002986
0.002374
0.002470
0.002918
0.002569
0.002390
0.002484
0.002931
0.002498
0.003460
0.002337
0.002440
0.002841
0.002394
0.002455
0.002137
0.003096
0.002553
0.002517
0.002642
0.002484
0.003439
0.003021
0.003019
0.002493
0.002257
0.002903
0.002835
0.003314
0.002583
0.003045
0.003036
0.002631
0.002484
0.002125
0.002275
0.002644
0.002291
0.002879
0.002302
0.002104
0.002266
0.002566
0.002906
0.002156
0.002459
0.001985
0.002310
0.002867
0.002499
0.002128
0.002606
0.003033
0.002983
0.003143
0.003234
0.001967
0.002573
