0.004378
0.002838
0.003813
0.003650
0.001838
0.002177
0.002230
0.003556
0.002421
0.003907
0.001847
0.002312
0.003779
0.002574
0.004093
0.004775
0.003738
0.002663
0.003855
0.002624
0.002674
0.003127
0.004376
0.004770
0.003302
0.002283
0.004275
0.002949
0.002517
0.003630
0.003130
0.002737
0.003738
0.001648
0.003335
0.002677
0.001768
0.002431
0.004734
0.002354
0.002048
0.000392
0.002762
0.002613
0.003615
0.003202
0.000878
0.001711
0.000418
0.002414
0.003398
0.004162
0.004552
0.000587
0.002204
0.002179
0.002495
0.000599
0.002191
0.002397
0.002090
0.003850
0.003481
0.002929
0.004543
0.002759
0.002859
0.002015
0.003191
0.001419
0.003782
0.002421
0.002363
0.002815
0.002767
0.002093
0.003099
0.003551
0.004777
0.002963
0.003971
0.004022
0.002555
0.002350
0.003243
0.003145
0.001144
0.003866
0.003764
0.002389
0.000466
0.004056
0.003125
0.003315
0.001308
0.002538
0.003220
0.003207
0.001895
0.002759
0.003352
0.000482
0.002406
0.004476
0.002784
0.003565
0.002187
0.004818
0.003588
0.002436
0.003358
0.003439
0.003198
0.001597
0.003460
0.000644
0.001558
0.002773
0.002485
0.000446
0.002341
0.002171
0.004181
0.003582
0.006413
0.004155
0.003153
0.002504
0.003577
0.002781
0.003168
0.002374
0.000730
0.002615
0.003496
0.002650
0.002025
0.001478
0.003275
0.003599
0.002125
0.003035
0.003778
0.002591
0.003501
0.003560
0.000807
0.002470
0.002476
0.004148
0.000395
0.002236
0.003151
0.004073
0.002764
0.003416
0.000532
0.001752
0.005354
0.004171
0.004214
0.004287
0.003836
0.001790
0.001222
0.004204
0.005103
0.001794
0.002656
0.002771
0.001331
0.003496
0.003427
0.003443
0.004273
0.002819
0.001925
0.001869
0.004369
0.003525
0.001249
0.003395
0.003404
0.004852
0.003442
0.004504
0.003593
0.003592
0.002265
0.003045
0.003214
0.004890
0.002308
0.001479
0.003103
0.001688
0.003474
0.000465
0.002604
0.003860
0.003103
0.000620
0.003615
0.002651
0.001735
0.003380
0.006060
0.002787
0.002458
0.003475
0.004399
0.002596
0.000474
0.002099
0.001472
0.000502
0.001885
0.002430
0.001630
0.000573
0.004370
0.003064
0.001996
0.002522
0.003573
0.004401
0.000375
0.001669
0.000508
0.001736
0.002775
0.002772
0.000579
0.003585
0.003870
0.003228
0.002480
0.002256
0.003622
0.002921
0.002557
0.000828
0.002837
0.003941
0.004050
0.003742
0.003201
0.003023
0.003099
0.000472
0.001886
0.002438
0.002320
0.003002
0.002038
0.002110
0.002149
0.002848
0.002391
0.000696
0.001820
0.003003
0.000406
0.003335
0.002589
0.002228
0.001047
0.001532
0.002975
0.003306
0.002917
0.004365
0.000846
0.001748
0.002896
0.002312
0.001212
0.003176
0.002418
0.002747
0.002374
0.003803
0.002244
0.000563
0.001539
0.003308
0.001822
0.000837
0.003677
0.000916
0.000498
0.002855
0.002303
0.003114
0.003173
0.003537
0.001829
0.001028
0.001814
0.000456
0.001506
0.004117
0.003209
0.001995
0.001863
0.001647
0.000882
0.000503
0.002251
0.002673
0.004729
0.002871
0.002475
0.003987
0.006463
0.003911
0.004582
0.003763
0.001977
0.002934
0.004012
0.004243
0.003218
0.003049
0.003957
0.004581
0.000567
0.002982
0.003514
0.002087
0.003642
0.001634
0.001934
0.002979
0.002984
0.002874
0.002115
0.002990
0.002657
0.000500
0.002427
0.001775
0.003140
0.000533
0.002167
0.002618
0.000364
0.002730
0.002410
0.001775
0.002304
0.003185
0.001612
0.001807
0.000508
0.002182
0.001740
0.004283
0.005744
0.003103
0.002989
0.002939
0.003801
0.001837
0.000407
0.002313
0.003862
0.003648
0.003501
0.000911
0.001979
0.004588
0.002986
0.002292
0.000369
0.002071
0.003893
0.003763
0.000957
0.001724
0.001038
0.002180
0.003244
0.003070
0.003100
0.003680
0.003123
0.003903
0.004092
0.000579
0.002059
0.000913
0.004646
0.000531
0.002670
0.000655
0.002113
0.002757
0.004893
0.000877
0.001574
0.003359
0.003045
0.002514
0.002826
0.003370
0.002829
0.002869
0.002244
0.003092
0.003467
0.000477
0.002496
0.003461
0.000895
0.001602
0.003166
0.003525
0.001567
0.002519
0.002532
0.000726
0.002112
0.003254
0.001982
0.003521
0.003794
0.000490
0.002438
0.001942
0.002970
0.004279
0.004731
0.002697
0.002454
0.004900
0.003480
0.002251
0.002434
0.001935
0.002884
0.000410
0.001634
0.004250
0.004459
0.002561
0.003645
0.002340
0.003566
0.003337
0.002452
0.003045
0.003740
0.001548
0.002950
0.004003
0.003109
0.003367
0.003607
0.001628
0.003592
0.003105
0.000461
0.002801
0.002733
0.003873
0.003026
0.002772
0.002756
0.004229
0.003227
0.003035
0.000533
0.002513
0.001545
0.002301
0.002856
0.002077
0.002561
0.003076
0.003362
0.002632
0.003262
0.002025
0.000404
0.003108
0.002179
0.003233
0.002910
0.004499
0.004392
0.001585
0.003151
0.003568
0.000608
0.001442
0.003602
0.002283
0.002871
0.002286
0.003155
0.003366
0.000661
0.004117
0.001029
0.000354
0.001171
0.000408
0.001155
0.002405
0.003511
0.004776
0.000531
0.002327
0.002199
0.005185
0.003462
0.003202
0.003390
0.001466
0.003763
0.002499
0.004041
0.004714
0.004658
0.003082
0.000916
0.001465
0.000735
0.003058
0.001969
0.000395
0.002223
0.003758
0.003441
0.003127
0.002802
0.002305
0.002486
0.002893
0.004143
0.005143
0.000810
0.002593
0.003145
0.000475
0.002895
0.002523
0.003866
0.003108
0.000743
0.002685
0.002866
0.005017
0.003776
0.000464
0.001343
0.005428
0.003515
0.003502
0.003693
0.004190
0.003800
0.004434
0.004363
0.002528
0.002618
0.002223
0.003805
0.003670
0.002706
0.001945
0.003374
0.001212
0.002584
0.001988
0.003183
0.002001
0.003081
0.000668
0.002759
0.004232
0.003582
0.002886
0.003486
0.002299
0.001530
0.002114
0.003360
0.001686
0.003374
0.003578
0.002987
0.002589
0.000867
0.002198
0.003033
0.002094
0.004237
0.002778
0.006396
0.002923
0.002919
0.001548
0.002228
0.001129
0.004528
0.003616
0.002665
0.004666
0.003235
0.003704
0.001944
0.003061
0.002085
0.002272
0.000449
0.001982
0.001844
0.001131
0.002396
0.003598
0.004345
0.001965
0.004915
0.003550
0.003161
0.004681
0.001557
0.004601
0.002495
0.003720
0.002501
0.002704
0.000587
0.002896
0.002242
0.004379
0.003229
0.003547
0.000654
0.002009
0.003465
0.002674
0.000472
0.002474
0.002413
0.003217
0.000544
0.002384
0.002007
0.004711
0.001704
0.002292
0.000913
0.002622
0.001331
0.000856
0.002383
0.001971
0.001339
0.000450
0.000480
0.001203
0.000377
0.002485
0.001811
0.002579
0.003691
0.000732
0.002125
0.000399
0.002203
0.003468
0.003776
0.004141
0.001814
0.004226
0.001736
0.003203
0.002207
0.002291
0.002846
0.002997
0.002712
0.000921
0.002040
0.002332
0.003099
0.003437
0.003683
0.003694
0.002538
0.003505
0.001808
0.003542
0.003703
0.004343
0.003652
0.004221
0.003177
0.000933
0.002491
0.003652
0.003520
0.002754
0.004068
0.002291
0.003452
0.002847
0.004297
0.001972
0.002251
0.001508
0.002778
0.003086
0.003977
0.000681
0.002092
0.002289
0.003454
0.002832
0.002736
0.001832
0.002625
0.002386
0.000703
0.003217
0.002346
0.001768
0.002378
0.000909
0.001942
0.002286
0.003029
0.002894
0.004026
0.001808
0.003231
0.002780
0.003317
0.001135
0.003334
0.004938
0.003042
0.003229
0.000557
0.002080
0.000777
0.002729
0.002114
0.002103
0.001792
0.002358
0.003562
0.001904
0.002224
0.000457
0.001689
0.000661
0.002451
0.000622
0.002496
0.003832
0.003118
0.003709
0.000903
0.001709
0.002606
0.003119
0.003345
0.002706
0.003231
0.003258
0.002858
0.003458
0.002447
0.003699
0.002469
0.002921
0.002807
0.002928
0.003055
0.002580
0.003137
0.002946
0.003438
0.000452
0.003006
0.004588
0.002357
0.002452
0.003253
0.001445
0.003753
0.004101
0.002150
0.002069
0.003915
0.003437
0.002258
0.003435
0.000890
0.002478
0.002974
0.003719
0.000737
0.004466
0.000375
0.002584
0.003207
0.003648
0.002278
0.004454
0.003500
0.002712
0.003589
0.002749
0.003464
0.002929
0.003596
0.002070
0.002751
0.002255
0.000370
0.001992
0.001674
0.001585
0.003158
0.002429
0.003024
0.002132
0.003383
0.002754
0.002761
0.003332
0.003611
0.003440
0.003496
0.004474
0.003761
0.002827
0.002285
0.003637
0.003190
0.002320
0.000456
0.002760
0.001006
0.002470
0.004401
0.004202
0.003393
0.005203
0.002364
0.003392
0.004693
0.003184
0.001832
0.001760
0.002524
0.002028
0.000425
0.000576
0.004543
0.004616
0.002322
0.002417
0.003955
0.005630
0.003371
0.005194
0.002734
0.000469
0.002827
0.002652
0.003808
0.001776
0.001583
0.001920
0.002997
0.002733
0.004641
0.000661
0.002448
0.004519
0.002102
0.001592
0.002083
0.002773
0.004105
0.004841
0.003887
0.001907
0.003441
0.003305
0.002893
0.003951
0.003081
0.003363
0.003953
0.003812
0.004281
0.002521
0.001647
0.003004
0.000398
0.001790
0.003528
0.004000
0.003039
0.004616
0.002689
0.002173
0.003262
0.002735
0.000769
0.000438
0.002667
0.002830
0.002905
0.001860
0.004490
0.001373
0.002136
0.000424
0.002499
0.003183
0.003791
0.003405
0.003944
0.003738
0.003732
0.002584
0.002041
0.000882
0.002022
0.003008
0.004238
0.002840
0.002856
0.000479
0.002300
0.003592
0.002868
0.002519
0.002483
0.000472
0.001679
0.000545
0.002298
0.002920
0.003256
0.003875
0.002798
0.003525
0.001793
0.000824
0.002577
0.003430
0.001602
0.003707
0.002717
0.001028
0.001804
0.002182
0.004308
0.002652
0.002972
0.002732
0.003984
0.002693
0.000533
0.002155
0.004173
0.002925
0.003883
0.001600
0.004330
0.002954
0.000640
0.002302
0.002813
0.002505
0.002360
0.002060
0.003090
0.000893
0.002919
0.003624
0.003878
0.003631
0.003155
0.003026
0.003739
0.002932
0.004312
0.003221
0.000949
0.002734
