0.000558
0.000578
0.001806
0.001734
0.000570
0.000591
0.000540
0.001433
0.000569
0.000545
0.000549
0.000585
0.000574
0.000860
0.000562
0.000584
0.003639
0.000614
0.000597
0.000599
0.000551
0.000576
0.000576
0.000603
0.000536
0.000532
0.000570
0.000554
0.000567
0.000572
0.000577
0.000592
0.001344
0.000547
0.000564
0.001635
0.000587
0.000575
0.000574
0.000543
0.000582
0.000614
0.000595
0.000604
0.000544
0.001018
0.000578
0.000539
0.000590
0.000541
0.000734
0.002397
0.000602
0.000591
0.001696
0.000704
0.000581
0.000575
0.000565
0.000585
0.000585
0.000577
0.000630
0.000569
0.000583
0.000610
0.000529
0.000554
0.000573
0.000550
0.003975
0.000577
0.000653
0.000554
0.000578
0.000573
0.000568
0.000534
0.000584
0.002092
0.000580
0.000562
0.000607
0.000578
0.000568
0.000603
0.000548
0.000600
0.000542
0.000616
0.000576
0.000589
0.000641
0.000618
0.002864
0.000617
0.000610
0.001579
0.000543
0.000624
0.000560
0.001500
0.000538
0.001365
0.001018
0.000564
0.000581
0.000603
0.002553
0.000602
0.000583
0.000543
0.000565
0.000558
0.001629
0.000536
0.000598
0.000921
0.002378
0.000549
0.000547
0.001704
0.000600
0.000550
0.000557
0.000580
0.000604
0.001742
0.001993
0.000548
0.000565
0.000560
0.000574
0.000572
0.001435
0.002485
0.000561
0.000573
0.000588
0.000563
0.002685
0.000580
0.000558
0.000586
0.000588
0.000561
0.000569
0.000559
0.000605
0.000611
0.000587
0.000563
0.001827
0.001766
0.000549
0.000577
0.002061
0.000594
0.000541
0.000610
0.001217
0.000631
0.000621
0.000549
0.000646
0.000546
0.000568
0.000584
0.000611
0.000586
0.000538
0.000614
0.000618
0.000571
0.000545
0.001071
0.001010
0.000585
0.000571
0.001961
0.000583
0.000563
0.001078
0.000560
0.000546
0.000555
0.000550
0.000538
0.000560
0.000594
0.000556
0.001045
0.000628
0.000629
0.000567
0.002127
0.000637
0.001688
0.001843
0.000613
0.000622
0.000536
0.000575
0.000560
0.000577
0.001890
0.000564
0.000568
0.002646
0.000702
0.000571
0.002025
0.000596
0.000548
0.000538
0.000915
0.000609
0.000624
0.000556
0.000575
0.000587
0.000535
0.000623
0.001838
0.000629
0.000586
0.000538
0.000574
0.001678
0.000924
0.003209
0.000569
0.000588
0.001901
0.000574
0.000546
0.000552
0.000569
0.000557
0.001292
0.000668
0.000632
0.000575
0.001549
0.000545
0.000540
0.000538
0.000572
0.000620
0.001753
0.000549
0.000562
0.000541
0.001158
0.000844
0.001293
0.000535
0.000541
0.000572
0.000522
0.000546
0.000612
0.001329
0.000583
0.000570
0.000563
0.002026
0.000599
0.000572
0.000580
0.000592
0.000546
0.001627
0.000550
0.000577
0.000560
0.000636
0.000591
0.000816
0.001564
0.000536
0.000586
0.000550
0.000614
0.000545
0.001123
0.000538
0.001712
0.000629
0.000601
0.000589
0.000567
0.000657
0.000559
0.000589
0.000549
0.001186
0.000596
0.001255
0.001089
0.000539
0.001511
0.001464
0.000617
0.002987
0.000791
0.000583
0.001385
0.000585
0.000528
0.000588
0.000604
0.000584
0.000667
0.001689
0.001750
0.000534
0.000944
0.000611
0.000583
0.000577
0.000568
0.000559
0.000627
0.000579
0.000678
0.001320
0.000619
0.000635
0.002639
0.000577
0.000580
0.000560
0.001931
0.001992
0.002214
0.001996
0.000540
0.000544
0.000599
0.000635
0.000534
0.000602
0.000572
0.000566
0.000568
0.000621
0.000574
0.000570
0.000587
0.001444
0.000576
0.000564
0.003866
0.001115
0.000598
0.000579
0.000608
0.000635
0.000583
0.000592
0.001208
0.000601
0.000594
0.001862
0.000555
0.000541
0.001365
0.000569
0.000543
0.000589
0.001204
0.000594
0.000567
0.000614
0.000564
0.000577
0.000553
0.000596
0.000556
0.001120
0.000554
0.002264
0.000550
0.000609
0.000553
0.004502
0.000575
0.000544
0.000614
0.000567
0.000585
0.001038
0.000649
0.000552
0.000539
0.000543
0.000570
0.000617
0.000602
0.000662
0.000575
0.000562
0.001366
0.000610
0.000547
0.000586
0.000649
0.000657
0.000577
0.000622
0.000587
0.000607
0.000578
0.003680
0.000588
0.000599
0.001945
0.000629
0.000595
0.000572
0.001313
0.000544
0.000563
0.000579
0.000629
0.000530
0.001637
0.001639
0.000574
0.000595
0.000560
0.000713
0.000602
0.000546
0.001062
0.000595
0.000585
0.000564
0.000587
0.000619
0.001050
0.000634
0.000593
0.000533
0.000635
0.000575
0.001691
0.000536
0.000562
0.000575
0.000594
0.000570
0.000644
0.002833
0.000551
0.000552
0.000556
0.000590
0.000595
0.000542
0.000551
0.000544
0.000567
0.000636
0.000537
0.000593
0.000602
0.001755
0.000568
0.000563
0.000572
0.001253
0.000584
0.000547
0.000597
0.000611
0.000595
0.000535
0.000588
0.000588
0.000556
0.000603
0.002098
0.000619
0.000568
0.000598
0.001009
0.000562
0.000542
0.000632
0.000551
0.000589
0.001543
0.000554
0.000596
0.001482
0.001795
0.000592
0.000589
0.000571
0.000542
0.000569
0.000534
0.000577
0.000570
0.000567
0.000781
0.002663
0.000584
0.000594
0.001949
0.000532
0.000593
0.000656
0.001610
0.000596
0.000603
0.000569
0.000540
0.000552
0.000549
0.000575
0.000593
0.002293
0.000536
0.000556
0.001129
0.000628
0.000593
0.000548
0.000574
0.000538
0.001103
0.002228
0.000905
0.002465
0.000551
0.000576
0.000556
0.000566
0.001902
0.000575
0.000587
0.000963
0.000592
0.000595
0.002792
0.000531
0.000584
0.000650
0.000572
0.000539
0.000550
0.000596
0.000611
0.000586
0.000588
0.000571
0.000577
0.000575
0.001685
0.000582
0.000574
0.000751
0.000574
0.000718
0.000643
0.002716
0.000597
0.000952
0.001694
0.000571
0.000535
0.001611
0.000562
0.000668
0.001756
0.001961
0.000896
0.000540
0.000538
0.001182
0.000587
0.000642
0.000537
0.002480
0.000842
0.000535
0.000590
0.000570
0.000550
0.000580
0.000589
0.002445
0.000612
0.000599
0.000548
0.001203
0.001984
0.000558
0.000642
0.000571
0.000585
0.002079
0.000572
0.001776
0.000550
0.000647
0.000619
0.000569
0.000564
0.000946
0.000564
0.000561
0.000597
0.000570
0.000672
0.000730
0.000587
0.000530
0.000566
0.002277
0.000604
0.000591
0.004216
0.000586
0.000733
0.000604
0.000644
0.001611
0.003498
0.000546
0.000580
0.000563
0.000606
0.000584
0.000553
0.001008
0.000767
0.001544
0.000546
0.000543
0.000615
0.000559
0.004871
0.000626
0.000628
0.000562
0.000621
0.000621
0.000562
0.001378
0.002023
0.000539
0.000611
0.000551
0.000560
0.000585
0.000655
0.000557
0.002007
0.001022
0.000591
0.000590
0.001542
0.000934
0.001654
0.000574
0.000587
0.000553
0.000570
0.001557
0.000598
0.000588
0.000610
0.000538
0.000588
0.001310
0.000605
0.000611
0.000549
0.000574
0.003096
0.003467
0.000654
0.000619
0.004310
0.000576
0.000568
0.002860
0.000574
0.000568
0.000582
0.000546
0.001893
0.000563
0.000545
0.003572
0.000697
0.000540
0.000593
0.000590
0.000569
0.001006
0.000588
0.000563
0.000574
0.000726
0.000531
0.001349
0.000566
0.000553
0.000623
0.000594
0.001365
0.001573
0.000541
0.002000
0.003312
0.001670
0.000602
0.000533
0.000595
0.000597
0.000594
0.000590
0.000581
0.000664
0.000591
0.000549
0.000544
0.000533
0.002127
0.001525
0.000535
0.000631
0.000722
0.001730
0.000567
0.000535
0.000539
0.001024
0.000643
0.000544
0.001056
0.001325
0.002300
0.000628
0.000607
0.000576
0.000562
0.000534
0.000549
0.000571
0.000557
0.000574
0.000575
0.000556
0.000970
0.000626
0.000567
0.001734
0.000600
0.000537
0.000574
0.000598
0.000572
0.000559
0.000955
0.001719
0.000549
0.002402
0.000556
0.000597
0.002227
0.000561
0.000567
0.000572
0.000553
0.000594
0.000904
0.000576
0.000610
0.002968
0.000592
0.000598
0.000546
0.000552
0.000560
0.000594
0.000544
0.000541
0.000540
0.000568
0.000565
0.000569
0.000572
0.002910
0.000572
0.000547
0.000624
0.000569
0.000572
0.000975
0.000576
0.000596
0.000595
0.000532
0.000595
0.000611
0.000574
0.000610
0.000572
0.000544
0.000570
0.001027
0.000554
0.000574
0.000556
0.000552
0.000629
0.000566
0.000593
0.000566
0.000578
0.000576
0.000605
0.000918
0.000601
0.000537
0.000623
0.000645
0.000543
0.000544
0.000592
0.000593
0.000538
0.000541
0.000569
0.000594
0.001180
0.000542
0.000549
0.000595
0.000555
0.000627
0.000559
0.000536
0.000583
0.001583
0.000571
0.000586
0.000573
0.000604
0.000559
0.001031
0.000670
0.000539
0.000569
0.000541
0.003352
0.000570
0.000529
0.000582
0.000679
0.000545
0.000571
0.000608
0.000591
0.000563
0.000547
0.001105
0.000610
0.000591
0.000594
0.000584
0.000537
0.000536
0.000571
0.003363
0.000547
0.000582
0.000552
0.000539
0.000560
0.000592
0.000581
0.000577
0.000578
0.000542
0.000571
0.000585
0.000580
0.000545
0.000984
0.002877
0.001401
0.000558
0.000600
0.000699
0.000607
0.000552
0.001846
0.000573
0.001607
0.001226
0.000536
0.000578
0.003517
0.000636
0.000604
0.000555
0.000544
0.000578
0.000951
0.000595
0.000567
0.000957
0.000569
0.000624
0.000628
0.000583
0.001588
0.000564
0.001135
0.000902
0.000571
0.003623
0.000581
0.000596
0.004125
0.000562
0.001100
0.000577
0.001696
0.000612
0.000606
0.000626
0.000573
0.000607
0.000601
0.001686
0.000589
0.000634
0.000543
0.000595
0.002577
0.001337
0.000539
0.000612
0.000589
0.000576
0.001865
0.000570
0.000970
0.002096
0.000556
0.000542
0.004748
0.000569
0.000553
0.000537
0.000732
0.000559
0.000534
0.002265
0.000572
0.000565
0.000581
0.000958
0.001943
0.001759
0.000576
0.000570
0.000935
0.001248
0.000635
0.002887
0.000547
0.002372
0.000570
0.000580
0.000559
0.000569
0.000536
0.002258
0.000585
0.000570
0.000587
0.000562
0.000623
0.000570
0.000585
0.000548
0.000557
0.000535
0.000564
0.001621
0.000615
