0.000588
0.000778
0.000939
0.000618
0.000804
0.000823
0.000727
0.001060
0.000897
0.001360
0.001675
0.001754
0.000566
0.001890
0.004952
0.000592
0.000814
0.001847
0.001043
0.000935
0.000632
0.000792
0.000529
0.001160
0.001117
0.000544
0.001964
0.000732
0.001975
0.000822
0.000701
0.000856
0.000715
0.000634
0.001213
0.001063
0.000911
0.000933
0.000700
0.001081
0.001549
0.001026
0.000788
0.000967
0.000518
0.001135
0.000657
0.000617
0.000932
0.000660
0.002261
0.000808
0.000775
0.002035
0.003227
0.000570
0.001758
0.001940
0.002994
0.000577
0.000751
0.000554
0.000821
0.000588
0.002657
0.001010
0.002165
0.000573
0.000981
0.001374
0.000636
0.000840
0.003310
0.003151
0.000551
0.001113
0.000964
0.003589
0.000821
0.001578
0.000589
0.003034
0.001252
0.000694
0.001113
0.001156
0.000672
0.000924
0.001879
0.000813
0.001283
0.000539
0.000721
0.000728
0.002282
0.000592
0.003181
0.004503
0.000844
0.000599
