0.000552
0.001718
0.001976
0.000960
0.000560
0.001123
0.001701
0.001760
0.000582
0.000568
0.000844
0.000589
0.000582
0.000592
0.001721
0.000748
0.001651
0.000608
0.001122
0.002007
0.002611
0.000603
0.002168
0.002515
0.000572
0.001003
0.001651
0.000577
0.000602
0.001791
0.000621
0.000620
0.000920
0.000917
0.000579
0.000552
0.001989
0.000599
0.001800
0.000703
0.000572
0.001661
0.001520
0.000564
0.000552
0.000912
0.000548
0.000546
0.001051
0.000606
0.000576
0.000594
0.001261
0.000751
0.000973
0.001010
0.000563
0.000583
0.002208
0.000584
0.000551
0.000954
0.000548
0.001888
0.000578
0.001558
0.000805
0.000579
0.000655
0.002158
0.000614
0.000568
0.001195
0.000572
0.002612
0.000567
0.000564
0.000547
0.001863
0.000603
0.001944
0.000988
0.000542
0.000693
0.000539
0.000558
0.000561
0.002400
0.000570
0.000549
0.000638
0.001881
0.000562
0.001517
0.000571
0.002031
0.001716
0.001770
0.000552
0.001226
0.000684
0.002054
0.000593
0.000552
0.000547
0.000603
0.001638
0.000629
0.001404
0.000540
0.002249
0.001138
0.000562
0.000544
0.001426
0.000577
0.001023
0.000802
0.000599
0.000983
0.000582
0.000844
0.000623
0.000588
0.001783
0.000969
0.000584
0.002117
0.000540
0.000539
0.000639
0.001729
0.001338
0.001875
0.000545
0.001344
0.000656
0.000600
0.000538
0.002229
0.000603
0.000958
0.002334
0.000797
0.000579
0.001602
0.000581
0.000557
0.002871
0.000620
0.000983
0.000850
0.001982
0.000679
0.000634
0.000849
0.000604
0.000666
0.001644
0.002280
0.000590
0.002528
0.002115
0.000573
0.000694
0.002498
0.001684
0.000549
0.000867
0.000579
0.000551
0.001974
0.000548
0.000568
0.001359
0.001490
0.000563
0.000542
0.000848
0.000586
0.000584
0.000889
0.000616
0.000582
0.001579
0.001828
0.002125
0.000616
0.001464
0.000610
0.001081
0.000585
0.000549
0.000566
0.000635
0.000683
0.001650
0.000540
0.000561
0.000899
0.001902
0.000609
0.000583
0.000593
0.001179
0.001349
0.001447
0.000658
0.000549
0.002744
0.000552
0.000544
0.001423
0.000581
0.000561
0.001268
0.003961
0.000581
0.000542
0.000603
0.000631
0.002162
0.000587
0.000590
0.001362
0.000573
0.000545
0.001780
0.001213
0.002450
0.000560
0.000545
0.000541
0.000561
0.000565
0.000576
0.000586
0.001740
0.000579
0.000544
0.000540
0.000594
0.000594
0.001644
0.000551
0.000774
0.001303
0.000586
0.001030
0.001122
0.000587
0.000823
0.000884
0.000538
0.000574
0.002996
0.000544
0.000561
0.000884
0.000542
0.001764
0.000561
0.000579
0.000594
0.001782
0.000582
0.000600
0.002711
0.000588
0.000587
0.000937
0.000591
0.000621
0.000629
0.000544
0.000891
0.000545
0.000575
0.002214
0.000550
0.000827
0.000863
0.002584
0.000589
0.001159
0.001483
0.000571
0.001349
0.000986
0.001035
0.000544
0.002472
0.000577
0.000670
0.000699
0.001983
0.001059
0.000574
0.000582
0.000558
0.001507
0.001756
0.001270
0.000574
0.000587
0.000570
0.000680
0.000618
0.000570
0.000764
0.000719
0.000698
0.000611
0.000610
0.000944
0.000722
0.002196
0.000546
0.000584
0.001633
0.000582
0.004442
0.000576
0.000681
0.000617
0.001824
0.000555
0.000583
0.001328
0.000583
0.000601
0.000578
0.001613
0.000566
0.000586
0.000581
0.001949
0.000675
0.000596
0.000893
0.000552
0.001237
0.000578
0.000545
0.002067
0.000550
0.001608
0.001344
0.000551
0.003626
0.000617
0.000647
0.000971
0.002122
0.001080
0.001130
0.000587
0.000551
0.000685
0.000990
0.000635
0.001029
0.000565
0.001010
0.002254
0.001067
0.000577
0.002275
0.000578
0.001199
0.001656
0.000619
0.000555
0.000569
0.004690
0.000564
0.001892
0.002797
0.001758
0.000554
0.002321
0.000545
0.001053
0.000577
0.000708
0.000596
0.000548
0.001689
0.000602
0.000580
0.000751
0.000540
0.000606
0.001011
0.000550
0.000660
0.000742
0.002380
0.000581
0.000575
0.001320
0.000590
0.000546
0.000871
0.000577
0.000555
0.000612
0.000748
0.000583
0.000541
0.002193
0.000578
0.000568
0.001621
0.000576
0.000621
0.000571
0.000621
0.000639
0.000540
0.000623
0.000679
0.000569
0.001075
0.002398
0.000725
0.000851
0.002011
0.000588
0.000593
0.001464
0.000589
0.000550
0.003266
0.000600
0.000927
0.000778
0.000611
0.001349
0.002175
0.000558
0.000600
0.002190
0.001272
0.000573
0.000952
0.001995
0.000606
0.000557
0.002476
0.000638
0.000548
0.000750
0.001443
0.000582
0.001316
0.000575
0.000546
0.001027
0.001703
0.001377
0.002024
0.001634
0.000714
0.000578
0.000893
0.000744
0.002153
0.000588
0.000585
0.000804
0.000620
0.000605
0.001689
0.004558
0.000558
0.000561
0.002636
0.000606
0.001003
0.001469
0.000577
0.002295
0.001283
0.000728
0.000705
0.002024
0.000565
0.001434
0.000825
0.000578
0.000675
0.000770
0.000607
0.002269
0.002322
0.000644
0.000625
0.002307
0.000540
0.000572
0.001677
0.000560
0.000555
0.003155
0.000624
0.000591
0.000578
0.004215
0.001108
0.000576
0.002448
0.000581
0.002149
0.000580
0.000611
0.000627
0.000611
0.000591
0.001563
0.000635
0.000581
0.000578
0.000578
0.000771
0.000620
0.000677
0.000676
0.000976
0.000583
0.000577
0.002250
0.000588
0.001453
0.001935
0.000591
0.000547
0.001656
0.000542
0.001023
0.001838
0.001479
0.000575
0.000601
0.000958
0.000555
0.000575
0.003114
0.000568
0.000594
0.001077
0.000571
0.000604
0.000635
0.001098
0.001079
0.000616
0.000552
0.002320
0.000557
0.001375
0.000607
0.000640
0.000572
0.001978
0.000551
0.000623
0.000573
0.001087
0.000584
0.001073
0.001871
0.000568
0.000604
0.001894
0.000588
0.000594
0.002592
0.000573
0.000536
0.001303
0.000542
0.000558
0.001288
0.000617
0.000551
0.000676
0.001240
0.000585
0.000549
0.000905
0.001965
0.000891
0.000603
0.000559
0.000852
0.000554
0.000537
0.001476
0.000606
0.002635
0.002944
0.001153
0.000543
0.001622
0.000588
0.000565
0.001932
0.000550
0.000619
0.001835
0.000568
0.000553
0.002065
0.000533
0.000606
0.000608
0.000547
0.000572
0.001342
0.000581
0.000585
0.000539
0.000726
0.000581
0.001940
0.001407
0.000578
0.000598
0.003960
0.001939
0.001172
0.000546
0.000728
0.000580
0.002013
0.001518
0.000598
0.000541
0.001355
0.000638
0.000572
0.001279
0.000605
0.000566
0.002137
0.000595
0.000619
0.000572
0.000543
0.001981
0.000551
0.000583
0.000849
0.000543
0.000583
0.003758
0.000640
0.000551
0.001597
0.000543
0.000570
0.000573
0.001524
0.000543
0.000545
0.001746
0.000540
0.000560
0.000735
0.000987
0.000576
0.000716
0.000574
0.000743
0.002027
0.000963
0.000669
0.000623
0.002076
0.002342
0.000595
0.000564
0.002108
0.000547
0.000602
0.001476
0.000590
0.000652
0.001598
0.001687
0.000637
0.001289
0.000925
0.000547
0.000929
0.000636
0.000577
0.000581
0.000717
0.000620
0.000551
0.001645
0.000654
0.001147
0.001712
0.001106
0.000610
0.000618
0.001672
0.000543
0.000553
0.003084
0.002436
0.000592
0.001505
0.002622
0.001654
0.000810
0.000602
0.001561
0.001307
0.000562
0.000980
0.004839
0.000570
0.000580
0.001804
0.000605
0.000588
0.000552
0.000572
0.002356
0.000545
0.000575
0.000741
0.000563
0.000541
0.002450
0.000578
0.000552
0.001644
0.000582
0.000755
0.000580
0.000554
0.002336
0.000617
0.000607
0.000712
0.000599
0.002098
0.001753
0.000541
0.000559
0.000728
0.000597
0.000667
0.000771
0.000569
0.000553
0.001422
0.000597
0.000554
0.003868
0.000593
0.000606
0.001696
0.000579
0.002150
0.000557
0.000547
0.002062
0.000580
0.000966
0.000610
0.000694
0.001902
0.000619
0.000598
0.001064
0.000543
0.000767
0.000580
0.000600
0.001901
0.000719
0.000561
0.000545
0.000619
0.000590
0.002497
0.000604
0.000580
0.000613
0.000594
0.001681
0.000628
0.001094
0.000607
0.000712
0.000875
0.000561
0.000606
0.000849
0.000870
0.000554
0.001602
0.000690
0.000609
0.001252
0.000570
0.000570
0.001952
0.000568
0.001298
0.002679
0.000648
0.000580
0.001616
0.000597
0.000559
0.000645
0.001687
0.000598
0.000614
0.001720
0.001089
0.000574
0.000612
0.000548
0.000544
0.002111
0.000589
0.000621
0.002763
0.000613
0.000540
0.000648
0.000615
0.000557
0.000729
0.000583
0.000904
0.002303
0.000556
0.000549
0.003058
0.000579
0.000540
0.000883
0.002249
0.000588
0.000622
0.002478
0.000606
0.001556
0.002393
0.000596
0.000610
0.001672
0.000683
0.000631
0.000587
0.001005
0.001025
0.000861
0.000603
0.000543
0.000958
0.000622
0.000630
0.002219
0.003346
0.000580
0.001416
0.001738
0.000579
0.000587
0.003056
0.000819
0.000577
0.000611
0.000570
0.000543
0.001516
0.000601
0.001636
0.000919
0.000661
0.000637
0.001549
0.003069
0.000576
0.000566
0.000681
0.000572
0.000680
0.002007
0.000535
0.000703
0.001618
0.000551
0.000558
0.000798
0.000898
0.000582
0.000570
0.000616
0.000587
0.000832
0.000695
0.000585
0.000858
0.002332
0.000672
0.000570
0.001858
0.000579
0.000607
0.002128
0.000606
0.000549
0.001514
0.000726
0.000588
0.000609
0.000601
0.000915
0.001358
0.000653
0.001080
0.002372
0.000657
0.000622
0.000855
0.001017
0.000544
0.000566
0.000940
0.000600
0.001773
0.001404
0.001010
0.000613
0.000604
0.000654
0.001941
0.000606
0.000623
0.000819
0.001792
0.000574
0.000595
0.001323
0.000543
0.000944
0.000642
0.002161
0.000549
0.000544
0.001773
0.000910
0.000549
0.000576
0.000817
0.000760
0.000633
0.000610
0.001455
0.000925
0.003574
0.000577
0.000598
0.000557
0.001033
0.000913
0.000942
0.000593
0.000934
0.000591
0.000546
0.001505
0.000579
0.000729
0.000581
0.002339
0.000757
0.000758
0.001895
0.000608
0.000578
0.000552
0.001659
0.000551
0.001155
0.001851
0.000575
0.000734
0.000801
