0.001316
0.001642
0.001495
0.002013
0.001366
0.001124
0.001423
0.001397
0.001481
0.001552
0.001250
0.001303
0.001380
0.001597
0.001432
0.001430
0.001509
0.001733
0.001441
0.001359
0.001579
0.001831
0.001631
0.001494
0.001353
0.001655
0.001548
0.001470
0.001743
0.001793
0.002015
0.001453
0.001268
0.001624
0.001326
0.001659
0.001634
0.001421
0.001400
0.001334
0.001353
0.001632
0.001229
0.001393
0.001329
0.001525
0.001452
0.001318
0.001694
0.001545
0.001583
0.001698
0.001708
0.001341
0.001570
0.001363
0.001540
0.001728
0.001455
0.001583
0.001504
0.001621
0.001367
0.001392
0.001364
0.001714
0.001621
0.001559
0.001617
0.001355
0.001387
0.001268
0.001415
0.001338
0.001518
0.001495
0.001808
0.001557
0.001499
0.001599
0.001380
0.001186
0.001313
0.001387
0.001605
0.001790
0.001894
0.001547
0.001470
0.001773
0.001632
0.001395
0.001673
0.001555
0.001682
0.001567
0.001606
0.001068
0.001587
0.001749
0.001463
0.001256
0.001556
0.001338
0.001382
0.001573
0.001448
0.001326
0.001396
0.001311
0.001695
0.001351
0.001370
0.001551
0.001574
0.001623
0.001641
0.001534
0.001642
0.001393
0.001973
0.001370
0.001942
0.001272
0.001221
0.001638
0.001557
0.001312
0.001642
0.001881
0.001285
0.001428
0.001444
0.001415
0.001388
0.001666
0.002162
0.002007
0.001598
0.001386
0.001344
0.001362
0.001388
0.001450
0.001274
0.001367
0.001385
0.001562
0.001468
0.001652
0.001434
0.001406
0.001865
0.001400
0.001702
0.001404
0.001359
0.001388
0.001302
0.001799
0.001363
0.001321
0.001524
0.001522
0.001734
0.001550
0.001263
0.001610
0.001411
0.001305
0.001643
0.001941
0.001149
0.001757
0.001650
0.001335
0.001319
0.001995
0.001759
0.001511
0.001568
0.001662
0.001791
0.001688
0.001962
0.002310
0.001910
0.001746
0.001695
0.001896
0.002130
0.002124
0.001946
0.002056
0.001844
0.001661
0.001952
0.001906
0.001815
0.001616
0.001931
0.001540
0.001780
0.002496
0.001694
0.001521
0.001897
0.001564
0.001708
0.001631
0.001683
0.001793
0.001843
0.001873
0.001535
0.001919
0.001722
0.001731
0.002096
0.001863
0.001951
0.001854
0.002032
0.002012
0.001750
0.001510
0.001607
0.001884
0.002725
0.001871
0.001694
0.001722
0.002339
0.002252
0.002364
0.002167
0.001596
0.001557
0.002105
0.002065
0.001656
0.001942
0.001772
0.001708
0.001731
0.001789
0.001613
0.001616
0.001651
0.002114
0.001574
0.002101
0.001547
0.002093
0.001848
0.001642
0.002079
0.001884
0.002071
0.002004
0.002011
0.001688
0.002127
0.002407
0.001764
0.001934
0.001762
0.001937
0.001835
0.001886
0.001735
0.001487
0.001643
0.002028
0.001570
0.002043
0.001777
0.001749
0.001923
0.001842
0.001985
0.001846
0.001786
0.002155
0.001687
0.002072
0.001667
0.001790
0.001734
0.002311
0.001848
0.002448
0.001969
0.002098
0.001864
0.001786
0.001875
0.001856
0.001484
0.001578
0.001726
0.001777
0.002459
0.001954
0.001586
0.001887
0.001868
0.001775
0.001645
0.001794
0.002186
0.001632
0.001917
0.001593
0.002089
0.002158
0.002109
0.002292
0.001637
0.001622
0.002020
0.001936
0.001937
0.001800
0.001676
0.001794
0.002390
0.001615
0.001859
0.002447
0.001877
0.002377
0.001584
0.001864
0.001664
0.001864
0.001961
0.001633
0.001842
0.001586
0.001861
0.001674
0.001927
0.001650
0.001851
0.001687
0.001906
0.001445
0.001608
0.001972
0.001468
0.001645
0.001717
0.002010
0.001879
0.002380
0.002394
0.002012
0.002308
0.002111
0.002003
0.001461
0.002070
0.001778
0.001652
0.002007
0.001541
0.001750
0.001804
0.002063
0.001914
0.001637
0.002122
0.001899
0.001998
0.002083
0.002744
0.001607
0.001431
0.002083
0.001774
0.001943
0.001878
0.001627
0.002304
0.002039
0.001963
0.002294
0.002150
0.001526
0.001697
0.002109
0.001953
0.001560
0.001719
0.001617
0.001575
0.001730
0.001870
0.001705
0.002298
0.001931
0.001565
0.001597
0.002090
0.001529
0.001808
0.001882
0.001866
0.001803
0.001934
0.001637
0.001882
0.001868
0.001616
0.002069
0.002195
0.001908
0.001959
0.001635
0.002046
0.001612
0.001878
0.001902
0.002116
0.002454
0.002324
0.001600
0.001536
0.001682
0.001607
0.001946
0.001899
0.001997
0.002323
0.001753
0.001664
0.001546
0.002197
0.001863
0.002012
0.001915
0.001772
0.001638
0.001614
0.001605
0.001725
0.001859
0.001762
0.001881
0.002004
0.001582
0.001700
0.002426
0.001485
0.001792
0.001709
0.002009
0.001721
0.002107
0.001950
0.002026
0.001856
0.002217
0.001591
0.001590
0.001801
0.001729
0.001803
0.002029
0.001539
0.001599
0.002598
0.002118
0.001787
0.002134
0.001734
0.002247
0.001651
0.002394
0.001619
0.001709
0.001639
0.002231
0.001678
0.001685
0.001722
0.001985
0.001643
0.001511
0.002065
0.002224
0.001981
0.001996
0.002019
0.002495
0.002492
0.001963
0.001929
0.001997
0.001770
0.001778
0.001854
0.001912
0.002029
0.001999
0.002054
0.002544
0.001757
0.001485
0.001691
0.001733
0.001652
0.002018
0.002186
0.002291
0.001425
0.001964
0.001914
0.001860
0.001878
0.002177
0.001984
0.002079
0.002421
0.001909
0.001654
0.001617
0.001709
0.001747
0.002366
0.001561
0.002164
0.001710
0.001975
0.002070
0.001868
0.002124
0.002036
0.001713
0.002488
0.002108
0.001916
0.002264
0.001660
0.001841
0.001995
0.001964
0.001640
0.002020
0.001715
0.001830
0.001991
0.002217
0.001892
0.001576
0.002013
0.002197
0.002235
0.002225
0.001880
0.002051
0.002019
0.001636
0.001921
0.002326
0.002070
0.002374
0.001949
0.002167
0.002543
0.001802
0.002270
0.001978
0.001198
0.001697
0.002200
0.001953
0.002237
0.001793
0.002353
0.001911
0.001665
0.001927
0.002119
0.002044
0.001463
0.001592
0.001637
0.001819
0.002021
0.001973
0.001710
0.002050
0.002071
0.002000
0.001523
0.001705
0.002174
0.002571
0.002171
0.001850
0.001745
0.001813
0.001734
0.001924
0.001887
0.001933
0.002569
0.001713
0.002142
0.001774
0.001981
0.001991
0.001677
0.001680
0.001181
0.002022
0.002194
0.002021
0.001927
0.002149
0.001885
0.001857
0.002031
0.001870
0.001795
0.001700
0.002010
0.001714
0.001651
0.002180
0.001822
0.001624
0.001909
0.001581
0.002049
0.002038
0.001528
0.001917
0.001710
0.001971
0.001820
0.001951
0.001763
0.001738
0.001773
0.002140
0.002132
0.001829
0.001971
0.001702
0.001482
0.002239
0.002150
0.001418
0.001661
0.001900
0.001603
0.001490
0.001990
0.001971
0.002062
0.001619
0.001473
0.001966
0.002057
0.001630
0.001668
0.001401
0.001694
0.001711
0.001615
0.001618
0.001994
0.001595
0.001776
0.001793
0.001936
0.001692
0.002372
0.001570
0.002105
0.001606
0.001744
0.001561
0.002942
0.001627
0.002138
0.001553
0.002035
0.001883
0.001227
0.001912
0.002092
0.002175
0.001666
0.002419
0.002047
0.001960
0.002349
0.001980
0.001548
0.001701
0.001956
0.001814
0.002254
0.001563
0.001572
0.001837
0.001843
0.001707
0.001832
0.001654
0.002084
0.001886
0.002057
0.001847
0.001631
0.001624
0.001966
0.002028
0.002106
0.001446
0.001810
0.001661
0.001981
0.001893
0.001714
0.002023
0.001694
0.001715
0.001938
0.001764
0.001947
0.001843
0.001915
0.001964
0.001684
0.002252
0.001899
0.002275
0.001787
0.002598
0.001895
0.001973
0.001989
0.001760
0.001840
0.002010
0.001553
0.001537
0.002248
0.001675
0.001631
0.001645
0.002115
0.001791
0.001484
0.001481
0.002021
0.001664
0.001622
0.001852
0.001695
0.002272
0.002103
0.002538
0.001932
0.001606
0.001823
0.001979
0.001792
0.001879
0.001852
0.002118
0.001664
0.002038
0.001877
0.001893
0.001984
0.001761
0.001709
0.001799
0.001276
0.001623
0.001658
0.001904
0.001702
0.001813
0.001707
0.002304
0.001997
0.001753
0.001965
0.001455
0.002233
0.001646
0.001628
0.001673
0.001407
0.001962
0.002182
0.002227
0.002019
0.002267
0.002293
0.002252
0.001915
0.001888
0.001747
0.002190
0.001543
0.001607
0.001642
0.001752
0.002201
0.001657
0.002184
0.001660
0.001801
0.002142
0.001967
0.001871
0.001987
0.002574
0.001978
0.001984
0.002252
0.001721
0.002001
0.001522
0.001788
0.001798
0.001721
0.001624
0.001752
0.001852
0.001973
0.002023
0.001695
0.002170
0.001852
0.002347
0.002023
0.001618
0.002339
0.001344
0.001745
0.001922
0.001688
0.001775
0.001494
0.002214
0.001885
0.002207
0.001836
0.002240
0.001867
0.001805
0.001659
0.001697
0.002133
0.001937
0.001601
0.001670
0.001555
0.001871
0.002564
0.001590
0.001832
0.001929
0.001703
0.001838
0.002494
0.001804
0.001708
0.001726
0.001927
0.001942
0.001951
0.001724
0.001752
0.001689
0.001456
0.001683
0.001713
0.001588
0.001582
0.001476
0.001649
0.001480
0.001811
0.002027
0.001732
0.001596
0.001724
0.001528
0.001877
0.001701
0.002536
0.002163
0.001630
0.002316
0.001585
0.001952
0.001710
0.001740
0.001785
0.001805
0.001905
0.002141
0.002153
0.001620
0.002042
0.001672
0.001692
0.001911
0.002000
0.002229
0.002149
0.001511
0.002224
0.001594
0.001358
0.002050
0.001691
0.002409
0.001845
0.001426
0.001777
0.001925
0.001967
0.001579
0.002069
0.002190
0.001927
0.002773
0.001519
0.001632
0.001770
0.001829
0.002071
0.002215
0.002018
0.001634
0.002282
0.001666
0.001631
0.001777
0.001845
0.001597
0.001791
0.001778
0.001487
0.001888
0.001613
0.001555
0.001689
0.001983
0.001723
0.001685
0.001819
0.001670
0.002544
0.002942
0.002693
0.003309
0.003620
0.002797
0.002953
0.003132
0.001649
0.002092
0.001603
0.001564
0.001957
0.001733
0.003042
0.001762
0.001860
0.001980
0.001990
0.002168
0.001583
0.001686
0.001922
0.001890
0.002066
0.002315
0.002398
0.002405
0.001848
0.001967
0.002201
0.002119
0.001931
0.001997
0.002309
0.002115
