0.000482
0.000434
0.001140
0.000440
0.000448
0.000515
0.000413
0.002246
0.001009
0.004223
0.000415
0.000411
0.001417
0.003362
0.000863
0.000422
0.000425
0.000429
0.000692
0.000431
0.000404
0.001436
0.002649
0.000399
0.002060
0.000418
0.000484
0.001973
0.000433
0.000424
0.000399
0.002209
0.000442
0.000434
0.000413
0.000422
0.002922
0.000453
0.001516
0.000406
0.000416
0.000422
0.002943
0.000398
0.000585
0.003221
0.000434
0.000410
0.001822
0.000426
0.000405
0.002203
0.000442
0.000399
0.001363
0.000463
0.000489
0.001369
0.000402
0.000469
0.001927
0.000426
0.000392
0.000395
0.001260
0.000405
0.000442
0.000397
0.000876
0.000441
0.000551
0.001715
0.000494
0.000433
0.000503
0.000785
0.000432
0.000433
0.000610
0.000470
0.000389
0.000462
0.000443
0.000439
0.001397
0.001250
0.001062
0.000417
0.002665
0.000490
0.000461
0.000403
0.000455
0.000400
0.001540
0.000435
0.001128
0.000794
0.000390
0.000438
