0.002560
0.001931
0.002235
0.002334
0.002856
0.002231
0.002116
0.002196
0.002317
0.001882
0.002146
0.002836
0.002599
0.002736
0.002370
0.002404
0.002811
0.002355
0.002396
0.002262
0.002310
0.002298
0.003583
0.002900
0.002729
0.002263
0.002148
0.002324
0.002553
0.002449
0.002372
0.002297
0.002415
0.002449
0.002327
0.002197
0.002291
0.002153
0.002078
0.002109
0.002503
0.002224
0.002375
0.002121
0.001952
0.002322
0.002277
0.002088
0.002623
0.002219
0.002505
0.002386
0.002364
0.002558
0.002226
0.002566
0.002526
0.002070
0.002282
0.002219
0.002400
0.002262
0.002587
0.002163
0.002255
0.002738
0.002161
0.002208
0.002738
0.002307
0.002288
0.002166
0.002467
0.002257
0.002149
0.002333
0.002512
0.001956
0.002163
0.002499
0.001811
0.002078
0.001753
0.002255
0.002310
0.002334
0.002056
0.002203
0.002083
0.002224
0.002347
0.002461
0.002166
0.002272
0.002350
0.001972
0.002450
0.002286
0.002130
0.002052
0.002399
0.002441
0.002122
0.002009
0.002752
0.001916
0.002227
0.002215
0.002365
0.002028
0.002665
0.002143
0.002367
0.002321
0.002138
0.002511
0.002185
0.002388
0.001930
0.002192
0.002195
0.002343
0.002263
0.002309
0.002109
0.002413
0.002507
0.002101
0.002094
0.002150
0.002241
0.002396
0.002943
0.001899
0.001792
0.002299
0.002914
0.002263
0.002333
0.002277
0.002175
0.002621
0.002077
0.002364
0.002247
0.002057
0.002083
0.002249
0.002464
0.002445
0.002232
0.002298
0.002326
0.001867
0.002325
0.002458
0.002098
0.002340
0.002314
0.002332
0.002350
0.002115
0.002570
0.002396
0.002185
0.002460
0.002237
0.002379
0.003137
0.002202
0.002838
0.002572
0.002689
0.002094
0.002470
0.002531
0.002495
0.002521
0.002031
0.002063
0.002581
0.002402
0.002421
0.002320
0.001803
0.002344
0.001888
0.002288
0.002539
0.002243
0.002214
0.002378
0.002196
0.002463
0.002465
0.002808
0.002276
0.002114
0.002408
0.002842
0.002155
0.002373
0.002355
0.001848
0.002137
0.002321
0.002438
0.002079
0.002264
0.002061
0.002232
0.002228
0.002200
0.002329
0.002493
0.002037
0.002528
0.002505
0.002747
0.002719
0.003116
0.002078
0.002859
0.002877
0.001996
0.002708
0.002654
0.002272
0.002869
0.002444
0.002758
0.002763
0.002566
0.002593
0.003272
0.002582
0.003019
0.003286
0.002801
0.002690
0.002848
0.002687
0.002964
0.003340
0.002871
0.002957
0.003461
0.002938
0.002871
0.002639
0.002707
0.002674
0.002813
0.002480
0.002582
0.003314
0.002742
0.002864
0.002908
0.002578
0.002863
0.002423
0.002766
0.002577
0.002742
0.002601
0.002898
0.002874
0.003448
0.002637
0.002597
0.003192
0.002774
0.003031
0.002819
0.002964
0.002767
0.002700
0.003073
0.002652
0.002398
0.002758
0.002805
0.002863
0.002930
0.003241
0.003641
0.002592
0.002869
0.002873
0.002770
0.002908
0.002854
0.002541
0.002814
0.002855
0.003042
0.002585
0.003485
0.002799
0.005901
0.002873
0.003012
0.002853
0.003317
0.003296
0.002888
0.002609
0.002994
0.002846
0.002969
0.002444
0.002420
0.002963
0.002928
0.003475
0.002778
0.003094
0.002917
0.002796
0.002902
0.002652
0.002546
0.002372
0.003078
0.002285
0.002354
0.003271
0.002894
0.002609
0.002601
0.002712
0.003432
0.002673
0.002994
0.003071
0.002814
0.002878
0.002605
0.002823
0.002865
0.002542
0.002402
0.002810
0.002630
0.003068
0.002769
0.003054
0.003251
0.002870
0.003177
0.002791
0.002730
0.002658
0.002605
0.002309
0.002807
0.002926
0.002366
0.002953
0.002850
0.002938
0.002584
0.002731
0.002946
0.002458
0.002826
0.002934
0.002908
0.002941
0.003348
0.002999
0.002657
0.003092
0.002415
0.002698
0.002893
0.002898
0.002925
0.002695
0.003014
0.002881
0.003035
0.003008
0.002338
0.002800
0.003113
0.002670
0.002476
0.002686
0.002988
0.002889
0.003217
0.003015
0.002455
0.002647
0.002861
0.002525
0.002335
0.002478
0.002941
0.002541
0.002914
0.002644
0.002814
0.002939
0.002403
0.002663
0.002874
0.002798
0.002560
0.002807
0.002775
0.002554
0.003093
0.002886
0.002723
0.003159
0.002693
0.002294
0.002921
0.002882
0.002801
0.002865
0.002863
0.002658
0.002738
0.002857
0.003080
0.002747
0.003019
0.002811
0.002450
0.003174
0.002922
0.002476
0.002984
0.002742
0.002741
0.002416
0.002629
0.003124
0.002786
0.003009
0.002584
0.002530
0.002811
0.002618
0.002898
0.002686
0.002712
0.003078
0.002758
0.003148
0.002944
0.002249
0.003527
0.002912
0.002988
0.002846
0.002229
0.002887
0.002793
0.002769
0.002805
0.002455
0.002491
0.002743
0.002396
0.002381
0.002905
0.003054
0.002681
0.002656
0.002135
0.002444
0.003152
0.002853
0.002745
0.002762
0.003008
0.002933
0.002700
0.002839
0.003177
0.002982
0.002933
0.002888
0.002666
0.002851
0.002683
0.002628
0.002453
0.002139
0.002473
0.002702
0.002266
0.003169
0.002948
0.003135
0.002881
0.002855
0.003634
0.002974
0.002949
0.002315
0.002709
0.002789
0.002706
0.003215
0.002640
0.002427
0.002723
0.002321
0.002825
0.002594
0.002793
0.002687
0.002982
0.002438
0.002343
0.002775
0.002610
0.003665
0.002382
0.002789
0.002751
0.003247
0.003550
0.003050
0.002776
0.002681
0.002851
0.002693
0.002632
0.002559
0.003051
0.002919
0.003069
0.003047
0.002740
0.002773
0.002577
0.002955
0.002729
0.002731
0.002551
0.002541
0.002334
0.002760
0.003049
0.002993
0.002537
0.002767
0.002941
0.002570
0.002605
0.002843
0.002913
0.002858
0.002441
0.002558
0.003351
0.002850
0.002190
0.002717
0.002899
0.002930
0.002603
0.002572
0.002840
0.002791
0.002913
0.002737
0.002795
0.002930
0.002633
0.002425
0.003247
0.002935
0.002689
0.002492
0.002909
0.002619
0.002620
0.002625
0.002907
0.002702
0.002668
0.002902
0.002912
0.002618
0.002905
0.002793
0.002927
0.002680
0.002661
0.002701
0.002734
0.002578
0.002773
0.002812
0.002685
0.002614
0.003126
0.003169
0.002798
0.002559
0.002317
0.002981
0.002345
0.002489
0.002638
0.002812
0.002584
0.003086
0.002788
0.002549
0.002521
0.002592
0.002880
0.002877
0.002556
0.002964
0.002600
0.002808
0.002411
0.002837
0.002758
0.002677
0.002682
0.002609
0.002828
0.002776
0.002609
0.002660
0.002953
0.003024
0.003110
0.002738
0.002936
0.002895
0.002556
0.002773
0.002963
0.003053
0.003339
0.003071
0.002819
0.002932
0.003147
0.002994
0.003046
0.002978
0.002853
0.002283
0.002803
0.002762
0.002771
0.002973
0.002738
0.002748
0.002902
0.002804
0.002561
0.002736
0.002907
0.002562
0.002948
0.002359
0.002845
0.002924
0.003345
0.003207
0.002997
0.002448
0.003167
0.002656
0.003123
0.002715
0.002719
0.002825
0.002834
0.002899
0.002651
0.002918
0.003059
0.002401
0.002654
0.002936
0.002994
0.002482
0.002758
0.002856
0.002644
0.002562
0.002603
0.002756
0.002699
0.002778
0.002874
0.002970
0.002780
0.002875
0.003322
0.003073
0.002094
0.002552
0.003028
0.002926
0.002369
0.002835
0.002947
0.002958
0.002645
0.003243
0.002517
0.002679
0.003028
0.002734
0.002728
0.002843
0.002570
0.002977
0.003425
0.002823
0.003283
0.002664
0.002919
0.002453
0.002993
0.002722
0.003025
0.002993
0.002531
0.002919
0.002909
0.003054
0.003163
0.002594
0.002528
0.002757
0.002542
0.003197
0.002583
0.003120
0.002336
0.002664
0.002722
0.003049
0.002379
0.002629
0.002414
0.002498
0.002858
0.003137
0.002711
0.002627
0.002690
0.002805
0.003218
0.002538
0.002210
0.002883
0.002962
0.002978
0.002837
0.002699
0.002415
0.002327
0.002609
0.002841
0.002524
0.002812
0.002785
0.002708
0.002579
0.002418
0.003092
0.002685
0.002614
0.002794
0.002892
0.003017
0.002330
0.002699
0.002416
0.002236
0.003145
0.002846
0.003019
0.002905
0.003186
0.002506
0.002731
0.002714
0.002840
0.003143
0.003221
0.002559
0.003335
0.003029
0.003178
0.002577
0.002829
0.002600
0.002870
0.002960
0.002826
0.002750
0.002394
0.002444
0.002749
0.002570
0.002590
0.002619
0.002752
0.002784
0.002955
0.002595
0.002738
0.003153
0.002897
0.002752
0.003121
0.002718
0.002962
0.002903
0.002741
0.002522
0.001935
0.002439
0.002759
0.002524
0.002754
0.002644
0.002887
0.002494
0.002335
0.002717
0.002921
0.003177
0.002902
0.002867
0.002956
0.002897
0.002731
0.002691
0.002330
0.002745
0.002470
0.002789
0.002668
0.002913
0.002725
0.002758
0.002808
0.002770
0.002889
0.002870
0.002782
0.002890
0.002893
0.002427
0.002888
0.002899
0.002979
0.003056
0.002926
0.003100
0.002730
0.002899
0.002981
0.003023
0.003284
0.002574
0.002976
0.002811
0.002810
0.002580
0.002900
0.002668
0.003205
0.002812
0.002898
0.002915
0.002766
0.002641
0.002851
0.003003
0.002268
0.002673
0.002822
0.002555
0.003682
0.002869
0.002772
0.003110
0.002565
0.002950
0.003185
0.003019
0.002416
0.003122
0.002985
0.003066
0.002769
0.002815
0.002721
0.003252
0.003108
0.002332
0.003220
0.002619
0.002335
0.002575
0.002788
0.002755
0.003084
0.002845
0.003111
0.003099
0.002689
0.002585
0.002509
0.003444
0.002786
0.003103
0.002760
0.002781
0.002688
0.003038
0.002749
0.002897
0.002864
0.003199
0.002896
0.003036
0.002793
0.002713
0.002677
0.002798
0.002440
0.002836
0.002731
0.002657
0.002909
0.002667
0.002784
0.002645
0.002884
0.002790
0.002833
0.002703
0.003381
0.003122
0.002545
0.002510
0.002723
0.002691
0.002177
0.002888
0.002473
0.002727
0.002882
0.002951
0.003204
0.002657
0.002749
0.002682
0.002441
0.002768
0.002890
0.004316
0.002282
0.002702
0.002995
0.002750
0.002672
0.002607
0.002807
0.002450
0.002848
0.002590
0.002632
0.002209
0.002927
0.002873
0.003088
0.002892
0.002668
0.002888
0.003765
0.002760
0.002166
0.002846
0.002711
0.003009
0.002819
0.002737
