0.000602
0.000651
0.000558
0.005368
0.005013
0.000590
0.001506
0.000732
0.000596
0.001429
0.000511
0.001236
0.000532
0.002616
0.000576
0.001165
0.000506
0.000745
0.000561
0.000744
0.000751
0.000532
0.000715
0.001079
0.000538
0.001541
0.003829
0.000483
0.000580
0.000562
0.000512
0.000995
0.001536
0.000550
0.000960
0.000538
0.000662
0.000739
0.000548
0.003398
0.002878
0.001346
0.000936
0.001924
0.000553
0.002910
0.001893
0.002058
0.000533
0.000988
0.000592
0.000529
0.002813
0.000544
0.001142
0.000522
0.003490
0.001249
0.000980
0.001014
0.000529
0.003316
0.000513
0.000822
0.000547
0.001030
0.000512
0.001859
0.000555
0.003190
0.000719
0.000814
0.000533
0.002943
0.000825
0.001660
0.000494
0.000986
0.001073
0.000898
0.000506
0.000846
0.000568
0.002885
0.001946
0.000771
0.001757
0.000525
0.001085
0.001822
0.002356
0.002408
0.000795
0.001692
0.000586
0.000568
0.003070
0.000567
0.000723
0.000626
