0.004623
0.002054
0.003058
0.002007
0.002133
0.002391
0.000743
0.001808
0.001499
0.000817
0.001506
0.001784
0.001934
0.002216
0.001614
0.001788
0.001348
0.001905
0.002632
0.001571
0.001333
0.001830
0.002099
0.001374
0.000767
0.001917
0.002161
0.002322
0.001168
0.000219
0.001575
0.001503
0.002470
0.001995
0.002882
0.001827
0.001803
0.000745
0.001711
0.001013
0.002725
0.001669
0.001918
0.001503
0.002559
0.001291
0.001488
0.001044
0.001520
0.001545
0.002146
0.001385
0.002170
0.002617
0.002217
0.001106
0.002876
0.001044
0.001922
0.001666
0.001866
0.001598
0.001665
0.001785
0.001980
0.001309
0.002055
0.002077
0.002628
0.001232
0.002634
0.001893
0.002007
0.001752
0.002251
0.002772
0.001124
0.000860
0.000940
0.003286
0.001030
0.000705
0.000623
0.002055
0.002024
0.001645
0.001549
0.002459
0.001747
0.001650
0.001261
0.001363
0.002491
0.001210
0.001864
0.001448
0.003608
0.001309
0.001232
0.001023
0.001715
0.001849
0.001648
0.001479
0.001976
0.001107
0.001629
0.001204
0.002484
0.001962
0.000347
0.002699
0.003088
0.002102
0.001446
0.002092
0.000846
0.002664
0.000344
0.002214
0.002216
0.000327
0.001986
0.002594
0.001546
0.001039
0.001948
0.002613
0.001130
0.001245
0.001605
0.001966
0.001215
0.000999
0.001968
0.001635
0.001037
0.003376
0.001555
0.001124
0.002025
0.002146
0.002747
0.001780
0.001445
0.002766
0.001816
0.002883
0.002029
0.001074
0.002687
0.001381
0.001172
0.001417
0.000820
0.001479
0.000314
0.001628
0.001839
0.000223
0.001060
0.001156
0.001677
0.001951
0.001777
0.001402
0.001000
0.002692
0.001767
0.001578
0.002692
0.001937
0.003171
0.000965
0.001491
0.001612
0.001888
0.001512
0.001129
0.001789
0.001050
0.001319
0.000929
0.001723
0.001714
0.001556
0.001192
0.002357
0.002646
0.001408
0.001739
0.001150
0.001648
0.001927
0.000839
0.001810
0.000912
0.001476
0.002511
0.001565
0.000866
0.002186
0.001319
0.001472
0.001074
0.001881
0.002780
0.001258
0.001889
0.001306
0.001014
0.002054
0.001172
0.002671
0.002489
0.001829
0.001692
0.000793
0.000938
0.003371
0.002778
0.001382
0.002008
0.001543
0.001585
0.002820
0.001778
0.000963
0.002420
0.001587
0.002200
0.003276
0.001548
0.001180
0.002032
0.001484
0.001936
0.001051
0.000445
0.002113
0.002535
0.001143
0.002152
0.001709
0.001501
0.001117
0.001512
0.001871
0.001766
0.001624
0.001682
0.001244
0.001766
0.003912
0.001663
0.002340
0.001646
0.002176
0.001737
0.001010
0.002101
0.000999
0.001964
0.001592
0.002930
0.001104
0.001685
0.001494
0.001612
0.002429
0.001548
0.001457
0.001037
0.000693
0.001408
0.002777
0.001903
0.003459
0.001893
0.001762
0.002531
0.002139
0.000597
0.001944
0.001187
0.000814
0.002251
0.001800
0.002424
0.000533
0.001669
0.001898
0.001816
0.002498
0.000754
0.001440
0.001919
0.001287
0.003756
0.001605
0.001832
0.001605
0.001545
0.001875
0.000894
0.001863
0.001154
0.001015
0.001780
0.002760
0.001799
0.001130
0.001237
0.001788
0.002618
0.001138
0.001093
0.001960
0.002151
0.001539
0.001682
0.002791
0.001468
0.001224
0.001635
0.003416
0.002724
0.001200
0.002562
0.001343
0.002118
0.001651
0.001941
0.000743
0.001096
0.001582
0.002395
0.001350
0.000842
0.001546
0.002748
0.002775
0.000990
0.002103
0.001853
0.000944
0.002193
0.002383
0.001108
0.001080
0.001690
0.001718
0.001577
0.001513
0.001291
0.002171
0.000796
0.001720
0.001780
0.000819
0.000510
0.001084
0.002757
0.001591
0.001848
0.002755
0.001126
0.001711
0.001081
0.001482
0.001805
0.001739
0.001740
0.000965
0.001559
0.001812
0.002443
0.002310
0.000246
0.001040
0.001138
0.002371
0.001539
0.000519
0.001953
0.001640
0.001949
0.000872
0.000349
0.001311
0.001027
0.001321
0.002155
0.001734
0.002406
0.001515
0.001845
0.001869
0.002600
0.002903
0.002073
0.001557
0.001132
0.002284
0.001986
0.002265
0.001079
0.002460
0.002215
0.001841
0.002065
0.002415
0.002023
0.001200
0.001511
0.000920
0.002866
0.000979
0.002011
0.002491
0.000918
0.001770
0.001891
0.000895
0.002218
0.001777
0.001371
0.001135
0.000976
0.001573
0.002012
0.000391
0.001049
0.002351
0.002956
0.001219
0.001466
0.002585
0.003252
0.001469
0.002294
0.001561
0.001762
0.001646
0.001174
0.001125
0.001508
0.002258
0.001001
0.001814
0.001700
0.002872
0.001629
0.002006
0.000825
0.001010
0.000634
0.000978
0.001873
0.001940
0.001896
0.001226
0.001691
0.001582
0.002050
0.001629
0.001159
0.001485
0.001969
0.001889
0.001132
0.004084
0.001947
0.001423
0.001344
0.001445
0.001765
0.002566
0.002507
0.002810
0.001654
0.002729
0.002314
0.002292
0.001856
0.002671
0.001608
0.002418
0.001140
0.002017
0.002716
0.002716
0.001628
0.001728
0.001868
0.002077
0.001448
0.001434
0.002575
0.002378
0.001435
0.001617
0.001559
0.001411
0.001969
0.001550
0.001829
0.001480
0.001539
0.001800
0.001286
0.000489
0.002013
0.001650
0.001822
0.001510
0.002799
0.001881
0.002889
0.001063
0.000490
0.001166
0.001653
0.001657
0.002129
0.002347
0.002644
0.000847
0.001797
0.001389
0.001645
0.001044
0.000283
0.002146
0.002338
0.001084
0.001572
0.001834
0.001783
0.001459
0.001201
0.002328
0.001107
0.001949
0.002279
0.000661
0.001009
0.001654
0.002374
0.002076
0.001589
0.002727
0.002072
0.001597
0.001015
0.000891
0.002143
0.001543
0.001586
0.000363
0.002133
0.002533
0.001674
0.001702
0.001852
0.002051
0.000699
0.002707
0.001696
0.000516
0.001971
0.001770
0.001315
0.001339
0.000833
0.000598
0.000641
0.002138
0.000577
0.002512
0.000724
0.000867
0.001236
0.001852
0.002098
0.001428
0.002274
0.001042
0.002589
0.001455
0.002181
0.000988
0.001739
0.001572
0.001821
0.001318
0.001581
0.002434
0.002959
0.001199
0.002304
0.002103
0.000812
0.002594
0.001230
0.002446
0.001884
0.002769
0.000666
0.000869
0.001884
0.001604
0.002188
0.001945
0.002344
0.002148
0.001207
0.001050
0.002370
0.001903
0.001990
0.001649
0.002546
0.001831
0.002437
0.001794
0.001913
0.001768
0.001595
0.001989
0.001884
0.001582
0.001416
0.001879
0.001405
0.000523
0.001881
0.001814
0.001685
0.001641
0.001771
0.000542
0.000436
0.001087
0.001772
0.002399
0.001153
0.003121
0.001437
0.000844
0.001362
0.004576
0.000929
0.001339
0.001965
0.003098
0.001837
0.000490
0.002361
0.001192
0.001183
0.001067
0.002271
0.001456
0.001661
0.001952
0.002386
0.001104
0.001834
0.002730
0.001033
0.002907
0.002739
0.002087
0.000837
0.000852
0.002070
0.003336
0.001135
0.000930
0.001638
0.001243
0.002576
0.001271
0.001573
0.001086
0.001953
0.001828
0.000533
0.001716
0.001842
0.000859
0.001859
0.001043
0.001374
0.000949
0.001099
0.001997
0.002258
0.001732
0.001110
0.000608
0.001952
0.001248
0.001844
0.001545
0.002027
0.001620
0.002004
0.001726
0.001080
0.001205
0.000792
0.001671
0.001143
0.002096
0.001833
0.000972
0.000840
0.002085
0.001574
0.001118
0.001842
0.002112
0.001531
0.002059
0.001103
0.001431
0.001900
0.001182
0.001528
0.002339
0.001842
0.002050
0.001683
0.002110
0.000994
0.000888
0.001894
0.002509
0.002352
0.001273
0.001727
0.002028
0.001088
0.001432
0.001101
0.001247
0.001500
0.000885
0.001607
0.002244
0.001740
0.001569
0.000789
0.001797
0.001664
0.002914
0.001873
0.002120
0.001880
0.003265
0.001699
0.002183
0.002959
0.001653
0.001098
0.001623
0.000802
0.003339
0.001100
0.002043
0.001500
0.002641
0.001512
0.001303
0.002022
0.002425
0.001379
0.001757
0.001499
0.003498
0.001859
0.001200
0.001889
0.001785
0.000672
0.002172
0.001698
0.001926
0.001239
0.001658
0.001696
0.001209
0.001981
0.000482
0.001468
0.002869
0.000870
0.001836
0.001793
0.001310
0.002436
0.001878
0.001409
0.001968
0.002129
0.002489
0.003500
0.000677
0.001393
0.002059
0.001244
0.000776
0.003348
0.000505
0.002174
0.000900
0.001759
0.002139
0.001356
0.002518
0.003162
0.001665
0.001252
0.002601
0.002059
0.001331
0.002028
0.002062
0.001546
0.002329
0.002034
0.001435
0.001186
0.002725
0.001576
0.001150
0.000961
0.001784
0.001915
0.002199
0.002329
0.001987
0.001949
0.001051
0.002691
0.001089
0.002779
0.001796
0.000388
0.001091
0.002515
0.002234
0.001838
0.002454
0.000783
0.000974
0.002096
0.001383
0.000940
0.001769
0.001706
0.002063
0.002039
0.001156
0.000948
0.001722
0.001871
0.001685
0.001165
0.000221
0.001521
0.002552
0.001586
0.001914
0.001868
0.001115
0.001403
0.001540
0.002118
0.001133
0.001582
0.001545
0.002361
0.001177
0.001974
0.002019
0.000511
0.001700
0.002173
0.001776
0.002780
0.001884
0.001756
0.001246
0.001946
0.001742
0.002107
0.001145
0.002694
0.001456
0.001116
0.001813
0.001750
0.001853
0.000628
0.002966
0.001915
0.003172
0.002621
0.001738
0.001775
0.002071
0.001848
0.002138
0.001583
0.001663
0.001643
0.001498
0.001817
0.002977
0.002007
0.001696
0.001873
0.001889
0.001108
0.002109
0.000904
0.002619
0.001780
0.001109
0.001098
0.001870
0.001519
0.001765
0.001455
0.001711
0.000690
0.001745
0.002354
0.002056
0.001766
0.000936
0.001584
0.001891
0.002573
0.001688
0.002197
0.002131
0.001516
0.001152
0.003547
0.001050
0.001403
0.001561
0.001562
0.000565
0.001773
0.001889
0.001544
0.003155
0.001986
0.001416
0.001767
0.001492
0.001169
0.001460
0.001044
0.001108
0.002624
0.001467
0.002254
0.002637
0.001486
0.001686
0.001086
0.002149
0.001844
0.003472
0.001938
0.001589
0.001746
0.001741
0.000890
0.001005
0.001172
0.002725
0.001207
0.001535
0.002191
0.002668
0.002467
0.001669
0.003001
0.001040
0.001078
0.001690
0.001097
0.001441
