0.001674
0.001170
0.001326
0.001141
0.001040
0.002067
0.001318
0.001274
0.001360
0.001394
0.001835
0.001790
0.001663
0.001409
0.001571
0.001188
0.001699
0.001610
0.001839
0.001595
0.001263
0.001821
0.002054
0.001441
0.001770
0.001923
0.001144
0.001506
0.001339
0.001512
0.001741
0.001951
0.002003
0.001666
0.001339
0.002350
0.001652
0.001359
0.001357
0.001797
0.001468
0.001468
0.001641
0.001658
0.001811
0.001562
0.001324
0.001102
0.001765
0.002070
0.001421
0.001700
0.001671
0.001684
0.001530
0.002173
0.002820
0.001912
0.001956
0.001329
0.001894
0.001007
0.001532
0.001702
0.000917
0.001722
0.001362
0.001271
0.000999
0.001586
0.001675
0.001719
0.001724
0.001575
0.001405
0.002081
0.001968
0.001946
0.001321
0.000995
0.001663
0.001791
0.001406
0.001630
0.001578
0.001590
0.001212
0.001649
0.001390
0.001422
0.001043
0.001504
0.001886
0.000967
0.002356
0.002187
0.001426
0.001943
0.000950
0.001327
0.001523
0.001470
0.001429
0.001357
0.001829
0.001801
0.001685
0.001246
0.001650
0.001751
0.001719
0.001615
0.002106
0.001398
0.001514
0.002171
0.001265
0.001355
0.001310
0.001705
0.001466
0.001679
0.001690
0.001526
0.001714
0.001371
0.002026
0.001381
0.001227
0.001635
0.001212
0.001771
0.001440
0.001319
0.001291
0.001502
0.001761
0.001350
0.001752
0.001082
0.001482
0.001416
0.001531
0.001525
0.001824
0.001691
0.001670
0.001517
0.001687
0.001201
0.001328
0.001918
0.001702
0.002021
0.001775
0.001652
0.001792
0.001460
0.001873
0.001877
0.001677
0.001601
0.001625
0.001330
0.001551
0.001485
0.001819
0.001369
0.001410
0.001915
0.001584
0.001044
0.001496
0.001607
0.001868
0.001508
0.001298
0.001685
0.001655
0.002118
0.001501
0.001617
0.001356
0.001843
0.001551
0.001539
0.002374
0.001406
0.002355
0.001962
0.001490
0.001184
0.001935
0.001338
0.001284
0.001301
0.001373
0.001410
0.001788
0.002116
0.001807
0.001231
0.002006
0.001230
0.002184
0.001781
0.001719
0.002268
0.001739
0.001867
0.002409
0.001892
0.001404
0.001906
0.001560
0.002095
0.002118
0.002503
0.001197
0.001800
0.001944
0.002214
0.001815
0.001527
0.002105
0.001519
0.003433
0.001848
0.001774
0.002004
0.002444
0.001710
0.002017
0.002076
0.001612
0.001954
0.001991
0.001351
0.001889
0.001853
0.002062
0.001999
0.002072
0.001120
0.002464
0.001619
0.001746
0.001785
0.002108
0.002000
0.002119
0.001610
0.002206
0.001124
0.002359
0.002300
0.002200
0.001243
0.001923
0.002024
0.001923
0.001312
0.001222
0.001832
0.002012
0.001977
0.002734
0.002041
0.001807
0.002441
0.001586
0.002545
0.001981
0.002606
0.001514
0.002223
0.001639
0.001736
0.001821
0.001938
0.001993
0.001904
0.002853
0.001775
0.001620
0.002046
0.002687
0.002607
0.002111
0.002370
0.002484
0.001663
0.002570
0.002041
0.001490
0.002151
0.001410
0.001562
0.002272
0.001049
0.001542
0.001888
0.001902
0.002229
0.001673
0.001828
0.001279
0.001919
0.001596
0.002069
0.001998
0.001690
0.002335
0.001625
0.001435
0.002075
0.002480
0.002011
0.002395
0.002125
0.001631
0.001187
0.001150
0.002399
0.002167
0.001886
0.001311
0.001910
0.002562
0.002517
0.002016
0.002046
0.002028
0.001752
0.002293
0.001790
0.001241
0.001592
0.001488
0.001241
0.001841
0.002157
0.001940
0.001855
0.001571
0.002229
0.001946
0.002241
0.001614
0.002413
0.001681
0.002305
0.001251
0.001670
0.001429
0.001201
0.001818
0.001967
0.001906
0.002174
0.001931
0.001951
0.002720
0.001945
0.001686
0.001305
0.001314
0.001796
0.002201
0.002541
0.002148
0.002090
0.001958
0.001610
0.001920
0.001526
0.002073
0.001130
0.001889
0.002356
0.002200
0.001923
0.001841
0.001800
0.001225
0.001904
0.001431
0.002324
0.001295
0.002593
0.001946
0.001649
0.002028
0.001917
0.001989
0.002007
0.001739
0.001755
0.001605
0.001388
0.001128
0.002584
0.001705
0.001708
0.001802
0.001831
0.001606
0.002005
0.001604
0.001767
0.002173
0.001939
0.001991
0.002149
0.002013
0.001943
0.002531
0.001987
0.001876
0.001970
0.001611
0.001526
0.001394
0.002229
0.001912
0.002479
0.001546
0.001396
0.001531
0.001566
0.002406
0.001618
0.002038
0.001720
0.001215
0.001184
0.001275
0.001837
0.001610
0.001617
0.002107
0.001775
0.001860
0.001574
0.001629
0.001990
0.001324
0.001356
0.001999
0.001959
0.001421
0.001679
0.001925
0.002009
0.002023
0.001951
0.002447
0.001926
0.002011
0.002546
0.001853
0.001721
0.002005
0.002038
0.001645
0.001590
0.001975
0.002008
0.001242
0.001834
0.001492
0.002238
0.002004
0.001880
0.002234
0.001939
0.001558
0.001549
0.002062
0.002058
0.001750
0.002059
0.001726
0.001692
0.001840
0.002248
0.001714
0.002019
0.002094
0.001748
0.001725
0.002017
0.002077
0.001643
0.002347
0.002345
0.001757
0.001824
0.002188
0.001688
0.002467
0.001582
0.002828
0.001672
0.002076
0.002297
0.001794
0.001888
0.001704
0.003169
0.001429
0.001278
0.001159
0.002057
0.001832
0.001646
0.001586
0.001717
0.001174
0.002128
0.002325
0.001854
0.002107
0.002551
0.001737
0.001683
0.001857
0.001119
0.001957
0.001571
0.002239
0.001755
0.002333
0.002615
0.001318
0.002266
0.002303
0.001844
0.002657
0.001962
0.001693
0.001887
0.001895
0.002172
0.002152
0.001975
0.002178
0.002001
0.001548
0.001458
0.001849
0.002026
0.001614
0.001526
0.002511
0.001189
0.001373
0.001395
0.001564
0.002013
0.001825
0.002443
0.002062
0.002140
0.001645
0.001940
0.002138
0.001311
0.001630
0.001838
0.001351
0.002541
0.001777
0.001807
0.001289
0.001814
0.002304
0.001567
0.002084
0.002547
0.002198
0.002416
0.001502
0.001755
0.002072
0.001967
0.001922
0.001918
0.001925
0.001990
0.002079
0.002117
0.002594
0.001910
0.001246
0.001416
0.002095
0.001512
0.001708
0.001263
0.001643
0.001603
0.001844
0.001875
0.001812
0.002162
0.001302
0.001725
0.001274
0.002369
0.001552
0.001562
0.002071
0.001637
0.001864
0.001679
0.001647
0.002165
0.001976
0.001815
0.001588
0.002033
0.001493
0.001845
0.001849
0.002861
0.002077
0.002215
0.001884
0.002027
0.001476
0.001855
0.002745
0.001755
0.002302
0.001631
0.001976
0.000995
0.001821
0.001243
0.002657
0.002060
0.001520
0.002268
0.002180
0.001937
0.001684
0.002064
0.001907
0.002384
0.002081
0.002175
0.002230
0.001703
0.001534
0.001923
0.001614
0.001557
0.002277
0.001976
0.001719
0.001925
0.002357
0.001970
0.002105
0.002192
0.001580
0.001474
0.001951
0.001493
0.002004
0.002887
0.002049
0.001216
0.002650
0.001411
0.001653
0.001574
0.001555
0.001224
0.001963
0.001619
0.003437
0.001510
0.001334
0.001396
0.001866
0.001920
0.001782
0.002119
0.001692
0.002092
0.001890
0.001685
0.002027
0.001640
0.001490
0.002244
0.001177
0.002750
0.001687
0.001573
0.001740
0.002004
0.002271
0.001225
0.001221
0.001914
0.002133
0.002341
0.001586
0.001359
0.002198
0.002122
0.001939
0.002436
0.001502
0.002261
0.002247
0.002819
0.001311
0.001452
0.002203
0.001601
0.001800
0.001602
0.001603
0.001997
0.001979
0.001965
0.001518
0.001475
0.001966
0.001667
0.001692
0.001806
0.001616
0.001998
0.001810
0.001564
0.001366
0.002078
0.001994
0.001472
0.001217
0.002670
0.001901
0.002364
0.001992
0.002519
0.001742
0.002054
0.002224
0.002489
0.001465
0.001645
0.001761
0.002194
0.001607
0.001946
0.001623
0.001706
0.002260
0.001691
0.001968
0.001856
0.001784
0.001786
0.002383
0.001993
0.002460
0.002036
0.002033
0.002168
0.001662
0.001916
0.001409
0.001085
0.001706
0.001690
0.001765
0.002054
0.001316
0.002393
0.001628
0.002325
0.002103
0.001588
0.002152
0.001143
0.001500
0.001905
0.001971
0.001665
0.001328
0.001617
0.001595
0.001908
0.001289
0.001869
0.001576
0.001164
0.001677
0.001701
0.001794
0.001331
0.001948
0.002487
0.001678
0.002226
0.001801
0.001588
0.001403
0.002058
0.001537
0.001749
0.001460
0.001992
0.002307
0.001865
0.002022
0.001762
0.002256
0.002188
0.002392
0.002821
0.001549
0.001500
0.001947
0.001788
0.001602
0.001651
0.002336
0.001703
0.003002
0.001813
0.001673
0.002299
0.001938
0.001658
0.001720
0.001918
0.002116
0.001555
0.001922
0.002316
0.002676
0.001976
0.001653
0.001556
0.001861
0.002609
0.002558
0.001619
0.001847
0.002446
0.002112
0.002079
0.001885
0.001643
0.002222
0.002168
0.001943
0.001322
0.001457
0.001878
0.001717
0.001521
0.002315
0.002141
0.001854
0.002341
0.002230
0.001634
0.001174
0.001578
0.002047
0.002062
0.002026
0.002495
0.001110
0.001929
0.002034
0.002431
0.002372
0.002196
0.002477
0.002315
0.001900
0.002811
0.002099
0.002929
0.002018
0.002097
0.001746
0.002160
0.001607
0.002251
0.001921
0.002227
0.001873
0.002074
0.002419
0.001907
0.001406
0.001492
0.002512
0.001926
0.001904
0.001756
0.001961
0.001992
0.001766
0.001861
0.002238
0.002042
0.002185
0.001434
0.001850
0.001735
0.001664
0.002160
0.001971
0.001939
0.000979
0.001321
0.001691
0.002381
0.002085
0.001691
0.002356
0.001140
0.001662
0.001712
0.002010
0.001579
0.001392
0.001618
0.003288
0.002118
0.001726
0.001774
0.001675
0.002575
0.002536
0.003113
0.001837
0.002358
0.001663
0.001986
0.001606
0.002023
0.002344
0.001865
0.001992
0.002057
0.001785
0.002461
0.001994
0.001725
0.002191
0.001720
0.001166
0.003038
0.001995
0.001080
0.001407
0.001950
0.001553
0.001274
0.002298
0.002363
0.002453
0.001889
0.001897
0.001809
0.001697
0.002156
0.002317
0.001944
0.002056
0.001523
0.001330
0.001880
0.002407
0.002413
0.002375
0.001743
0.001883
0.002435
0.001630
0.001277
0.002274
0.001515
0.002008
0.002163
0.002189
0.001828
0.001789
0.001707
