0.014717
0.009349
0.011721
0.012180
0.011418
0.008974
0.009929
0.011121
0.011386
0.008928
0.010290
0.011384
0.010892
0.015057
0.014085
0.011052
0.015064
0.014304
0.013762
0.015301
0.014439
0.014056
0.017115
0.015865
0.015662
0.014289
0.014867
0.013884
0.013879
0.013363
0.015971
0.013315
0.014574
0.015346
0.014154
0.012533
0.015590
0.015284
0.014832
0.014803
0.014838
0.013625
0.014632
0.015007
0.014943
0.013874
0.015634
0.014751
0.009892
0.014142
0.012520
0.012047
0.014159
0.012578
0.014842
0.013015
0.014849
0.015841
0.019166
0.014138
0.013047
0.012656
0.009840
0.015579
0.015516
0.011955
0.013121
0.013336
0.015640
0.015038
0.014028
0.014657
0.012454
0.013935
0.014182
0.014306
0.012769
0.012690
0.014553
0.013985
0.012023
0.013745
0.013758
0.012441
0.012847
0.015378
0.012282
0.014269
0.015892
0.013737
0.011817
0.015352
0.013594
0.013149
0.011920
0.014077
0.012371
0.012129
0.013272
0.015231
0.013731
0.013457
0.011277
0.013421
0.009650
0.018540
0.012861
0.014899
0.012109
0.014681
0.014653
0.013866
0.013832
0.013098
0.015257
0.014572
0.011237
0.013830
0.013202
0.011793
0.014097
0.011112
0.014579
0.014486
0.010396
0.015011
0.014692
0.014731
0.011067
0.014149
0.013933
0.013759
0.014737
0.013487
0.012498
0.014931
0.011840
0.014674
0.015039
0.015316
0.014025
0.011618
0.014339
0.014561
0.012474
0.014958
0.013509
0.013304
0.013809
0.012633
0.014400
0.013179
0.014248
0.015658
0.015129
0.013537
0.013562
0.012524
0.014554
0.013875
0.013455
0.012321
0.015721
0.014415
0.012859
0.012958
0.014670
0.011160
0.016177
0.011773
0.012693
0.012763
0.014018
0.014460
0.011167
0.013166
0.013842
0.015011
0.013051
0.012110
0.015501
0.012611
0.011054
0.012844
0.013393
0.013352
0.013312
0.011492
0.013328
0.013696
0.012657
0.010594
0.012342
0.013749
0.013786
0.014905
0.013042
0.015599
0.013258
0.013550
0.012245
0.009341
0.015027
0.013166
0.014274
0.012406
0.014953
0.014943
0.015107
0.012418
0.014149
0.013121
0.012647
0.013650
0.011451
0.014693
0.013614
0.011449
0.014035
0.014887
0.015072
0.010769
0.011109
0.010528
0.012304
0.015571
0.012191
0.011194
0.013909
0.012687
0.012248
0.014065
0.015510
0.012896
0.012778
0.014486
0.013815
0.011265
0.014833
0.013895
0.013787
0.014061
0.013008
0.011926
0.012287
0.012829
0.014049
0.012831
0.014470
0.013993
0.011393
0.014973
0.015189
0.012670
0.014201
0.014947
0.015534
0.013271
0.013526
0.013791
0.010941
0.013264
0.011825
0.013623
0.013195
0.014032
0.015382
0.012614
0.015553
0.012535
0.013748
0.013938
0.013360
0.014691
0.013299
0.011524
0.013333
0.014122
0.012089
0.015025
0.013006
0.014329
0.012409
0.013879
0.015618
0.017940
0.012175
0.013904
0.014778
0.011966
0.012913
0.014331
0.014170
0.013808
0.013174
0.012140
0.013333
0.012717
0.012795
0.013773
0.014440
0.012036
0.014091
0.014315
0.011735
0.014051
0.014041
0.012597
0.015512
0.012355
0.013775
0.013228
0.013554
0.012766
0.010752
0.013795
0.012274
0.013374
0.015712
0.014261
0.015578
0.013115
0.010914
0.014632
0.011382
0.014525
0.014523
0.014844
0.012764
0.014778
0.009216
0.013036
0.014055
0.011908
0.012310
0.015887
0.014847
0.012047
0.015189
0.014770
0.012771
0.013195
0.014111
0.014732
0.015055
0.014964
0.011555
0.015476
0.011083
0.013639
0.013765
0.013236
0.013299
0.013341
0.014013
0.011849
0.014962
0.013897
0.014882
0.014176
0.013262
0.013419
0.012223
0.013370
0.014127
0.014633
0.015520
0.015481
0.014637
0.015068
0.014224
0.013526
0.014683
0.013031
0.013669
0.015199
0.012209
0.014205
0.013890
0.013555
0.015524
0.014906
0.014107
0.015117
0.014806
0.013987
0.014459
0.011987
0.013953
0.012513
0.013790
0.013717
0.013806
0.013491
0.014382
0.012494
0.014743
0.013756
0.013478
0.014401
0.015406
0.011863
0.013875
0.011554
0.013189
0.013416
0.013456
0.013906
0.013921
0.012902
0.015006
0.014593
0.014248
0.011892
0.012213
0.014676
0.015360
0.013586
0.014571
0.015241
0.011362
0.010717
0.008760
0.013011
0.013105
0.015574
0.012131
0.014608
0.012530
0.013290
0.017566
0.015495
0.012383
0.013719
0.012094
0.012217
0.012668
0.011916
0.011609
0.012919
0.013884
0.014690
0.012209
0.013288
0.011056
0.010271
0.013956
0.015522
0.015193
0.013119
0.012666
0.014414
0.014967
0.009621
0.012352
0.015079
0.015298
0.014069
0.014378
0.010751
0.012818
0.012392
0.013836
0.013793
0.010608
0.014193
0.012267
0.014137
0.013156
0.011866
0.014681
0.014769
0.012168
0.012981
0.012128
0.014755
0.013944
0.012822
0.013612
0.015173
0.012113
0.013375
0.014347
0.014978
0.014618
0.011307
0.012124
0.012619
0.013631
0.014214
0.013416
0.016129
0.012958
0.014350
0.013380
0.014213
0.012507
0.011834
0.014087
0.014970
0.013113
0.014738
0.011043
0.014216
0.012157
0.012693
0.013198
0.013864
0.013669
0.014879
0.011827
0.014215
0.015006
0.014243
0.014438
0.012697
0.015071
0.011180
0.013617
0.013793
0.014307
0.013795
0.014956
0.013371
0.015317
0.013807
0.013187
0.014020
0.014029
0.013944
0.014063
0.012012
0.013424
0.014368
0.011499
0.015062
0.011700
0.014401
0.011803
0.014887
0.014215
0.013105
0.013627
0.014783
0.014506
0.013722
0.013266
0.014465
0.012997
0.012392
0.012634
0.013154
0.010746
0.014046
0.013665
0.011521
0.014025
0.012776
0.013118
0.014114
0.011565
0.013766
0.013647
0.013088
0.014063
0.013663
0.013172
0.013165
0.013319
0.015928
0.015702
0.013499
0.013844
0.013587
0.013263
0.014456
0.011512
0.013108
0.014467
0.014193
0.016102
0.012917
0.014239
0.018329
0.012319
0.018488
0.013094
0.011399
0.014655
0.013659
0.015048
0.011029
0.013662
0.012338
0.013229
0.013750
0.013945
0.010320
0.009906
0.011548
0.013830
0.012375
0.013319
0.010519
0.014874
0.013030
0.012704
0.012294
0.010519
0.015403
0.013806
0.012765
0.013812
0.014917
0.010716
0.013933
0.015175
0.014401
0.015354
0.013035
0.012885
0.011992
0.012635
0.014056
0.012742
0.011129
0.014961
0.012608
0.013864
0.010722
0.014942
0.012549
0.013046
0.014393
0.015206
0.012806
0.014810
0.015488
0.013274
0.012887
0.014828
0.010723
0.012239
0.012618
0.012199
0.013402
0.014341
0.015000
0.016083
0.013360
0.011808
0.013613
0.014012
0.013991
0.013561
0.014929
0.013531
0.012806
0.012576
0.013418
0.012775
0.011394
0.012231
0.013722
0.014870
0.009140
0.013882
0.013625
0.015025
0.012778
0.014688
0.013494
0.014528
0.015459
0.015259
0.013253
0.014586
0.014110
0.012285
0.015194
0.012856
0.013313
0.012759
0.015362
0.012333
0.014275
0.012565
0.014567
0.012051
0.011960
0.011860
0.014346
0.011847
0.014721
0.014981
0.013469
0.015936
0.014396
0.012427
0.014765
0.012720
0.012830
0.012937
0.013580
0.014789
0.013074
0.015443
0.011592
0.014426
0.015401
0.012732
0.011854
0.011408
0.010948
0.011928
0.014934
0.013449
0.013522
0.014222
0.014478
0.014479
0.013756
0.015065
0.013180
0.010743
0.013951
0.015976
0.012034
0.014801
0.015037
0.013792
0.014396
0.010725
0.012234
0.014792
0.015514
0.013729
0.012718
0.013461
0.013128
0.015010
0.013278
0.013868
0.012719
0.013323
0.013325
0.012003
0.013398
0.014460
0.012250
0.013483
0.014748
0.014092
0.012704
0.012206
0.011832
0.011767
0.013850
0.013534
0.010350
0.013432
0.012777
0.014246
0.011949
0.014709
0.012237
0.015304
0.011937
0.011740
0.013272
0.014429
0.015597
0.012894
0.012278
0.012421
0.014534
0.012459
0.016130
0.015477
0.012361
0.012515
0.013281
0.015796
0.012681
0.011432
0.013568
0.014744
0.013671
0.013510
0.010994
0.013268
0.011718
0.013615
0.011735
0.012967
0.014880
0.013325
0.013812
0.009459
0.015019
0.013698
0.014163
0.013895
0.012172
0.014282
0.013244
0.012988
0.012063
0.013349
0.015237
0.012427
0.012381
0.015394
0.015628
0.013987
0.013325
0.009675
0.015521
0.014636
0.014040
0.010895
0.014089
0.013196
0.015062
0.011661
0.011620
0.013966
0.012423
0.012635
0.012969
0.014016
0.011145
0.015015
0.015472
0.012491
0.012487
0.012179
0.014598
0.014133
0.015704
0.013543
0.012593
0.012973
0.012056
0.008501
0.013705
0.012820
0.013867
0.011362
0.014862
0.012054
0.013013
0.015137
0.012491
0.012233
0.014467
0.015240
0.013679
0.014443
0.013861
0.013671
0.013178
0.014362
0.014955
0.014049
0.013830
0.013598
0.011545
0.013756
0.012250
0.010921
0.015748
0.011673
0.015482
0.012789
0.014710
0.012279
0.013085
0.013188
0.015445
0.014796
0.015041
0.011952
0.012875
0.013636
0.013537
0.015967
0.012776
0.011898
0.011420
0.015627
0.013023
0.013515
0.014711
0.018275
0.015100
0.012383
0.012223
0.012266
0.013016
0.014548
0.014537
0.013286
0.015012
0.013537
0.013474
0.012919
0.012190
0.013900
0.012687
0.012535
0.013689
0.012311
0.012965
0.012818
0.012856
0.013597
0.014318
0.015496
0.013394
0.012278
0.014443
0.014539
0.013576
0.014937
0.012475
0.013211
0.012070
0.012504
0.011858
0.011422
0.013435
0.011450
0.014938
0.014760
0.015328
0.012084
0.014220
0.013407
0.012426
0.015194
0.014841
0.014522
0.013322
0.012303
0.012671
0.014873
0.014954
0.012528
0.014002
0.013955
0.014687
0.013370
0.016632
0.022850
0.019164
0.018463
0.018736
0.014525
0.017734
0.014330
0.014261
0.015120
0.014723
0.011472
0.013849
0.011788
0.013781
0.013640
0.013042
0.011969
0.011398
0.012191
0.015257
0.015154
0.015908
0.017316
0.017855
0.015053
0.012815
0.012976
0.013896
0.013926
0.011820
0.013783
0.015742
0.015382
0.014168
0.012730
0.011345
0.015171
0.010877
0.015956
0.011093
0.015240
0.012427
0.012538
0.013189
0.011417
0.014877
