0.014265
0.011807
0.010347
0.011263
0.011037
0.011203
0.011277
0.011398
0.011107
0.011040
0.011739
0.011773
0.011124
0.013479
0.013488
0.014243
0.012745
0.013358
0.013894
0.013840
0.013002
0.014938
0.015032
0.012761
0.013807
0.014267
0.013418
0.013554
0.013615
0.013066
0.012577
0.014230
0.013537
0.013489
0.014622
0.013348
0.014032
0.012176
0.014120
0.013143
0.013372
0.013862
0.014098
0.012710
0.013772
0.013238
0.013511
0.015561
0.014931
0.013615
0.014990
0.013194
0.015090
0.013677
0.012872
0.013841
0.013920
0.012963
0.015675
0.012173
0.013267
0.013149
0.014283
0.012525
0.012945
0.014476
0.012965
0.013349
0.014668
0.013860
0.015004
0.013640
0.013551
0.014327
0.014737
0.012784
0.014102
0.012837
0.014078
0.012589
0.013104
0.013319
0.014346
0.013529
0.013295
0.013087
0.014584
0.012342
0.013186
0.012250
0.012718
0.013518
0.014625
0.014191
0.014984
0.014491
0.013627
0.013807
0.013657
0.013364
0.014081
0.013147
0.013588
0.014825
0.013254
0.012149
0.013388
0.013556
0.013497
0.013374
0.013303
0.014234
0.014479
0.013461
0.013574
0.014841
0.014326
0.014701
0.013349
0.015124
0.014609
0.014897
0.013168
0.013728
0.014888
0.013599
0.013694
0.013088
0.014924
0.014078
0.013817
0.013346
0.013407
0.013634
0.013387
0.013070
0.014616
0.014422
0.013163
0.013148
0.013293
0.013127
0.013663
0.012908
0.013213
0.013474
0.013320
0.014983
0.014118
0.013464
0.014809
0.012878
0.013294
0.013431
0.014179
0.013233
0.014126
0.014130
0.012606
0.014733
0.013202
0.013790
0.013103
0.014617
0.013284
0.011849
0.013168
0.012476
0.013384
0.013416
0.012984
0.013850
0.012391
0.013479
0.013362
0.014035
0.013816
0.014277
0.012764
0.013463
0.012529
0.011989
0.013663
0.013582
0.014308
0.014367
0.013074
0.013812
0.013496
0.012977
0.014160
0.014082
0.013887
0.014493
0.012899
0.012163
0.012938
0.014012
0.013740
0.012990
0.013124
0.013727
0.014006
0.013346
0.013009
0.013324
0.012857
0.013833
0.013664
0.013251
0.013158
0.013868
0.014122
0.012050
0.012721
0.012382
0.013135
0.014702
0.013532
0.014783
0.015450
0.013985
0.014331
0.014458
0.013657
0.012416
0.014350
0.013516
0.015506
0.013597
0.014255
0.012543
0.013458
0.014227
0.013289
0.014133
0.013758
0.013002
0.013937
0.013333
0.012282
0.013499
0.013234
0.014093
0.012405
0.013604
0.015161
0.013708
0.013877
0.013406
0.012822
0.013650
0.014277
0.013444
0.013135
0.013229
0.012612
0.013667
0.012896
0.013168
0.013838
0.014040
0.013054
0.011613
0.013921
0.012312
0.012397
0.014780
0.013868
0.011903
0.012958
0.013778
0.013852
0.013439
0.013863
0.015116
0.013886
0.012085
0.014455
0.013492
0.014704
0.013812
0.012894
0.013619
0.013706
0.013479
0.013596
0.013363
0.012239
0.013763
0.013235
0.013437
0.013055
0.012968
0.011578
0.012566
0.014543
0.012923
0.013599
0.014184
0.014015
0.013452
0.012662
0.013431
0.012350
0.014862
0.014506
0.013926
0.013586
0.013146
0.012914
0.013514
0.013793
0.014455
0.013681
0.012344
0.012509
0.013341
0.015120
0.013896
0.013376
0.013315
0.013024
0.012593
0.014262
0.013941
0.014001
0.012798
0.014089
0.013461
0.013085
0.013328
0.014100
0.013581
0.011884
0.014113
0.012922
0.012485
0.013529
0.012656
0.013378
0.013131
0.013615
0.013959
0.013673
0.013781
0.014317
0.013748
0.011262
0.013951
0.011900
0.013217
0.014437
0.012620
0.013997
0.014183
0.012641
0.011909
0.013097
0.013621
0.013267
0.013197
0.014954
0.012604
0.013120
0.014065
0.013877
0.013312
0.013496
0.014079
0.012617
0.012638
0.013529
0.014132
0.013508
0.013799
0.013645
0.013308
0.014037
0.013043
0.013126
0.013820
0.013622
0.013817
0.012383
0.013617
0.011776
0.014342
0.013560
0.013234
0.012083
0.014240
0.014135
0.012326
0.013704
0.013765
0.014140
0.013143
0.012799
0.013624
0.012960
0.013534
0.012323
0.013249
0.012300
0.013441
0.013373
0.014540
0.013198
0.013767
0.012125
0.013438
0.014542
0.013540
0.012903
0.013580
0.013176
0.012457
0.012287
0.014032
0.014040
0.013197
0.013669
0.013700
0.013688
0.013541
0.014168
0.012299
0.013533
0.012504
0.014493
0.013922
0.012525
0.014084
0.014080
0.013041
0.014526
0.012460
0.012538
0.013243
0.013708
0.013994
0.013429
0.013884
0.014289
0.014209
0.012827
0.013108
0.013883
0.012902
0.014327
0.013225
0.012281
0.010866
0.013789
0.012495
0.013020
0.013416
0.012472
0.014761
0.013057
0.013564
0.012821
0.013520
0.013246
0.013368
0.015197
0.012680
0.012455
0.014013
0.011722
0.013077
0.013550
0.013483
0.013381
0.012797
0.013746
0.012157
0.012815
0.012613
0.012438
0.014051
0.013619
0.013468
0.014109
0.013456
0.014143
0.012524
0.014174
0.014912
0.012596
0.013655
0.016664
0.013991
0.014287
0.013879
0.012582
0.013624
0.013780
0.014147
0.014370
0.012471
0.012324
0.013752
0.012966
0.012195
0.014687
0.013545
0.013598
0.013549
0.014407
0.014183
0.013376
0.012632
0.013201
0.013810
0.013147
0.012836
0.011982
0.013578
0.012862
0.013440
0.013118
0.013895
0.013349
0.012431
0.012840
0.013284
0.013858
0.013660
0.014128
0.013502
0.013435
0.014552
0.013464
0.011928
0.013386
0.014128
0.012875
0.013842
0.012214
0.013572
0.014616
0.013583
0.013491
0.013771
0.014855
0.012177
0.014388
0.013666
0.012638
0.013294
0.014452
0.012477
0.012139
0.012789
0.013024
0.013213
0.013766
0.014089
0.013389
0.013822
0.014056
0.012231
0.014473
0.013225
0.012475
0.013985
0.012344
0.013608
0.012456
0.012731
0.012623
0.012901
0.012840
0.013588
0.013388
0.014281
0.013081
0.013310
0.013483
0.013514
0.012740
0.013692
0.016274
0.014704
0.014056
0.013699
0.013839
0.013775
0.012990
0.012408
0.012318
0.013756
0.013698
0.013689
0.013882
0.013215
0.013280
0.014207
0.013630
0.014243
0.012554
0.013278
0.013906
0.013071
0.014185
0.014533
0.012980
0.014407
0.013232
0.013709
0.013679
0.014585
0.012876
0.013217
0.014085
0.012980
0.014053
0.013184
0.013529
0.013529
0.013545
0.012252
0.013030
0.013092
0.012066
0.013481
0.013355
0.013619
0.012510
0.014229
0.012899
0.014201
0.013514
0.013296
0.013531
0.013678
0.012704
0.013441
0.012775
0.014002
0.013508
0.013091
0.012673
0.015457
0.012845
0.012581
0.012972
0.012257
0.012906
0.012462
0.013522
0.013971
0.013373
0.013007
0.014060
0.013938
0.013526
0.011819
0.013661
0.013743
0.013620
0.013311
0.013236
0.013794
0.012570
0.013573
0.012873
0.013395
0.013474
0.013978
0.013720
0.013381
0.013446
0.013311
0.013679
0.013355
0.014664
0.012339
0.013299
0.013097
0.013850
0.013536
0.012211
0.013691
0.013139
0.013151
0.013444
0.012300
0.013588
0.014061
0.013397
0.013098
0.013998
0.012927
0.014625
0.012048
0.015510
0.014183
0.013046
0.012639
0.012833
0.014039
0.012669
0.014123
0.013165
0.014114
0.012886
0.013778
0.014368
0.014021
0.013964
0.012920
0.013461
0.013065
0.013018
0.013659
0.012641
0.013925
0.013279
0.013849
0.011480
0.012754
0.013753
0.013270
0.013233
0.012561
0.012647
0.014553
0.013266
0.012711
0.013533
0.013424
0.013097
0.013108
0.013433
0.013687
0.012453
0.013034
0.013382
0.012812
0.013532
0.013320
0.013170
0.013290
0.013739
0.012256
0.013968
0.014048
0.013113
0.013863
0.012549
0.012803
0.013573
0.013898
0.013528
0.014316
0.014850
0.013675
0.012773
0.012538
0.013617
0.013735
0.012404
0.013732
0.012774
0.013847
0.013145
0.012917
0.014299
0.013730
0.013997
0.013661
0.012983
0.013621
0.013275
0.012783
0.014569
0.012953
0.013099
0.013782
0.012811
0.012865
0.012689
0.013997
0.013664
0.013933
0.013123
0.013289
0.012501
0.013478
0.013491
0.013977
0.013571
0.013536
0.012627
0.013245
0.013277
0.013344
0.013910
0.013798
0.012995
0.013553
0.015003
0.013187
0.013699
0.014138
0.013416
0.013479
0.013580
0.013737
0.012232
0.013696
0.013558
0.013340
0.013735
0.013817
0.013738
0.012790
0.011936
0.014008
0.013520
0.013457
0.014291
0.013202
0.013104
0.013296
0.013071
0.012961
0.013196
0.013599
0.013481
0.013047
0.013007
0.013695
0.012885
0.013727
0.012466
0.013592
0.014938
0.014000
0.014106
0.014990
0.012490
0.013894
0.014072
0.013101
0.014830
0.013301
0.012985
0.014160
0.013289
0.012718
0.014763
0.013620
0.013454
0.014550
0.013520
0.013449
0.013932
0.012952
0.013365
0.013417
0.012513
0.012937
0.013478
0.012914
0.013059
0.013913
0.012284
0.013530
0.013459
0.013400
0.014094
0.013501
0.014689
0.014575
0.014234
0.014008
0.012903
0.013312
0.014199
0.014009
0.012452
0.014027
0.011890
0.013038
0.014365
0.013323
0.011872
0.013699
0.013804
0.014144
0.014405
0.013698
0.014358
0.014484
0.014151
0.013359
0.014756
0.014200
0.014128
0.013092
0.013990
0.013013
0.012900
0.013251
0.014235
0.014136
0.013965
0.013164
0.014420
0.013642
0.014208
0.011899
0.012689
0.013420
0.013953
0.013651
0.012714
0.012947
0.013177
0.014031
0.014207
0.013026
0.013752
0.014157
0.013707
0.012991
0.013880
0.014043
0.014583
0.013164
0.013040
0.013021
0.014311
0.012658
0.014480
0.013572
0.013685
0.013582
0.012997
0.013991
0.013240
0.012945
0.014487
0.011312
0.012432
0.013944
0.012371
0.013380
0.013443
0.014273
0.020889
0.017769
0.015956
0.016834
0.016722
0.016846
0.013020
0.012799
0.014017
0.013159
0.013433
0.012288
0.013568
0.015312
0.012993
0.013263
0.013819
0.014226
0.013714
0.011597
0.016204
0.016867
0.016459
0.015105
0.016483
0.014411
0.014360
0.013115
0.013583
0.013399
0.013991
0.013855
0.013137
0.014591
0.013798
0.014317
0.013353
0.013304
0.013743
0.013271
0.012589
0.012590
0.013439
0.012765
0.014188
0.012046
