0.011959
0.011736
0.010099
0.011972
0.010037
0.010797
0.010458
0.010943
0.009740
0.011172
0.011350
0.011404
0.015131
0.012368
0.013529
0.012175
0.014102
0.013290
0.012624
0.014507
0.012688
0.012930
0.016878
0.014050
0.013106
0.014090
0.015358
0.014314
0.013528
0.013779
0.012365
0.013130
0.012969
0.013398
0.012856
0.013607
0.014680
0.013585
0.013709
0.014339
0.014069
0.013627
0.013738
0.014526
0.012768
0.013098
0.013766
0.012021
0.013202
0.013718
0.014353
0.012938
0.014365
0.013580
0.012646
0.014238
0.013822
0.014299
0.013817
0.012993
0.013190
0.013110
0.013669
0.013469
0.013309
0.013838
0.012843
0.013084
0.012529
0.013813
0.014107
0.014173
0.011833
0.014443
0.012677
0.012672
0.014061
0.012882
0.013763
0.013724
0.013306
0.012932
0.014588
0.012951
0.012077
0.011954
0.013811
0.013347
0.012917
0.013935
0.013696
0.012726
0.013582
0.013966
0.012562
0.012291
0.013202
0.013088
0.012816
0.014309
0.013287
0.013967
0.013655
0.013269
0.013348
0.014550
0.012960
0.012449
0.013700
0.013266
0.013273
0.013341
0.010228
0.013234
0.013066
0.013409
0.012703
0.013360
0.013220
0.013049
0.011984
0.013846
0.012007
0.013613
0.014392
0.013973
0.013583
0.013675
0.013987
0.013444
0.013025
0.013302
0.012808
0.013914
0.011838
0.012980
0.013653
0.012918
0.012692
0.015889
0.013719
0.013773
0.013999
0.012516
0.013327
0.012990
0.014144
0.011546
0.013884
0.012371
0.012418
0.013996
0.011969
0.013420
0.012742
0.015390
0.012532
0.013303
0.013562
0.014513
0.012183
0.014062
0.011407
0.013294
0.012815
0.013916
0.014440
0.012074
0.014811
0.014282
0.014376
0.013813
0.012058
0.013618
0.013561
0.013132
0.012750
0.012887
0.013152
0.014455
0.014157
0.012713
0.014316
0.014612
0.013293
0.012397
0.013421
0.012823
0.012379
0.014578
0.012975
0.012534
0.013446
0.013695
0.013595
0.013384
0.012366
0.014149
0.011399
0.013218
0.013950
0.014045
0.012310
0.014192
0.013352
0.013893
0.013195
0.012786
0.014150
0.012226
0.010738
0.013178
0.013410
0.013268
0.013411
0.013856
0.012197
0.013610
0.013864
0.014092
0.013850
0.011993
0.012895
0.012745
0.013346
0.012234
0.013645
0.013417
0.013946
0.013635
0.012063
0.014269
0.012348
0.013362
0.013121
0.012260
0.011482
0.013843
0.013536
0.013079
0.012465
0.012176
0.013316
0.013564
0.012575
0.013562
0.013418
0.013591
0.013334
0.012928
0.012634
0.013836
0.011553
0.013278
0.012585
0.013120
0.013489
0.013351
0.012719
0.014276
0.011867
0.011934
0.013607
0.013040
0.013187
0.012455
0.013444
0.011955
0.014343
0.013077
0.012194
0.012076
0.013495
0.012695
0.013167
0.011797
0.013313
0.013934
0.012896
0.012971
0.014865
0.012959
0.013584
0.011602
0.013654
0.013478
0.013141
0.012319
0.011546
0.013810
0.013653
0.013684
0.013927
0.013175
0.013548
0.013663
0.013635
0.012350
0.012989
0.011870
0.011848
0.013802
0.012834
0.013229
0.013074
0.015015
0.014885
0.012226
0.013328
0.014476
0.012206
0.012745
0.012346
0.013664
0.012826
0.014548
0.014099
0.013622
0.013503
0.013167
0.014036
0.013381
0.012218
0.011572
0.014025
0.011998
0.013794
0.013997
0.012222
0.011771
0.013677
0.013815
0.013015
0.013780
0.017607
0.013899
0.012891
0.013724
0.012863
0.013451
0.012613
0.014560
0.013362
0.013403
0.012920
0.013623
0.013124
0.014695
0.012972
0.011345
0.012850
0.012992
0.013384
0.012416
0.013855
0.013012
0.014394
0.014828
0.015309
0.014369
0.013031
0.012991
0.014031
0.012604
0.013295
0.013116
0.012125
0.013011
0.013206
0.014429
0.012803
0.012020
0.011442
0.013942
0.011904
0.013360
0.013179
0.013650
0.013739
0.012606
0.013348
0.013105
0.013169
0.012821
0.013489
0.011421
0.013204
0.013472
0.013315
0.013249
0.014011
0.012814
0.013395
0.013676
0.013930
0.013341
0.012515
0.014028
0.014521
0.012403
0.013681
0.011898
0.013090
0.012239
0.013614
0.012817
0.012837
0.012744
0.013251
0.013203
0.013423
0.013018
0.012822
0.013183
0.013196
0.012604
0.013292
0.013678
0.013562
0.014053
0.013085
0.012225
0.013805
0.012904
0.013915
0.013641
0.012585
0.013992
0.013135
0.014451
0.013269
0.012742
0.013304
0.013060
0.013263
0.012887
0.014790
0.014724
0.013084
0.012087
0.013056
0.012619
0.013025
0.013576
0.012156
0.014104
0.012408
0.014782
0.013369
0.011620
0.012710
0.013862
0.013356
0.013203
0.012958
0.013740
0.014239
0.013020
0.013095
0.013722
0.013596
0.013013
0.013707
0.012179
0.013602
0.013842
0.013371
0.013010
0.010823
0.011818
0.012692
0.011797
0.012650
0.013268
0.013643
0.012618
0.013725
0.013160
0.013688
0.012609
0.013734
0.014187
0.013969
0.014778
0.012241
0.013186
0.013573
0.013167
0.013925
0.013558
0.012243
0.015057
0.014316
0.012701
0.013612
0.012512
0.012991
0.012868
0.012087
0.012834
0.012846
0.012865
0.013257
0.012539
0.012812
0.013145
0.013536
0.013009
0.013004
0.013926
0.012691
0.013188
0.014026
0.014091
0.013214
0.013130
0.013526
0.013999
0.014039
0.014085
0.013913
0.013821
0.013518
0.014299
0.013066
0.013209
0.013418
0.012175
0.012509
0.013130
0.011586
0.013918
0.014361
0.013427
0.012585
0.012980
0.012740
0.012557
0.013769
0.013973
0.013900
0.012125
0.012796
0.013605
0.012372
0.014486
0.013138
0.012718
0.012843
0.013271
0.012869
0.013277
0.012659
0.010997
0.013557
0.012607
0.013597
0.012300
0.013514
0.013392
0.012358
0.011593
0.013643
0.015114
0.012775
0.014660
0.012447
0.012347
0.012404
0.013241
0.012742
0.013996
0.014325
0.013296
0.013291
0.012279
0.014003
0.012698
0.012482
0.012944
0.012392
0.013130
0.012757
0.013519
0.013421
0.013994
0.012212
0.013212
0.013567
0.013779
0.013181
0.013581
0.013330
0.017965
0.014659
0.013568
0.013089
0.013440
0.013645
0.012568
0.013612
0.013294
0.013137
0.013379
0.013219
0.009973
0.012492
0.013362
0.013740
0.012979
0.012838
0.012882
0.013549
0.013160
0.013308
0.012756
0.012411
0.011467
0.013617
0.012626
0.012934
0.013883
0.014390
0.013155
0.014138
0.011231
0.014381
0.014261
0.011745
0.012875
0.014521
0.013943
0.013634
0.012597
0.011583
0.012065
0.011558
0.012169
0.013140
0.013261
0.013100
0.011726
0.013275
0.012571
0.012575
0.013843
0.013571
0.012501
0.012983
0.013641
0.012145
0.011647
0.012956
0.012905
0.012002
0.010021
0.013471
0.012763
0.012474
0.012526
0.014301
0.013696
0.012237
0.011716
0.014259
0.015141
0.012494
0.012512
0.013198
0.014526
0.012343
0.013738
0.013394
0.012632
0.014049
0.013712
0.013033
0.011868
0.013691
0.014166
0.013370
0.012967
0.012860
0.014025
0.013460
0.013394
0.012807
0.012420
0.013461
0.013563
0.012841
0.013894
0.012993
0.013591
0.012909
0.012816
0.014333
0.011968
0.012907
0.013710
0.012083
0.013042
0.013150
0.012778
0.013433
0.014316
0.013957
0.013328
0.014670
0.013787
0.013963
0.013063
0.011298
0.012105
0.014488
0.013782
0.013000
0.013897
0.012212
0.013099
0.013354
0.011467
0.012724
0.014339
0.013774
0.013599
0.013465
0.011342
0.013248
0.012063
0.013427
0.013743
0.013652
0.012862
0.012684
0.012405
0.013235
0.012957
0.012084
0.013034
0.014372
0.012359
0.013867
0.013281
0.012881
0.013272
0.012909
0.014646
0.013583
0.012297
0.012166
0.013055
0.013374
0.012964
0.012691
0.013582
0.012995
0.013898
0.012080
0.014661
0.013578
0.013827
0.012683
0.012914
0.013126
0.014174
0.013019
0.012357
0.014478
0.013651
0.013191
0.013225
0.014987
0.013104
0.012844
0.013344
0.013341
0.013550
0.013075
0.013086
0.012318
0.011991
0.013037
0.011280
0.012251
0.013406
0.014364
0.013499
0.013425
0.013885
0.013654
0.013429
0.011294
0.013275
0.013820
0.013483
0.013539
0.012009
0.014236
0.012353
0.012738
0.014011
0.012684
0.013717
0.013255
0.012455
0.013799
0.013697
0.012331
0.010920
0.014302
0.013342
0.013012
0.014163
0.013537
0.012846
0.013535
0.013505
0.013936
0.014115
0.013920
0.013583
0.013107
0.012900
0.012502
0.012833
0.012844
0.013538
0.013850
0.012995
0.015415
0.013266
0.012508
0.014115
0.013823
0.014351
0.013505
0.014246
0.014829
0.012964
0.013842
0.013030
0.012351
0.012539
0.013045
0.013500
0.014176
0.011373
0.013626
0.012664
0.013287
0.012833
0.013349
0.012665
0.012747
0.013022
0.014180
0.013114
0.014142
0.014128
0.013228
0.012459
0.014032
0.011924
0.012927
0.011916
0.013168
0.014033
0.013391
0.013025
0.012985
0.014225
0.014495
0.012814
0.012006
0.012776
0.013754
0.012507
0.012874
0.013975
0.014430
0.014178
0.013156
0.012488
0.013420
0.012586
0.012814
0.012140
0.012431
0.012937
0.012977
0.011562
0.013526
0.013860
0.013586
0.013670
0.012778
0.012114
0.012375
0.012829
0.013279
0.013264
0.011833
0.013827
0.013566
0.011222
0.013259
0.012692
0.014119
0.013695
0.014704
0.013440
0.012940
0.013037
0.014123
0.013442
0.013261
0.013807
0.012983
0.012536
0.014109
0.012453
0.012459
0.011570
0.012848
0.012504
0.014047
0.012885
0.012459
0.012880
0.013588
0.011576
0.012348
0.013708
0.013536
0.012472
0.015116
0.012651
0.012411
0.012463
0.012367
0.014046
0.014409
0.012481
0.013086
0.012809
0.013145
0.012981
0.012750
0.013532
0.012885
0.012451
0.015207
0.014278
0.021728
0.017955
0.014479
0.011986
0.019111
0.013676
0.013260
0.013588
0.014118
0.013553
0.012921
0.012064
0.012464
0.013609
0.013428
0.012547
0.013356
0.014240
0.012237
0.012000
0.018586
0.018452
0.016469
0.016042
0.016097
0.013844
0.013150
0.013903
0.013674
0.012695
0.013817
0.016307
0.012707
0.013319
0.013023
0.013214
0.013323
0.014217
0.013479
0.012967
0.014382
0.012491
0.012827
0.013687
0.011613
0.012217
