0.000608
0.000554
0.000632
0.000578
0.000584
0.000612
0.000590
0.000618
0.000997
0.000587
0.000588
0.000632
0.000641
0.000625
0.000594
0.000591
0.000638
0.000587
0.000574
0.001497
0.000610
0.000582
0.000592
0.000585
0.000569
0.000567
0.000629
0.000592
0.000639
0.000600
0.000632
0.001416
0.000616
0.000607
0.000587
0.001413
0.000630
0.001267
0.000624
0.000771
0.001673
0.000777
0.000712
0.000610
0.000636
0.000638
0.000616
0.000618
0.000592
0.000600
0.001421
0.001125
0.001330
0.001679
0.001371
0.000813
0.000593
0.000601
0.000555
0.001421
0.000554
0.001438
0.000539
0.000615
0.001557
0.000592
0.000602
0.000708
0.001485
0.000669
0.000560
0.000575
0.000599
0.000616
0.000646
0.000553
0.000850
0.000568
0.000615
0.000591
0.000565
0.000562
0.000636
0.001561
0.000592
0.000619
0.000595
0.000625
0.000576
0.000623
0.000612
0.000558
0.000607
0.000561
0.000621
0.000599
0.000603
0.000560
0.000643
0.000572
