0.000589
0.000518
0.000588
0.000542
0.000531
0.000515
0.000561
0.000542
0.000504
0.000524
0.000566
0.000555
0.000532
0.000527
0.000547
0.000547
0.000604
0.000693
0.000516
0.000515
0.000530
0.000625
0.000526
0.000523
0.000559
0.000529
0.000686
0.000583
0.000621
0.000556
0.000555
0.000594
0.000528
0.000573
0.000564
0.000570
0.000524
0.000586
0.000521
0.000503
0.000506
0.000545
0.000585
0.001522
0.000556
0.000548
0.000539
0.000676
0.000530
0.000539
0.001084
0.000810
0.000609
0.000549
0.000524
0.000513
0.000637
0.000565
0.000585
0.000546
0.000577
0.000516
0.000580
0.000543
0.000531
0.000550
0.000552
0.000527
0.000512
0.000593
0.000550
0.000523
0.000563
0.000565
0.000541
0.000583
0.000579
0.000522
0.000516
0.000556
0.000554
0.000580
0.000846
0.000520
0.000524
0.000563
0.000510
0.000554
0.000567
0.000549
0.000558
0.000560
0.000585
0.000563
0.000622
0.000538
0.000557
0.000594
0.000575
0.000528
0.000647
0.000568
0.000542
0.000601
0.000530
0.000617
0.000577
0.000574
0.000521
0.000547
0.000574
0.000544
0.000602
0.000517
0.000517
0.000518
0.000592
0.000542
0.000528
0.000526
0.000555
0.000525
0.000554
0.000568
0.000524
0.000586
0.000550
0.000519
0.000535
0.000524
0.000550
0.001572
0.000953
0.000519
0.000546
0.000572
0.001549
0.000576
0.000606
0.000518
0.000553
0.000542
0.000511
0.000582
0.000511
0.000514
0.000593
0.000530
0.000517
0.000557
0.000547
0.001069
0.000552
0.000546
0.000547
0.000547
0.000568
0.000560
0.000535
0.000551
0.000551
0.000564
0.000533
0.000560
0.001086
0.000841
0.000548
0.000911
0.000578
0.000597
0.000777
0.000685
0.000520
0.000573
0.000702
0.000580
0.000545
0.000524
0.000510
0.001612
0.000534
0.000553
0.000527
0.000532
0.000607
0.000597
0.000601
0.000586
0.000569
0.000683
0.000510
0.000586
0.000519
0.000529
0.000522
0.000572
0.000555
0.001078
0.000566
0.000520
0.001505
0.000510
0.000509
0.000521
0.000545
0.000546
0.000700
0.000531
0.000551
0.000563
0.000518
0.000595
0.000550
0.000582
0.000568
0.000526
0.000558
0.000529
0.000559
0.000576
0.000547
0.000562
0.000542
0.000524
0.000579
0.000550
0.000599
0.000562
0.000577
0.000521
0.000618
0.000581
0.000570
0.000568
0.000597
0.001225
0.000524
0.000528
0.000575
0.000896
0.000519
0.000535
0.000592
0.000528
0.000552
0.000527
0.001304
0.001225
0.000566
0.001252
0.000557
0.000514
0.000624
0.000571
0.000565
0.000569
0.000870
0.000577
0.000570
0.000524
0.000579
0.000690
0.000519
0.000516
0.000549
0.001125
0.000544
0.000539
0.000704
0.000607
0.000531
0.000573
0.000553
0.000513
0.000537
0.000565
0.000652
0.000514
0.000517
0.000587
0.000529
0.000585
0.000582
0.000512
0.000610
0.000535
0.000539
0.000519
0.000509
0.001643
0.000544
0.000582
0.000548
0.000529
0.000582
0.000552
0.000604
0.000609
0.000513
0.000610
0.000598
0.000506
0.000560
0.000530
0.000580
0.001556
0.000514
0.000509
0.000600
0.000528
0.001007
0.000535
0.000553
0.000589
0.001044
0.000586
0.000566
0.000530
0.000515
0.000521
0.000571
0.001008
0.000596
0.000561
0.000556
0.000606
0.000511
0.001639
0.000523
0.000506
0.000521
0.000605
0.000573
0.000628
0.001039
0.000561
0.000518
0.000516
0.000538
0.000575
0.000578
0.001322
0.000552
0.000553
0.000922
0.000538
0.000548
0.001338
0.000518
0.000531
0.000567
0.000509
0.000555
0.000512
0.000735
0.000956
0.000569
0.000531
0.000580
0.000600
0.000578
0.000608
0.000522
0.001449
0.000513
0.000538
0.000600
0.000616
0.000529
0.000520
0.000706
0.000515
0.000533
0.000518
0.000508
0.000535
0.000598
0.000562
0.000525
0.000553
0.000539
0.000696
0.000526
0.000553
0.000632
0.000592
0.000521
0.000598
0.000944
0.000516
0.000574
0.000530
0.000559
0.001156
0.000538
0.000518
0.001563
0.000520
0.000558
0.000539
