0.000421
0.000540
0.000674
0.000487
0.000615
0.000452
0.000289
0.000710
0.000277
0.000320
0.000385
0.000459
0.000298
0.000651
0.000474
0.000466
0.000589
0.000631
0.000280
0.000281
0.000277
0.000275
0.000294
0.000282
0.000284
0.000276
0.000285
0.000290
0.000333
0.000351
0.000347
0.000273
0.000392
0.000349
0.000318
0.000373
0.000391
0.000915
0.000278
0.000377
0.000278
0.000295
0.000307
0.000295
0.000315
0.000329
0.000610
0.000769
0.000317
0.000277
0.000539
0.000296
0.000281
0.000266
0.000278
0.000282
0.000303
0.000330
0.000285
0.000289
0.000336
0.000279
0.000407
0.000299
0.000272
0.000456
0.000271
0.000282
0.000380
0.000341
0.000312
0.000868
0.000299
0.000314
0.000282
0.000276
0.000344
0.000285
0.001467
0.000309
0.000702
0.000319
0.000537
0.000289
0.000283
0.000281
0.000278
0.000393
0.000353
0.000380
0.000406
0.000270
0.000278
0.000365
0.000276
0.000268
0.000327
0.000300
0.000365
0.000289
