0.000586
0.000543
0.000570
0.000581
0.000524
0.000544
0.000539
0.000506
0.000521
0.000560
0.000582
0.000517
0.000544
0.000517
0.000516
0.000606
0.000579
0.000557
0.000576
0.000556
0.000553
0.000584
0.000547
0.000561
0.000515
0.000564
0.000572
0.000873
0.000523
0.000594
0.000553
0.000572
0.000538
0.000530
0.000565
0.000545
0.000521
0.000535
0.000561
0.000545
0.000533
0.000517
0.000532
0.001506
0.000582
0.000515
0.000531
0.001629
0.000566
0.000563
0.001066
0.000662
0.000538
0.000557
0.000579
0.000570
0.000529
0.000533
0.000786
0.000584
0.000571
0.000552
0.001133
0.000560
0.000540
0.000524
0.000551
0.000546
0.000538
0.000534
0.000518
0.000537
0.000604
0.000597
0.000629
0.000534
0.000514
0.000561
0.000562
0.000518
0.000523
0.000522
0.000546
0.000573
0.000545
0.000519
0.000548
0.000570
0.000522
0.000573
0.001219
0.000572
0.000527
0.000526
0.000529
0.000619
0.000515
0.000524
0.000528
0.000576
0.000613
0.000558
0.000559
0.000531
0.000562
0.000544
0.000519
0.000546
0.000560
0.000579
0.000527
0.000562
0.000566
0.000559
0.000568
0.000557
0.000593
0.000515
0.000575
0.000588
0.000570
0.000568
0.000522
0.000565
0.000559
0.000559
0.000623
0.000579
0.000541
0.000599
0.000520
0.000596
0.000627
0.000550
0.000569
0.000624
0.001066
0.000565
0.000526
0.000584
0.000520
0.000565
0.000558
0.001157
0.000555
0.000547
0.000523
0.000552
0.000545
0.000532
0.000523
0.000628
0.000552
0.000522
0.000529
0.000553
0.001154
0.000527
0.000599
0.000561
0.000570
0.001123
0.000566
0.000543
0.000581
0.000762
0.000530
0.000604
0.000556
0.000553
0.001092
0.000599
0.000536
0.000552
0.000577
0.000563
0.000655
0.000549
0.000526
0.000603
0.000574
0.000525
0.000575
0.001344
0.000523
0.000578
0.000542
0.000525
0.000548
0.000530
0.000571
0.000521
0.000582
0.000558
0.000587
0.000550
0.000530
0.000667
0.000562
0.000564
0.000554
0.000552
0.000543
0.000541
0.000516
0.000524
0.000899
0.000536
0.000521
0.000519
0.000560
0.000532
0.000522
0.000520
0.000536
0.000593
0.000569
0.000564
0.000664
0.000534
0.000588
0.000530
0.000598
0.000553
0.000553
0.000553
0.000522
0.000536
0.000571
0.000559
0.000567
0.000607
0.000579
0.000551
0.000586
0.000896
0.000622
0.000562
0.000535
0.000969
0.000557
0.000555
0.000730
0.000573
0.000529
0.000518
0.000590
0.000653
0.000589
0.000555
0.000565
0.000555
0.001222
0.000555
0.000536
0.000583
0.000922
0.000522
0.000534
0.000578
0.000529
0.000528
0.000558
0.000541
0.000528
0.001072
0.000583
0.000596
0.000511
0.000540
0.000542
0.001615
0.000591
0.000526
0.000518
0.000721
0.000594
0.000538
0.000508
0.000519
0.000544
0.000904
0.000523
0.000565
0.000765
0.000573
0.000549
0.000558
0.000597
0.000579
0.000583
0.000617
0.000565
0.000581
0.000562
0.000556
0.001236
0.000588
0.000558
0.000541
0.000527
0.000540
0.000549
0.000523
0.000511
0.001114
0.000562
0.000544
0.000522
0.000869
0.000520
0.000584
0.000522
0.000529
0.001118
0.000537
0.000532
0.000603
0.000538
0.000540
0.000540
0.000527
0.000582
0.000600
0.000562
0.000535
0.000508
0.001126
0.000557
0.000536
0.000558
0.000616
0.000543
0.000525
0.000951
0.000519
0.000597
0.000556
0.000550
0.000539
0.000599
0.000726
0.000516
0.000518
0.000702
0.000532
0.000573
0.000596
0.000552
0.000586
0.000605
0.000535
0.000518
0.000561
0.000590
0.001675
0.000540
0.000556
0.000527
0.000534
0.000519
0.000532
0.000608
0.001511
0.000586
0.000663
0.000769
0.001089
0.000634
0.000550
0.001029
0.000558
0.000551
0.000570
0.000548
0.000545
0.000539
0.000599
0.000591
0.000597
0.000565
0.000526
0.000567
0.000524
0.001569
0.000648
0.000537
0.000532
0.000695
0.000562
0.001058
0.000544
0.000518
0.000635
0.000544
0.000540
0.000570
0.000555
0.000523
0.000528
