0.001440
0.001312
0.001689
0.002357
0.001505
0.001672
0.001592
0.001539
0.001612
0.001654
0.001575
0.001554
0.001571
0.001878
0.001656
0.002007
0.001621
0.001513
0.001535
0.001582
0.001618
0.001244
0.001654
0.001337
0.001326
0.001556
0.001605
0.001543
0.001577
0.001528
0.001572
0.001597
0.001568
0.001546
0.001307
0.001690
0.001476
0.001580
0.001396
0.001259
0.001576
0.001625
0.001684
0.001574
0.001641
0.001604
0.001508
0.001234
0.001584
0.001544
0.001572
0.001579
0.001548
0.001285
0.001708
0.001240
0.001247
0.001593
0.001604
0.001656
0.001515
0.001240
0.001579
0.001651
0.001532
0.001517
0.001589
0.001540
0.001724
0.001259
0.001241
0.001572
0.001523
0.001631
0.001601
0.001595
0.001546
0.001514
0.001683
0.001582
0.001525
0.001277
0.001572
0.001540
0.001516
0.001486
0.001602
0.001559
0.001570
0.001512
0.001646
0.001600
0.001624
0.001662
0.001545
0.001590
0.001768
0.001767
0.001586
0.001346
0.001594
0.001581
0.001489
0.001303
0.001524
0.001618
0.001637
0.001598
0.001561
0.001711
0.001327
0.002325
0.001574
0.001282
0.001563
0.001306
0.001539
0.002257
0.001591
0.001540
0.001590
0.001584
0.001314
0.001728
0.001581
0.001614
0.001561
0.001341
0.001575
0.001339
0.001686
0.001270
0.001168
0.001684
0.001630
0.001573
0.001699
0.001595
0.001801
0.001595
0.001612
0.001259
0.001730
0.001613
0.001510
0.001491
0.001558
0.001560
0.001323
0.001749
0.001552
0.001606
0.001316
0.001287
0.001688
0.001563
0.001670
0.001276
0.001331
0.001668
0.001622
0.001366
0.001537
0.001247
0.001260
0.001583
0.001601
0.001590
0.001578
0.001618
0.001731
0.001585
0.001642
0.001597
0.001503
0.001584
0.001255
0.001585
0.001256
0.001683
0.001635
0.001626
0.001706
0.001630
0.001511
0.001483
0.001593
0.001544
0.001530
0.001595
0.001275
0.001535
0.001529
0.001564
0.001567
0.001591
0.001262
0.001664
0.001601
0.001519
0.001547
0.001256
0.001623
0.001672
0.001688
0.001548
0.001297
0.001622
0.001682
0.001582
0.001559
0.001254
0.001542
0.001594
0.001309
0.001628
0.001563
0.001563
0.001270
0.001559
0.001546
0.001547
0.001693
0.001559
0.001593
0.001585
0.001310
0.001241
0.001249
0.001326
0.001543
0.001237
0.001515
0.001570
0.001564
0.001713
0.001505
0.001628
0.001580
0.001544
0.001801
0.001622
0.001267
0.001251
0.001622
0.001683
0.001668
0.001330
0.001615
0.001248
0.001610
0.001253
0.001504
0.001367
0.001574
0.001556
0.001310
0.001515
0.001537
0.001270
0.001643
0.001721
0.001634
0.001266
0.001656
0.001251
0.001663
0.001723
0.001665
0.001482
0.001657
0.001659
0.001592
0.001312
0.001562
0.001548
0.001562
0.001600
0.001560
0.001264
0.001768
0.001654
0.001264
0.001520
0.001676
0.001287
0.001529
0.001565
0.001556
0.001591
0.001612
0.001532
0.001501
0.001778
0.001514
0.001541
0.001341
0.001572
0.001515
0.001576
0.001683
0.001358
0.001250
0.001285
0.001634
0.001524
0.001261
0.001732
0.001683
0.001234
0.001306
0.001239
0.001246
0.001628
0.001483
0.001772
0.001635
0.001266
0.001722
0.001584
0.001517
0.001244
0.001606
0.001254
0.001626
0.001602
0.001551
0.001537
0.001570
0.001602
0.001601
0.001593
0.001293
0.001627
0.001583
0.001273
0.001272
0.001308
0.001762
0.001528
0.001650
0.001604
0.001572
0.001778
0.001653
0.001759
0.001618
0.001543
0.001626
0.001263
0.001680
0.001656
0.001522
0.001582
0.001639
0.001615
0.001536
0.001723
0.001533
0.001676
0.001615
0.001705
0.001551
0.001491
0.001250
0.001314
0.001347
0.001321
0.001380
0.001549
0.001679
0.001273
0.001547
0.001576
0.001513
0.001642
0.001621
0.001320
0.001585
0.001594
0.001683
0.001254
0.001640
0.001657
0.001305
0.001606
0.001554
0.001260
0.001478
0.001273
0.001322
0.001596
0.001723
0.001304
0.001667
0.001556
0.001555
0.001706
0.001731
0.001571
0.002262
0.001615
0.001539
0.001366
0.001361
0.001228
0.001533
0.001240
0.001611
0.001260
0.001532
0.001549
0.001323
0.001612
0.001629
0.001256
0.001586
0.001531
0.001244
0.001300
0.001516
0.001665
0.001247
0.001563
0.001524
0.001674
0.001495
0.001480
0.001657
0.001260
0.001683
0.001555
0.001540
0.001718
0.001571
0.001586
0.001509
0.001631
0.001547
0.001538
0.001501
0.001257
0.001718
0.001614
0.001514
0.001543
0.001518
0.001520
0.001597
0.001276
0.001299
0.001570
0.001662
0.001569
0.001608
0.001616
0.001300
0.001657
0.001270
0.001609
0.001586
0.001779
0.001674
0.001328
0.001502
0.001623
0.001554
0.001601
0.001564
0.001323
0.001612
0.001506
0.001335
0.001258
0.001266
0.001373
0.001562
0.001646
0.001263
0.001496
0.001551
0.001316
0.001278
0.001581
0.001631
0.001566
0.001608
0.001642
0.001475
0.001244
0.001369
0.001606
0.001260
0.001629
0.001661
0.001689
0.001312
0.001251
0.001554
0.001347
0.001594
0.001494
0.001323
0.001542
0.001566
0.001629
0.001479
0.001275
0.001283
0.001620
0.001520
0.001647
0.001529
0.001641
0.001337
0.001270
0.001554
0.001578
0.001317
0.001291
0.001515
0.001520
0.001546
0.001260
0.001351
0.001307
0.001705
0.001511
0.001559
0.001559
0.001276
0.001601
0.001494
0.001662
0.001568
0.001524
0.001247
0.001640
0.001276
0.001335
0.001530
0.001674
0.001500
0.001672
0.001662
0.001492
0.001547
0.001464
0.001473
0.001679
0.001614
0.001568
0.001564
0.001632
0.001491
0.001751
0.001708
0.001777
0.001273
0.001567
0.001530
0.001565
0.001573
0.001266
0.001595
0.001592
0.001543
0.001553
0.001549
0.001250
0.001549
0.001628
0.001599
0.001239
0.001678
0.001266
0.001287
0.001554
0.001765
0.001514
0.001550
0.001253
0.001609
0.001574
0.001541
0.001172
0.001688
0.001617
0.001578
0.001626
0.001616
0.001598
0.001661
0.001316
0.001666
0.001230
0.001610
0.001589
0.001610
0.001651
0.001567
0.001604
0.001576
0.001541
0.001706
0.001724
0.001511
0.001249
0.001645
0.001538
0.001665
0.001588
0.001262
0.001663
0.001292
0.001376
0.001547
0.001599
0.001549
0.001577
0.001534
0.001267
0.001568
0.001503
0.001644
0.001567
0.001549
0.001585
0.001687
0.001778
0.001566
0.001575
0.001243
0.001534
0.001573
0.001234
0.001331
0.001707
0.001706
0.001718
0.001507
0.001682
0.001259
0.001542
0.001254
0.001670
0.001310
0.001334
0.001606
0.001545
0.001241
0.001247
0.001608
0.001246
0.001580
0.001530
0.001227
0.001606
0.001703
0.001290
0.001346
0.001568
0.001282
0.001845
0.001288
0.001585
0.001553
0.001635
0.001249
0.001609
0.001554
0.001615
0.001592
0.001585
0.001278
0.001662
0.001320
0.001631
0.001628
0.001272
0.001552
0.001300
0.001755
0.001614
0.001185
0.001655
0.001644
0.001653
0.001713
0.001542
0.001798
0.001260
0.001637
0.001678
0.001585
0.001663
0.001688
0.001603
0.001568
0.001272
0.001751
0.001348
0.001592
0.001261
0.001269
0.001506
0.001688
0.001661
0.001555
0.001586
0.001545
0.001236
0.001667
0.001713
0.001251
0.001271
0.001490
0.001507
0.001769
0.001547
0.001244
0.001588
0.001647
0.001542
0.001655
0.001296
0.001272
0.001587
0.001319
0.001585
0.001713
0.001254
0.001253
0.001619
0.001646
0.001571
0.001524
0.001625
0.001490
0.001706
0.001582
0.001577
0.001550
0.001336
0.001336
0.001287
0.001516
0.001239
0.001541
0.001590
0.001254
0.001522
0.001569
0.001535
0.001584
0.001634
0.001329
0.001683
0.001538
0.001295
0.001652
0.001481
0.001672
0.001319
0.001523
0.001609
0.001540
0.001570
0.001566
0.001602
0.001557
0.001250
0.001489
0.001599
0.001669
0.001651
0.001518
0.001294
0.001257
0.000882
0.001704
0.001265
0.001620
0.001541
0.001547
0.001591
0.001610
0.001386
0.001644
0.001541
0.001267
0.001518
0.001700
0.001633
0.001258
0.001273
0.001775
0.001470
0.001242
0.001542
0.001678
0.001540
0.001265
0.001558
0.001579
0.001299
0.001628
0.001532
0.001536
0.001478
0.001530
0.001496
0.001617
0.001607
0.001588
0.001264
0.001508
0.001600
0.001472
0.001604
0.001595
0.001431
0.001623
0.001288
0.001617
0.001601
0.001268
0.001664
0.001299
0.001639
0.001295
0.001315
0.001646
0.001318
0.001553
0.001271
0.001290
0.001444
0.001295
0.001690
0.001257
0.001668
0.001240
0.001607
0.001620
0.001526
0.001549
0.001494
0.001279
0.001628
0.001209
0.001250
0.001526
0.001655
0.001542
0.001583
0.001549
0.001583
0.001514
0.001552
0.001568
0.001256
0.001266
0.001268
0.001338
0.001579
0.001254
0.001298
0.001308
0.001297
0.001568
0.001325
0.001640
0.001630
0.001632
0.001570
0.001312
0.001686
0.001249
0.001680
0.001170
0.001268
0.001268
0.001581
0.001748
0.001319
0.001639
0.001631
0.001597
0.001627
0.001613
0.001558
0.001240
0.001569
0.001650
0.001358
0.001672
0.001618
0.001682
0.001372
0.001713
0.001538
0.001473
0.001285
0.001594
0.002289
0.001637
0.001590
0.001258
0.001658
0.001509
0.001594
0.001253
0.001586
0.001645
0.001592
0.001661
0.001341
0.001636
0.001633
0.001347
0.001633
0.001498
0.001275
0.001600
0.001529
0.001588
0.001535
0.001283
0.001547
0.001505
0.001680
0.001269
0.001591
0.001545
0.001263
0.001530
0.001533
0.001594
0.001559
0.001505
0.001603
0.001620
0.001669
0.001581
0.001580
0.001697
0.001499
0.001586
0.001541
0.001493
0.001599
0.001342
0.001567
0.001671
0.001708
0.001574
0.001548
0.001559
0.001332
0.001670
0.001256
0.001640
0.001578
0.001718
0.001656
0.001243
0.001693
0.001613
0.001532
0.001541
0.001619
0.001261
0.001593
0.001572
0.001634
0.001559
0.001614
0.001364
0.001260
0.001271
0.001646
0.001620
0.001246
0.001612
0.001636
0.001592
0.001224
0.001575
0.001263
0.001637
0.001574
0.001231
0.001535
0.001367
0.001682
0.001653
0.001633
0.001655
0.001589
