0.001147
0.001068
0.001046
0.001046
0.001115
0.001019
0.001095
0.001077
0.001043
0.001067
0.000989
0.001010
0.000997
0.000805
0.001016
0.001084
0.001022
0.001111
0.001075
0.001053
0.001040
0.000998
0.001009
0.001024
0.001028
0.000986
0.001035
0.001059
0.000995
0.001038
0.001016
0.001085
0.000921
0.000997
0.000987
0.000983
0.001005
0.001101
0.001053
0.001015
0.001095
0.001108
0.001114
0.000816
0.000792
0.000794
0.001104
0.001035
0.000813
0.001008
0.001010
0.000794
0.001023
0.000833
0.000789
0.001073
0.000792
0.000792
0.000834
0.000814
0.000824
0.001029
0.000834
0.001012
0.001005
0.001090
0.001123
0.001082
0.001095
0.000821
0.001061
0.000821
0.001053
0.000971
0.001088
0.001045
0.001043
0.001048
0.001047
0.001036
0.001019
0.001098
0.001027
0.001619
0.001057
0.001001
0.001004
0.000743
0.000833
0.000797
0.000831
0.000817
0.000825
0.000823
0.001028
0.000925
0.001052
0.000802
0.001056
0.000983
0.001077
0.000984
0.001049
0.000995
0.000814
0.001008
0.001120
0.001144
0.001086
0.000792
0.001110
0.001048
0.001093
0.000782
0.001056
0.000728
0.001063
0.001050
0.001060
0.001104
0.001094
0.001081
0.000843
0.001070
0.000784
0.000798
0.000884
0.001120
0.000987
0.001068
0.001021
0.001110
0.001114
0.001053
0.000788
0.000831
0.000890
0.001006
0.001000
0.001068
0.001084
0.001053
0.001058
0.001000
0.001047
0.001095
0.001064
0.000802
0.001039
0.000789
0.000828
0.001052
0.001008
0.000998
0.001064
0.001007
0.001026
0.001041
0.001071
0.001032
0.000983
0.001049
0.001015
0.001007
0.001024
0.001000
0.000978
0.000993
0.001060
0.001084
0.001087
0.001075
0.001050
0.001089
0.001160
0.000785
0.001009
0.001060
0.000968
0.001030
0.001005
0.001065
0.001044
0.000784
0.001067
0.001078
0.000804
0.001056
0.001048
0.001024
0.001098
0.001035
0.001024
0.001071
0.000979
0.001083
0.000806
0.001063
0.001006
0.000812
0.000775
0.000993
0.000818
0.001024
0.000815
0.001050
0.001218
0.001022
0.001028
0.001035
0.001088
0.000982
0.001003
0.000987
0.001037
0.001037
0.001084
0.001025
0.001041
0.000887
0.001002
0.001031
0.001049
0.000987
0.001039
0.001083
0.001036
0.001051
0.001053
0.000819
0.000884
0.000836
0.001097
0.001045
0.000831
0.001080
0.001044
0.001101
0.001028
0.001038
0.001072
0.001052
0.001049
0.001009
0.001076
0.001058
0.000857
0.000860
0.001074
0.000822
0.001094
0.001053
0.000813
0.000996
0.001069
0.001058
0.001047
0.001013
0.001029
0.001033
0.000823
0.001029
0.001076
0.000803
0.000867
0.000991
0.001045
0.001045
0.001041
0.001053
0.001009
0.001102
0.000999
0.001046
0.001100
0.001035
0.000795
0.000989
0.001096
0.001118
0.001070
0.001069
0.001076
0.001046
0.001023
0.001062
0.000914
0.001008
0.001008
0.001001
0.001140
0.001043
0.000796
0.000795
0.001092
0.001083
0.000996
0.001007
0.001112
0.001012
0.001110
0.001058
0.001053
0.001005
0.001085
0.001073
0.001060
0.000810
0.000873
0.001016
0.001103
0.001067
0.001040
0.001071
0.001050
0.000825
0.001047
0.001048
0.000797
0.000883
0.000839
0.001009
0.000890
0.001078
0.001105
0.001616
0.001046
0.001024
0.000833
0.000789
0.000780
0.000876
0.001010
0.001034
0.001047
0.001024
0.001036
0.000817
0.000800
0.000802
0.000825
0.001024
0.001114
0.000763
0.000767
0.000811
0.000831
0.000879
0.001007
0.001004
0.001047
0.000885
0.001076
0.000793
0.000806
0.001550
0.000848
0.001111
0.001093
0.001073
0.000790
0.000859
0.001041
0.001023
0.001072
0.001091
0.000825
0.001111
0.001092
0.001029
0.001042
0.001033
0.000846
0.001056
0.001035
0.001077
0.000975
0.001153
0.000849
0.000858
0.000928
0.000841
0.000818
0.000885
0.001052
0.001024
0.000997
0.001083
0.000999
0.001056
0.001072
0.001035
0.000839
0.000849
0.000840
0.000801
0.001070
0.000882
0.001029
0.001066
0.001055
0.001104
0.001144
0.000936
0.001018
0.001041
0.000831
0.001036
0.001047
0.001034
0.001051
0.001014
0.001042
0.001044
0.001110
0.001110
0.000971
0.001016
0.000982
0.000982
0.001002
0.001027
0.001051
0.000991
0.001039
0.000804
0.000856
0.000823
0.000822
0.000785
0.000836
0.001121
0.000983
0.001092
0.001016
0.001005
0.001046
0.001571
0.001118
0.001025
0.001011
0.001084
0.001022
0.001004
0.001062
0.001039
0.001014
0.000990
0.001068
0.001078
0.001209
0.001047
0.001064
0.001005
0.000987
0.001083
0.000816
0.001077
0.001001
0.001043
0.000809
0.001001
0.001009
0.000778
0.000980
0.000788
0.000786
0.000835
0.001500
0.000991
0.000854
0.000806
0.001061
0.000985
0.000985
0.000997
0.001009
0.001049
0.001030
0.001031
0.001035
0.001080
0.000997
0.000982
0.001052
0.000958
0.001042
0.000925
0.000813
0.000967
0.001039
0.001078
0.001042
0.001075
0.001009
0.001079
0.001009
0.001030
0.001075
0.000979
0.001073
0.001003
0.001090
0.001113
0.001042
0.000856
0.000858
0.001194
0.000901
0.000913
0.001103
0.000984
0.000830
0.001052
0.000838
0.001149
0.001096
0.000878
0.000841
0.000804
0.001063
0.001099
0.000837
0.000950
0.000920
0.000847
0.000926
0.000744
0.001013
0.001064
0.001053
0.000849
0.000795
0.001064
0.001032
0.000845
0.000796
0.000775
0.000830
0.000821
0.000871
0.000966
0.001028
0.000852
0.001132
0.001069
0.001012
0.001083
0.001060
0.001075
0.001039
0.000832
0.001050
0.000805
0.001045
0.001055
0.000788
0.000804
0.001056
0.000791
0.000868
0.000833
0.000815
0.001016
0.001031
0.001088
0.001067
0.000827
0.000998
0.001046
0.001051
0.001020
0.000830
0.001033
0.001037
0.001051
0.001056
0.001105
0.000800
0.000800
0.000813
0.000935
0.001070
0.001069
0.001083
0.001071
0.001041
0.001089
0.001034
0.001041
0.001061
0.001039
0.001036
0.001031
0.001043
0.001153
0.001071
0.000785
0.000973
0.001031
0.000818
0.001140
0.001036
0.000792
0.001042
0.001074
0.001042
0.001055
0.001055
0.001040
0.001054
0.001047
0.000874
0.000812
0.000821
0.000829
0.000904
0.000806
0.001055
0.001083
0.001083
0.001048
0.000806
0.001115
0.000801
0.000774
0.001077
0.001041
0.000902
0.001117
0.001042
0.001049
0.000790
0.001091
0.001004
0.001056
0.001098
0.001056
0.001074
0.000995
0.001016
0.001038
0.001103
0.001573
0.001061
0.001043
0.001057
0.001098
0.001068
0.001036
0.001065
0.001061
0.001093
0.000796
0.000798
0.001055
0.000819
0.000832
0.001065
0.001062
0.001072
0.001056
0.001044
0.001043
0.001056
0.001017
0.001056
0.001032
0.001042
0.000994
0.001103
0.001027
0.001088
0.000976
0.001058
0.001005
0.001077
0.001080
0.001067
0.001053
0.001066
0.001073
0.001045
0.001073
0.001050
0.000822
0.001060
0.001116
0.000845
0.000867
0.000809
0.000889
0.001164
0.001230
0.000895
0.001066
0.001007
0.001013
0.000833
0.000787
0.001105
0.001040
0.001046
0.000828
0.000822
0.000902
0.000985
0.000852
0.001052
0.001024
0.001095
0.001075
0.001062
0.001048
0.001058
0.001019
0.001107
0.001151
0.001119
0.001074
0.001028
0.001020
0.001033
0.000866
0.000811
0.001042
0.000851
0.000835
0.000850
0.000812
0.001055
0.001032
0.001103
0.001052
0.001073
0.001014
0.001023
0.001046
0.001035
0.001035
0.001077
0.001034
0.001049
0.001026
0.001082
0.001058
0.001030
0.001088
0.001055
0.001011
0.001001
0.001019
0.000999
0.001000
0.000842
0.000804
0.000806
0.000791
0.001077
0.000859
0.000829
0.000775
0.001041
0.001053
0.001086
0.000982
0.000793
0.001039
0.000814
0.000808
0.001083
0.000919
0.000747
0.001100
0.001100
0.001142
0.000812
0.001069
0.000811
0.000938
0.000999
0.001156
0.000849
0.001080
0.001102
0.000802
0.000828
0.001016
0.001016
0.000796
0.000777
0.001079
0.001078
0.001006
0.001028
0.001059
0.001062
0.001038
0.001006
0.000851
0.001090
0.000830
0.001153
0.000789
0.000995
0.000986
0.000814
0.000830
0.001040
0.000851
0.001089
0.001054
0.001018
0.000953
0.000939
0.000852
0.000931
0.001097
0.000810
0.001093
0.001074
0.001058
0.000814
0.001078
0.000831
0.001085
0.000813
0.000803
0.000798
0.001014
0.001042
0.001098
0.000999
0.000985
0.000987
0.000841
0.001131
0.001021
0.000783
0.001023
0.000793
0.000786
0.000842
0.000817
0.000944
0.000920
0.001020
0.001047
0.001093
0.001089
0.001092
0.001077
0.000980
0.000893
0.001054
0.001016
0.001044
0.001087
0.000798
0.000969
0.001046
0.001050
0.001034
0.001049
0.001028
0.000807
0.001123
0.001084
0.000990
0.000995
0.001078
0.001006
0.000760
0.001020
0.001078
0.000981
0.000998
0.001050
0.001024
0.001062
0.001081
0.001064
0.001017
0.001061
0.001047
0.001065
0.000995
0.001074
0.001075
0.001189
0.001057
0.001086
0.001080
0.001086
0.000984
0.000977
0.000996
0.001079
0.001105
0.001122
0.001049
0.001008
0.000858
0.000835
0.001066
0.000863
0.000838
0.001001
0.001168
0.000842
0.000890
0.001102
0.001063
0.001009
0.000979
0.001061
0.001007
0.001055
0.001048
0.000787
0.000795
0.001066
0.000783
0.000806
0.000818
0.001014
0.001020
0.000994
0.001004
0.000979
0.000997
0.001057
0.000978
0.001078
0.001032
0.001118
0.000895
0.001128
0.000815
0.000980
0.000787
0.000813
0.000792
0.001000
0.000801
0.000852
0.001053
0.000795
0.000789
0.000826
0.001010
0.001073
0.000837
0.001036
0.001051
0.001031
0.000818
0.001051
0.001057
0.001033
0.001056
0.001036
0.001002
0.001099
0.001031
0.000829
0.000740
0.001009
0.001025
0.001013
0.001013
0.000979
0.001045
0.001044
0.001006
0.000890
0.000887
0.001134
0.001094
0.001025
0.001038
0.001078
0.000848
0.001174
0.000910
0.000923
0.000875
0.000827
0.000772
0.000794
0.000786
0.000826
0.001045
0.001094
0.001056
0.000794
0.001007
0.000816
0.000869
0.001103
