0.001738
0.001798
0.001365
0.001854
0.001586
0.001607
0.001589
0.001670
0.001726
0.002315
0.001670
0.001677
0.001741
0.001648
0.001569
0.001617
0.001668
0.001352
0.001663
0.001501
0.001446
0.001691
0.001695
0.001706
0.001797
0.001595
0.001618
0.001606
0.001698
0.001537
0.001566
0.001715
0.001681
0.002289
0.001572
0.001819
0.001843
0.001706
0.001542
0.001772
0.001703
0.001355
0.001697
0.001412
0.001409
0.001535
0.001757
0.001663
0.001610
0.001622
0.001624
0.001358
0.001395
0.001818
0.001721
0.001826
0.001724
0.001363
0.001386
0.001715
0.001707
0.001618
0.001679
0.001318
0.001414
0.001323
0.001690
0.001643
0.001757
0.001539
0.001875
0.001674
0.001538
0.001735
0.001570
0.001700
0.001807
0.001728
0.001706
0.001326
0.001406
0.001755
0.001621
0.001768
0.001560
0.001832
0.001769
0.001585
0.001787
0.001779
0.001687
0.001333
0.001616
0.001812
0.001591
0.001352
0.001351
0.001660
0.001806
0.002004
0.001578
0.001365
0.001338
0.001650
0.001629
0.002270
0.001718
0.001339
0.001689
0.001753
0.001647
0.001608
0.001781
0.001586
0.001566
0.001613
0.001363
0.001579
0.001828
0.001765
0.001682
0.001736
0.001717
0.001581
0.001860
0.001566
0.001622
0.001610
0.001601
0.001741
0.001266
0.001739
0.001576
0.001793
0.001501
0.001739
0.001680
0.001711
0.001335
0.001665
0.001686
0.001729
0.001620
0.001813
0.001681
0.001873
0.001713
0.001601
0.001678
0.001737
0.001660
0.001726
0.001726
0.001681
0.001368
0.001677
0.001727
0.001706
0.001741
0.001279
0.001621
0.001676
0.001731
0.001704
0.001382
0.001643
0.001758
0.001367
0.001608
0.001923
0.001360
0.001515
0.001651
0.001355
0.001509
0.001623
0.001756
0.001661
0.001646
0.001723
0.001579
0.001367
0.001603
0.001687
0.001568
0.001835
0.001626
0.001651
0.001709
0.001399
0.001733
0.001389
0.001665
0.001446
0.001329
0.001361
0.001644
0.001330
0.001348
0.001643
0.001373
0.001722
0.001755
0.001412
0.001644
0.001791
0.001790
0.001356
0.001333
0.001849
0.001723
0.001610
0.001645
0.001610
0.001614
0.001656
0.001587
0.001290
0.001638
0.001666
0.001446
0.001644
0.002089
0.001885
0.001362
0.001672
0.001705
0.001713
0.001787
0.001630
0.001665
0.001631
0.001354
0.001613
0.001336
0.001824
0.001388
0.001647
0.002190
0.001614
0.001331
0.001938
0.001717
0.001620
0.001753
0.001408
0.001343
0.001727
0.001637
0.001637
0.001639
0.001612
0.001585
0.001578
0.001753
0.001748
0.001724
0.001571
0.001813
0.001641
0.001348
0.001610
0.001388
0.001765
0.001773
0.001664
0.001795
0.001603
0.001718
0.001658
0.001328
0.001811
0.001743
0.001685
0.001937
0.001684
0.001559
0.001900
0.001653
0.001654
0.001546
0.001425
0.001585
0.001273
0.001783
0.001692
0.001665
0.001858
0.001557
0.001798
0.001736
0.001735
0.001594
0.001794
0.001350
0.001576
0.001728
0.001895
0.001634
0.001617
0.001349
0.001746
0.001559
0.001695
0.001827
0.001708
0.001695
0.001351
0.001639
0.001361
0.001627
0.001680
0.001840
0.001614
0.001333
0.001645
0.001724
0.001772
0.001680
0.001356
0.001720
0.001845
0.001630
0.001666
0.001561
0.001750
0.001638
0.001642
0.001738
0.001648
0.001671
0.001342
0.001666
0.001423
0.001759
0.001753
0.001730
0.001681
0.001616
0.001661
0.001880
0.001753
0.001578
0.001354
0.001724
0.001583
0.001849
0.001770
0.001368
0.001779
0.001750
0.001599
0.001709
0.001542
0.001647
0.001353
0.001544
0.001355
0.001519
0.001647
0.001338
0.001714
0.001422
0.001635
0.001742
0.001564
0.001648
0.001893
0.001815
0.001433
0.001823
0.001697
0.001358
0.001333
0.001585
0.001661
0.001818
0.001743
0.001633
0.001717
0.001747
0.001816
0.001549
0.001636
0.001694
0.001706
0.001390
0.001890
0.001622
0.001605
0.001625
0.001345
0.001829
0.001679
0.001644
0.001707
0.001620
0.001586
0.001324
0.001823
0.001855
0.001341
0.001343
0.001562
0.001845
0.001672
0.001689
0.001675
0.001656
0.001622
0.001713
0.001339
0.001657
0.001831
0.001877
0.001748
0.001715
0.001593
0.001644
0.001726
0.001576
0.001851
0.001814
0.001586
0.001621
0.001345
0.001805
0.001336
0.001695
0.001760
0.001349
0.001646
0.001772
0.001324
0.001749
0.001437
0.001401
0.001667
0.001770
0.001867
0.001331
0.001628
0.001333
0.001564
0.001346
0.001620
0.001559
0.001719
0.001374
0.001701
0.001664
0.001335
0.001541
0.001398
0.001927
0.001370
0.001858
0.001670
0.001928
0.001722
0.001720
0.001618
0.001707
0.001776
0.001648
0.001791
0.001647
0.001628
0.001634
0.001626
0.001809
0.001351
0.001596
0.001707
0.001748
0.001698
0.001806
0.001716
0.001777
0.001348
0.001333
0.001785
0.001671
0.001668
0.001348
0.001800
0.001398
0.001313
0.001386
0.001594
0.001679
0.001766
0.001381
0.001617
0.001685
0.001757
0.001793
0.001763
0.001762
0.001616
0.001684
0.001509
0.001730
0.001749
0.001822
0.001638
0.001680
0.001630
0.001647
0.001406
0.001650
0.001350
0.001691
0.001648
0.001516
0.001706
0.001626
0.001897
0.001703
0.001843
0.001537
0.001651
0.001593
0.001823
0.001605
0.001655
0.001633
0.001739
0.001694
0.001806
0.001810
0.001591
0.001632
0.001654
0.001685
0.001299
0.001627
0.001657
0.001735
0.001698
0.001603
0.001683
0.001414
0.001578
0.001653
0.001598
0.001550
0.001552
0.001647
0.001672
0.001626
0.001358
0.001366
0.001834
0.001272
0.001335
0.001600
0.001712
0.001830
0.001552
0.001545
0.001806
0.001783
0.001767
0.001791
0.001328
0.001675
0.001681
0.001855
0.001826
0.001543
0.001541
0.001551
0.001770
0.001335
0.001779
0.001816
0.001330
0.001351
0.001758
0.001318
0.001707
0.001643
0.001591
0.001322
0.001618
0.001647
0.001728
0.001362
0.001606
0.001730
0.001377
0.001346
0.001644
0.001328
0.001624
0.001597
0.001328
0.001593
0.001330
0.001821
0.001570
0.001826
0.001372
0.001579
0.001789
0.001346
0.001695
0.001642
0.001370
0.001708
0.001685
0.001793
0.001338
0.001779
0.001726
0.001857
0.001782
0.001825
0.001766
0.001643
0.001730
0.001835
0.001560
0.001761
0.001339
0.001573
0.001345
0.001636
0.001616
0.001732
0.001386
0.001643
0.001601
0.001562
0.001847
0.001719
0.001681
0.001542
0.001556
0.001843
0.001705
0.001813
0.001585
0.001747
0.001552
0.001659
0.001540
0.001806
0.001699
0.001730
0.001788
0.001881
0.001747
0.001344
0.001644
0.001616
0.001546
0.001706
0.001573
0.001809
0.001630
0.001775
0.001253
0.001751
0.001327
0.001684
0.001443
0.001605
0.001640
0.001626
0.001321
0.001738
0.001655
0.001701
0.001344
0.001661
0.001646
0.001264
0.001617
0.001573
0.001569
0.001646
0.001640
0.001545
0.001846
0.001701
0.001701
0.001685
0.001627
0.001686
0.001702
0.001671
0.001567
0.001811
0.001376
0.001686
0.001386
0.001809
0.001674
0.001624
0.001809
0.001573
0.001745
0.001803
0.001622
0.001556
0.001673
0.001732
0.001785
0.001707
0.001646
0.001765
0.001579
0.001833
0.001665
0.001881
0.001626
0.001911
0.001792
0.001802
0.001697
0.001571
0.002047
0.001374
0.001667
0.001817
0.001372
0.001735
0.001625
0.001638
0.001742
0.001719
0.001780
0.001432
0.001674
0.001556
0.001717
0.001547
0.001572
0.001931
0.001506
0.001651
0.001857
0.001750
0.001744
0.001525
0.001713
0.001632
0.001613
0.001716
0.001343
0.001774
0.001660
0.001368
0.001308
0.001622
0.001677
0.001622
0.001576
0.001561
0.001611
0.001335
0.001605
0.001726
0.001409
0.001589
0.001625
0.001683
0.001737
0.001721
0.001580
0.001337
0.001667
0.001552
0.001841
0.001366
0.001644
0.001681
0.001812
0.001720
0.001754
0.001565
0.001650
0.001616
0.001546
0.001657
0.001827
0.001766
0.001329
0.001570
0.001543
0.001326
0.001784
0.001729
0.001616
0.001562
0.001583
0.001733
0.001669
0.001635
0.001683
0.001827
0.001344
0.001627
0.001769
0.001581
0.001724
0.001684
0.001561
0.002054
0.001596
0.001466
0.001725
0.001753
0.001606
0.001701
0.001764
0.001339
0.001729
0.001330
0.001622
0.001852
0.001572
0.001680
0.001633
0.001787
0.001756
0.001690
0.001615
0.001904
0.001725
0.001917
0.001676
0.001812
0.001660
0.001693
0.001572
0.001623
0.001682
0.001643
0.001667
0.001703
0.001319
0.001375
0.001575
0.001557
0.001347
0.001699
0.001796
0.001550
0.001616
0.001632
0.001531
0.001580
0.001583
0.001598
0.001624
0.001662
0.001714
0.001686
0.001648
0.001685
0.001429
0.001619
0.001523
0.001798
0.001704
0.001743
0.001775
0.001352
0.001622
0.001635
0.001788
0.001338
0.001750
0.001562
0.001653
0.001707
0.001562
0.001576
0.001764
0.001695
0.001775
0.001618
0.001893
0.001694
0.001795
0.001586
0.002019
0.001374
0.001401
0.001699
0.001547
0.001586
0.001672
0.001510
0.001800
0.001715
0.002093
0.001558
0.001719
0.001792
0.001632
0.001626
0.001681
0.001612
0.001743
0.001587
0.001541
0.001653
0.001756
0.001616
0.001547
0.001322
0.001547
0.001540
0.001609
0.001735
0.001632
0.001893
0.001601
0.001720
0.001999
0.001347
0.001725
0.001469
0.001786
0.001624
0.001630
0.001669
0.001654
0.001629
0.001589
0.001637
0.001719
0.001352
0.001626
0.001656
0.001540
0.001334
0.001708
0.001344
0.001356
0.001563
0.001510
0.001640
0.001709
0.001789
0.001575
0.001332
0.001579
0.001537
0.001783
0.001640
0.001603
0.001544
0.001695
0.001327
0.001772
0.001731
0.001398
0.001403
0.001659
0.001353
0.001601
0.001574
0.001542
0.001684
0.001408
0.001776
0.001258
0.001677
0.001337
0.001325
0.001682
0.001877
0.001522
0.001742
0.001699
0.001790
0.001686
0.001562
0.001606
0.001401
0.001323
0.001797
0.001624
0.001740
0.001697
0.001743
0.001733
0.001840
0.001328
0.001692
0.001357
0.001673
0.001652
0.001337
0.001335
