0.001382
0.001361
0.001587
0.001375
0.001446
0.001490
0.001795
0.001353
0.001532
0.001398
0.001402
0.001826
0.001296
0.001648
0.001650
0.001514
0.001759
0.001715
0.001466
0.001685
0.001643
0.001640
0.001463
0.001239
0.001270
0.001722
0.001276
0.001565
0.002131
0.001439
0.001448
0.001788
0.001340
0.001587
0.001735
0.001444
0.001516
0.001273
0.001224
0.001431
0.001564
0.001421
0.001358
0.001865
0.001272
0.001631
0.001584
0.001444
0.001396
0.001417
0.001376
0.001289
0.001893
0.001941
0.001974
0.002151
0.001837
0.001614
0.001793
0.001611
0.002782
0.001569
0.002141
0.001963
0.001772
0.001688
0.001655
0.001729
0.001938
0.001725
0.001766
0.001725
0.001924
0.002197
0.002693
0.001614
0.001916
0.001987
0.001985
0.001843
0.001759
0.001738
0.002133
0.001902
0.001817
0.001940
0.001962
0.002277
0.001955
0.001823
0.001981
0.001819
0.001905
0.001678
0.001807
0.001909
0.001784
0.001724
0.001645
0.001813
0.002018
0.001815
0.001705
0.002970
0.002047
0.001859
0.001653
0.001824
0.002332
0.001729
0.001714
0.001896
0.002197
0.001889
0.001737
0.001725
0.001951
0.002099
0.001713
0.002111
0.001831
0.001740
0.001909
0.002132
0.001936
0.002038
0.001649
0.001669
0.001897
0.001914
0.001755
0.001984
0.002059
0.001825
0.001909
0.001873
0.002036
0.002117
0.001607
0.001933
0.001847
0.001857
0.001788
0.002016
0.001902
0.001628
0.001664
0.001716
0.001743
0.001552
0.001588
0.001805
0.001560
0.001722
0.001765
0.002238
0.001718
0.001731
0.002047
0.002399
0.001706
0.001797
0.001752
0.001955
0.002049
0.002342
0.001931
0.001867
0.001861
0.002160
0.001947
0.001674
0.001689
0.001702
0.001737
0.001572
0.002015
0.001783
0.001748
0.001786
0.001887
0.001816
0.001960
0.001694
0.001854
0.002196
0.001606
0.001784
0.001604
0.001764
0.001810
0.001645
0.002044
0.001940
0.002202
0.001815
0.001754
0.001839
0.001712
0.001923
0.001670
0.001822
0.001999
0.002113
0.002007
0.001777
0.001647
0.001983
0.002372
0.001696
0.001724
0.001939
0.001572
0.001693
0.001928
0.001797
0.002016
0.002097
0.001813
0.001998
0.001746
0.001871
0.001725
0.001796
0.002056
0.001676
0.001728
0.002060
0.002035
0.001993
0.001685
0.002070
0.001740
0.001742
0.001695
0.001671
0.001568
0.001821
0.001819
0.002081
0.001764
0.002047
0.001421
0.001627
0.001616
0.001735
0.001699
0.001994
0.001748
0.002190
0.001963
0.001817
0.001917
0.001965
0.002068
0.002067
0.002018
0.001754
0.001742
0.001937
0.001362
0.001526
0.002262
0.001795
0.001747
0.001724
0.001631
0.001669
0.002122
0.001694
0.001839
0.001786
0.002014
0.001866
0.001803
0.002668
0.002388
0.002495
0.002623
0.002179
0.001668
0.001809
0.001593
0.001622
0.001866
0.001768
0.001770
0.001699
0.001858
0.001620
0.002006
0.002183
0.002015
0.002056
0.001783
0.001687
0.001755
0.001708
0.001793
0.001549
0.001592
0.001651
0.001781
0.001692
0.002323
0.002144
0.001900
0.002114
0.001636
0.002118
0.001810
0.002329
0.001702
0.001951
0.002049
0.001742
0.001685
0.001583
0.001857
0.001698
0.001608
0.001521
0.001887
0.001766
0.001642
0.001660
0.002254
0.002343
0.002161
0.001906
0.001721
0.001733
0.001882
0.001972
0.001927
0.001880
0.001848
0.002103
0.001720
0.002322
0.002379
0.001528
0.001778
0.001935
0.001764
0.002221
0.002238
0.001573
0.001684
0.001743
0.001865
0.001939
0.001919
0.001979
0.002062
0.001682
0.002102
0.001690
0.001759
0.001761
0.001782
0.001882
0.001648
0.001665
0.001688
0.002136
0.002793
0.001832
0.002095
0.001629
0.001579
0.001747
0.002052
0.002039
0.002036
0.001888
0.001645
0.002051
0.001554
0.002101
0.001823
0.001752
0.002533
0.001682
0.001595
0.001688
0.001684
0.001902
0.002062
0.001797
0.001987
0.001668
0.001724
0.001807
0.001714
0.001737
0.001727
0.001739
0.001770
0.002311
0.001805
0.001712
0.001792
0.001654
0.002227
0.001688
0.002001
0.001664
0.001784
0.001834
0.001727
0.001675
0.001761
0.001779
0.002086
0.001809
0.001694
0.002102
0.001737
0.002204
0.002573
0.002594
0.002680
0.002465
0.001832
0.001907
0.001705
0.001693
0.001721
0.002495
0.002221
0.002361
0.001609
0.001798
0.001704
0.001974
0.002159
0.001783
0.001850
0.001683
0.001680
0.001750
0.001656
0.001733
0.001801
0.002296
0.001698
0.001699
0.001982
0.001759
0.001789
0.001988
0.001626
0.002113
0.001893
0.002219
0.001916
0.001669
0.001671
0.001969
0.001657
0.001722
0.001654
0.001865
0.001648
0.001994
0.001891
0.001873
0.001705
0.001715
0.001717
0.001724
0.001725
0.002192
0.001948
0.001813
0.002032
0.002041
0.001790
0.001764
0.002035
0.001940
0.002003
0.001358
0.001691
0.002536
0.001754
0.001685
0.001732
0.001720
0.001795
0.001768
0.002087
0.002040
0.001809
0.001806
0.001683
0.001693
0.001763
0.002039
0.002519
0.001712
0.001572
0.001957
0.001734
0.001966
0.001582
0.001638
0.002097
0.001577
0.001679
0.001896
0.002163
0.002054
0.001805
0.001675
0.001869
0.002046
0.001935
0.001533
0.002101
0.001771
0.001723
0.001708
0.001904
0.001832
0.001636
0.002022
0.001747
0.001689
0.002295
0.002296
0.001850
0.002536
0.001896
0.001835
0.001606
0.002026
0.001801
0.001492
0.001778
0.001672
0.001887
0.001641
0.001753
0.001927
0.001723
0.002461
0.001960
0.002268
0.001665
0.002043
0.002110
0.001648
0.001699
0.001952
0.002340
0.001644
0.001825
0.001729
0.002356
0.001681
0.001768
0.002028
0.001646
0.002071
0.002416
0.001692
0.001819
0.002033
0.001609
0.001914
0.002010
0.001738
0.001841
0.002114
0.001831
0.001853
0.002029
0.002261
0.001814
0.001716
0.001858
0.001754
0.001647
0.001687
0.001762
0.002226
0.001813
0.001742
0.001779
0.001770
0.001617
0.001749
0.001932
0.001874
0.001680
0.001744
0.001706
0.001747
0.001656
0.001911
0.001941
0.001562
0.001803
0.002013
0.001777
0.002077
0.001809
0.001826
0.001969
0.002054
0.001763
0.001645
0.002115
0.002152
0.001817
0.001834
0.001876
0.001874
0.001783
0.001651
0.002191
0.001731
0.001928
0.002132
0.001958
0.002200
0.001968
0.001872
0.001785
0.002068
0.001611
0.001887
0.001686
0.001970
0.001713
0.001616
0.001674
0.001882
0.001733
0.001796
0.002084
0.001776
0.002311
0.001604
0.002133
0.001718
0.001732
0.001710
0.001684
0.001821
0.001583
0.001809
0.001962
0.001675
0.002108
0.001659
0.002040
0.001993
0.002133
0.002229
0.001958
0.001837
0.001999
0.001756
0.002139
0.001596
0.001934
0.001767
0.001887
0.002105
0.001667
0.002319
0.001726
0.001989
0.001861
0.001688
0.002077
0.001934
0.001671
0.001850
0.001999
0.002102
0.001669
0.002032
0.001694
0.001569
0.001767
0.001988
0.001678
0.001884
0.001919
0.001752
0.001530
0.001969
0.002142
0.002081
0.001784
0.001770
0.001599
0.001942
0.001901
0.001796
0.001765
0.001652
0.001968
0.002024
0.001708
0.001732
0.001752
0.001760
0.001630
0.001717
0.001713
0.001269
0.001960
0.002016
0.001788
0.001685
0.001688
0.001737
0.001805
0.001844
0.002068
0.001892
0.001709
0.001688
0.002176
0.002291
0.001673
0.001244
0.002145
0.001837
0.002065
0.001722
0.002021
0.001694
0.001650
0.001863
0.001719
0.001756
0.001753
0.001787
0.001969
0.001651
0.001740
0.002163
0.001895
0.001557
0.001987
0.001634
0.002427
0.001798
0.001746
0.002121
0.001677
0.001625
0.001644
0.002255
0.001896
0.001654
0.001840
0.001654
0.001865
0.001656
0.001990
0.001868
0.001537
0.002030
0.001707
0.001924
0.001615
0.002126
0.001699
0.001926
0.001541
0.001729
0.001785
0.002028
0.001787
0.001672
0.001551
0.001946
0.002041
0.001769
0.002016
0.001910
0.001774
0.001693
0.001638
0.001808
0.001555
0.001638
0.001800
0.002031
0.002092
0.001800
0.001674
0.002837
0.002242
0.002040
0.001723
0.001612
0.001723
0.002263
0.002225
0.002038
0.001893
0.001801
0.001918
0.001635
0.002066
0.001709
0.001690
0.001562
0.002122
0.001803
0.002008
0.002021
0.001687
0.001722
0.001631
0.001717
0.001691
0.001584
0.002539
0.001716
0.001609
0.001711
0.001732
0.001663
0.001574
0.001770
0.002152
0.001977
0.001586
0.001662
0.001942
0.002207
0.001788
0.001660
0.001620
0.001753
0.001885
0.001806
0.001803
0.001865
0.002263
0.001660
0.001847
0.002068
0.001526
0.001752
0.001735
0.001896
0.001699
0.001745
0.002064
0.001892
0.001869
0.001885
0.001778
0.001887
0.001705
0.001859
0.001717
0.001991
0.001754
0.001744
0.001863
0.002004
0.002652
0.001684
0.001829
0.001968
0.001689
0.001801
0.001734
0.002211
0.001622
0.001898
0.001799
0.001509
0.001874
0.001981
0.001987
0.002322
0.001535
0.001922
0.001888
0.001640
0.002096
0.001883
0.001721
0.001972
0.002201
0.002222
0.001660
0.002489
0.001955
0.002077
0.002421
0.001877
0.001767
0.001746
0.002108
0.002000
0.002023
0.001746
0.002234
0.001847
0.001828
0.001751
0.002330
0.002109
0.002063
0.001649
0.001843
0.002235
0.002095
0.001320
0.001652
0.001797
0.001607
0.001784
0.001688
0.001668
0.001679
0.002043
0.001843
0.001714
0.001698
0.002179
0.001873
0.002313
0.001744
0.001676
0.001750
0.001655
0.001741
0.001932
0.001709
0.002006
0.001914
0.001580
0.002202
0.001715
0.001678
0.002091
0.001770
0.001907
0.001762
0.002230
0.001651
0.001589
0.001597
0.001863
0.001883
0.001604
0.001691
0.001913
0.001589
0.002063
0.001672
0.001808
0.001917
0.001774
0.002158
0.002172
0.002008
0.001705
0.002195
0.001831
0.002057
0.001675
0.001631
0.001868
0.001835
0.001748
0.001666
0.001908
0.001725
0.002056
0.001818
0.001640
0.001522
0.001975
0.001711
0.002185
0.001792
0.001781
0.001532
0.001800
0.002301
0.001766
0.002035
0.001685
0.001950
0.003357
