0.002384
0.002456
0.002244
0.002973
0.002619
0.002860
0.002633
0.002433
0.002140
0.002697
0.002834
0.002548
0.003342
0.002786
0.002421
0.002642
0.002646
0.002805
0.003149
0.002486
0.003047
0.002649
0.002794
0.002483
0.002508
0.003105
0.002688
0.002903
0.003619
0.003139
0.002678
0.002751
0.003522
0.002996
0.002882
0.002785
0.002716
0.002767
0.002917
0.002660
0.003208
0.002432
0.002379
0.004388
0.003263
0.003361
0.003181
0.002759
0.002435
0.003891
0.002643
0.002408
0.002889
0.002784
0.002674
0.003172
0.003190
0.002522
0.002670
0.002264
0.002529
0.002611
0.002894
0.002807
0.002523
0.002379
0.002598
0.003737
0.002795
0.002455
0.002449
0.002670
0.002564
0.002510
0.002677
0.003127
0.002764
0.003105
0.002640
0.003338
0.002590
0.002683
0.002651
0.002820
0.002612
0.002906
0.002585
0.002555
0.002551
0.002340
0.002553
0.002620
0.002494
0.002465
0.003497
0.002472
0.002341
0.003065
0.002363
0.002659
0.002242
0.002564
0.002868
0.002694
0.002991
0.002554
0.002415
0.002641
0.002470
0.002554
0.003015
0.002455
0.002624
0.002494
0.002058
0.002867
0.003147
0.003097
0.002870
0.002586
0.002597
0.002618
0.003276
0.003160
0.003010
0.002484
0.003204
0.002446
0.002520
0.002435
0.003149
0.003273
0.002800
0.003085
0.002435
0.002814
0.003098
0.002972
0.002359
0.002627
0.003273
0.003115
0.002676
0.002637
0.002863
0.002711
0.003128
0.003244
0.002433
0.003368
0.002469
0.002770
0.002660
0.003111
0.003264
0.002524
0.002867
0.003025
0.003099
0.002347
0.002755
0.002522
0.002152
0.003159
0.003486
0.002615
0.002463
0.002623
0.002732
0.002473
0.003814
0.003316
0.002266
0.002909
0.002500
0.002700
0.002708
0.002627
0.003110
0.002989
0.002821
0.002970
0.002561
0.002772
0.002715
0.002359
0.002603
0.002726
0.002543
0.002926
0.003239
0.002539
0.002777
0.003349
0.002244
0.002741
0.003495
0.002922
0.003063
0.002537
0.002588
0.002714
0.002672
0.002612
0.002459
0.002978
0.003271
0.002255
0.002824
0.003657
0.002713
0.002457
0.003228
0.002606
0.002400
0.002993
0.002539
0.002626
0.003273
0.003080
0.003123
0.003103
0.002885
0.003173
0.004337
0.003440
0.003175
0.002582
0.002997
0.002643
0.002568
0.003227
0.003079
0.002700
0.002516
0.002711
0.002758
0.002585
0.002852
0.003022
0.003186
0.002746
0.003880
0.002659
0.002398
0.002449
0.002918
0.002486
0.002994
0.003036
0.003026
0.002961
0.003313
0.003035
0.001965
0.002513
0.002651
0.002540
0.002507
0.002525
0.001661
0.002978
0.003214
0.003086
0.002736
0.003468
0.003017
0.003188
0.002797
0.002830
0.003436
0.002543
0.002664
0.002623
0.002379
0.003009
0.003144
0.002576
0.003158
0.002605
0.002665
0.002596
0.003318
0.002638
0.002529
0.002481
0.002366
0.002516
0.003559
0.003806
0.002742
0.002488
0.002565
0.002611
0.003374
0.003225
0.003075
0.002683
0.003178
0.003107
0.002867
0.003251
0.002658
0.002514
0.002547
0.003165
0.003318
0.002714
0.003434
0.002552
0.003450
0.003143
0.002966
0.002347
0.002999
0.002690
0.002779
0.002581
0.002945
0.003187
0.002806
0.002457
0.002725
0.002948
0.002591
0.002614
0.003244
0.002701
0.002555
0.002881
0.002564
0.003126
0.002387
0.002933
0.003193
0.003278
0.002689
0.002694
0.002527
0.002570
0.002457
0.003106
0.002191
0.002578
0.002430
0.003089
0.002747
0.002552
0.002726
0.002523
0.002383
0.002319
0.003023
0.003649
0.002990
0.002997
0.002793
0.002487
0.002741
0.002619
0.003166
0.003140
0.002445
0.002541
0.002853
0.002732
0.002743
0.002229
0.003912
0.002562
0.003091
0.003044
0.003080
0.002712
0.003545
0.002464
0.003054
0.003184
0.002401
0.003199
0.002835
0.002289
0.002826
0.003464
0.002430
0.002520
0.002526
0.002541
0.002478
0.002458
0.002987
0.002866
0.002851
0.003646
0.002842
0.002821
0.002663
0.002512
0.002382
0.002736
0.002602
0.003184
0.003324
0.002378
0.002702
0.002893
0.002496
0.003223
0.003255
0.003542
0.002569
0.003736
0.002888
0.003323
0.002649
0.002511
0.002981
0.003074
0.002755
0.002623
0.002573
0.002953
0.003402
0.002687
0.002764
0.002621
0.002316
0.003236
0.003245
0.002501
0.003242
0.002445
0.003143
0.003900
0.003245
0.002588
0.002406
0.003331
0.002882
0.002912
0.002982
0.002332
0.002594
0.002487
0.002757
0.002486
0.002516
0.002923
0.002501
0.002449
0.002984
0.003255
0.003041
0.002363
0.002319
0.003264
0.002870
0.002284
0.003065
0.003058
0.002884
0.002567
0.003116
0.002785
0.002963
0.002557
0.003153
0.002786
0.002995
0.003054
0.002335
0.003020
0.002405
0.003309
0.002999
0.002482
0.002329
0.002820
0.003477
0.002288
0.002450
0.003183
0.002523
0.002341
0.002597
0.003132
0.002588
0.002412
0.001842
0.002579
0.003051
0.002545
0.002541
0.002780
0.002722
0.002944
0.003053
0.002964
0.002452
0.002519
0.001982
0.002681
0.003406
0.002509
0.003594
0.002434
0.002399
0.002401
0.002979
0.002480
0.002553
0.002771
0.003056
0.002865
0.003309
0.002815
0.002826
0.002567
0.003327
0.002713
0.003337
0.002720
0.002431
0.003315
0.002821
0.003374
0.002184
0.003197
0.002615
0.002658
0.003029
0.002431
0.003283
0.003508
0.002725
0.002515
0.002644
0.002618
0.003198
0.002644
0.002311
0.003256
0.002369
0.002523
0.003253
0.002982
0.002711
0.002923
0.002495
0.002562
0.002561
0.002541
0.002597
0.003343
0.002994
0.002382
0.002572
0.002207
0.002941
0.002728
0.002937
0.002695
0.002514
0.002828
0.002397
0.003218
0.002360
0.003026
0.002389
0.002475
0.002009
0.002518
0.002636
0.003135
0.003708
0.002292
0.002529
0.002548
0.002667
0.002435
0.003198
0.002528
0.002531
0.002669
0.002528
0.002725
0.002945
0.003121
0.003255
0.003179
0.002740
0.003217
0.002664
0.002686
0.002982
0.002936
0.003273
0.002662
0.002626
0.003844
0.002555
0.003177
0.002470
0.004526
0.002314
0.002452
0.003514
0.002324
0.002693
0.002822
0.002411
0.002651
0.001782
0.003175
0.002486
0.003333
0.002611
0.002430
0.003059
0.003095
0.003176
0.002779
0.002749
0.003228
0.002380
0.003471
0.002867
0.002762
0.002883
0.002495
0.002778
0.002549
0.002589
0.003422
0.002799
0.003160
0.002756
0.002517
0.002434
0.003253
0.002735
0.002363
0.002699
0.002508
0.002568
0.002477
0.002734
0.002603
0.002805
0.002566
0.003037
0.003233
0.002548
0.003040
0.002489
0.002405
0.002728
0.002841
0.002733
0.002902
0.002780
0.003198
0.002771
0.002839
0.002517
0.002683
0.002580
0.002538
0.002198
0.002419
0.002865
0.002603
0.002696
0.002651
0.002578
0.003353
0.002667
0.002420
0.003083
0.003074
0.003059
0.002409
0.002654
0.002706
0.003056
0.002736
0.002645
0.002605
0.002738
0.002959
0.003670
0.003160
0.002654
0.004501
0.002830
0.002586
0.002275
0.002397
0.002730
0.002446
0.003110
0.002615
0.002573
0.002201
0.002512
0.003027
0.002640
0.003285
0.002756
0.003164
0.002768
0.002642
0.003300
0.003742
0.002926
0.003131
0.002627
0.002633
0.003295
0.003336
0.003240
0.002736
0.003210
0.003266
0.002416
0.002640
0.002740
0.002644
0.003144
0.002467
0.002333
0.002584
0.002591
0.002665
0.002565
0.002825
0.002556
0.002604
0.003082
0.002548
0.003093
0.002647
0.002354
0.002954
0.003131
0.003821
0.003253
0.003018
0.003438
0.002675
0.003366
0.002431
0.002728
0.002720
0.002439
0.002752
0.002338
0.002567
0.002381
0.002689
0.002710
0.002395
0.002602
0.002565
0.002307
0.002740
0.002716
0.002501
0.002791
0.002754
0.002509
0.002599
0.002846
0.002708
0.002720
0.002604
0.003948
0.002732
0.002912
0.002967
0.002459
0.002601
0.003024
0.003299
0.002438
0.002936
0.003025
0.002673
0.003092
0.003096
0.002994
0.003346
0.003052
0.002236
0.003090
0.002599
0.002570
0.002767
0.002452
0.002480
0.002547
0.002709
0.002877
0.002503
0.002568
0.002784
0.003009
0.002317
0.002427
0.002548
0.002866
0.002849
0.002628
0.002730
0.003090
0.002753
0.002849
0.002798
0.002775
0.003427
0.003285
0.002479
0.003455
0.003170
0.002634
0.002542
0.002460
0.003205
0.002811
0.003300
0.002537
0.003020
0.003086
0.002624
0.002589
0.002504
0.003274
0.002557
0.002627
0.002629
0.003108
0.002653
0.003218
0.003078
0.002966
0.002538
0.002813
0.003111
0.002441
0.002644
0.003083
0.003592
0.002737
0.002728
0.002443
0.002707
0.002401
0.003181
0.003188
0.002781
0.002781
0.002586
0.004353
0.003552
0.002642
0.002515
0.003442
0.002460
0.003169
0.003125
0.003109
0.003934
0.002662
0.003279
0.003526
0.003093
0.003540
0.002490
0.002760
0.002830
0.003084
0.002636
0.002407
0.003389
0.002870
0.002860
0.003393
0.003301
0.002427
0.002565
0.002607
0.003115
0.002305
0.003009
0.002568
0.002778
0.002652
0.002664
0.002508
0.002589
0.002681
0.003273
0.002642
0.003279
0.002484
0.002554
0.002119
0.002534
0.002612
0.002735
0.003029
0.003076
0.002571
0.003106
0.002667
0.002817
0.003107
0.002512
0.002622
0.002823
0.002975
0.002563
0.002622
0.003187
0.003859
0.002584
0.002710
0.003249
0.002838
0.002465
0.003526
0.002249
0.002910
0.003338
0.002661
0.002974
0.002321
0.002746
0.002852
0.002406
0.003453
0.002904
0.002594
0.002939
0.003989
0.002480
0.002526
0.002634
0.002960
0.002343
0.002571
0.002713
0.002699
0.002556
0.002999
0.002928
0.002529
0.002530
0.003084
0.002586
0.002676
0.002541
0.002640
0.002455
0.002579
0.002649
0.002695
0.002406
0.002770
0.002216
0.003099
0.002714
0.003268
0.003351
0.003508
0.003054
0.002769
0.002556
0.002385
0.002490
0.002638
0.002701
0.002558
0.002725
0.003285
0.002864
0.002526
0.003104
0.003360
0.002658
0.002788
0.002941
0.003082
0.003311
0.002562
0.003442
0.003010
0.003340
0.002952
0.002642
