0.000882
0.002787
0.001919
0.000800
0.001270
0.002001
0.000894
0.002304
0.002211
0.000791
0.000791
0.003692
0.002749
0.002222
0.000804
0.000799
0.002173
0.000798
0.000804
0.000812
0.000866
0.003295
0.001816
0.000792
0.000795
0.000800
0.000929
0.000796
0.002528
0.000791
0.002056
0.000786
0.001363
0.000784
0.000939
0.000815
0.000837
0.000781
0.003808
0.000835
0.000789
0.000832
0.000822
0.000913
0.000796
0.001661
0.003089
0.002520
0.000794
0.000778
0.001084
0.000822
0.001748
0.002618
0.000759
0.000800
0.000794
0.001793
0.000825
0.000798
0.000799
0.000819
0.002230
0.000797
0.003693
0.001588
0.000818
0.000822
0.000812
0.002196
0.000801
0.000821
0.001029
0.003026
0.000854
0.000856
0.000782
0.001096
0.000833
0.000799
0.002855
0.000900
0.001842
0.001867
0.004150
0.000836
0.000802
0.000800
0.002314
0.003256
0.000793
0.000809
0.000772
0.001178
0.004502
0.000820
0.000843
0.000824
0.002701
0.000765
0.000849
0.000781
0.004840
0.003864
0.000794
0.003029
0.001263
0.000864
0.000830
0.004063
0.000802
0.001469
0.000827
0.001978
0.001152
0.000810
0.000794
0.001426
0.002082
0.000798
0.004060
0.001489
0.000830
0.000801
0.000889
0.000810
0.000818
0.000884
0.000825
0.000834
0.002081
0.000877
0.000829
0.002648
0.001922
0.002251
0.001057
0.000791
0.000772
0.001900
0.003683
0.000764
0.001311
0.000766
0.000802
0.002236
0.001146
0.000897
0.000827
0.000776
0.002440
0.001608
0.000813
0.000794
0.000801
0.000803
0.000851
0.002721
0.000830
0.002219
0.000760
0.000773
0.001745
0.000790
0.000850
0.001561
0.003308
0.000791
0.002564
0.000832
0.000803
0.000818
0.000792
0.000978
0.000763
0.001982
0.001416
0.002016
0.000803
0.001841
0.002097
0.000858
0.000850
0.000789
0.000800
0.004146
0.000835
0.001520
0.000865
0.000813
0.002089
0.000832
0.000794
0.000777
0.000801
0.000867
0.000792
0.000792
0.002375
0.000872
0.000882
0.001178
0.000794
0.000756
0.000835
0.000818
0.004335
0.000845
0.002021
0.000854
0.000830
0.001059
0.000816
0.000780
0.000845
0.003156
0.000816
0.000826
0.002308
0.002303
0.000843
0.000813
0.003366
0.000828
0.003348
0.000885
0.002059
0.000817
0.001735
0.002808
0.001036
0.001004
0.000812
0.005448
0.000829
0.001367
0.000881
0.000801
0.000831
0.000847
0.002620
0.004586
0.000830
0.002639
0.000820
0.002170
0.002784
0.000762
0.001465
0.000816
0.000789
0.000750
0.000787
0.006337
0.002032
0.000809
0.001640
0.002383
0.000844
0.000832
0.000806
0.002101
0.000824
0.000852
0.000836
0.000793
0.000831
0.000782
0.000824
0.000779
0.001315
0.000752
0.002680
0.003519
0.000788
0.001811
0.002127
0.000858
0.003790
0.000812
0.001307
0.000864
0.000807
0.000792
0.000798
0.000800
0.003184
0.000829
0.003666
0.005391
0.000846
0.000835
0.000795
0.000825
0.002392
0.000832
0.000791
0.002096
0.000793
0.000870
0.001084
0.000941
0.000805
0.000819
0.000828
0.000807
0.000821
0.000786
0.000758
0.000809
0.000771
0.000945
0.001627
0.000747
0.002488
0.001430
0.000789
0.000803
0.000811
0.003322
0.000768
0.001322
0.001576
0.000811
0.000789
0.000770
0.000815
0.000852
0.000841
0.001827
0.001025
0.000800
0.000779
0.000757
0.001776
0.000877
0.000813
0.000864
0.000788
0.000817
0.000864
0.000842
0.000803
0.000833
0.000857
0.000839
0.000783
0.000821
0.000805
0.000872
0.001999
0.000814
0.002730
0.000814
0.001482
0.000812
0.000813
0.000824
0.000818
0.002192
0.001470
0.000764
0.000814
0.000808
0.000824
0.001837
0.002084
0.000770
0.000764
0.002401
0.000793
0.000802
0.000841
0.000877
0.000812
0.002825
0.000808
0.002191
0.000810
0.000798
0.003889
0.002131
0.000793
0.000813
0.002083
0.000828
0.000833
0.000850
0.000805
0.001200
0.000841
0.000805
0.000844
0.000828
0.000754
0.003162
0.000782
0.000785
0.000861
0.000774
0.001034
0.000805
0.000779
0.000844
0.000769
0.000770
0.000793
0.000823
0.000782
0.000811
0.000817
0.000764
0.000803
0.002011
0.003320
0.000974
0.004567
0.000820
0.001987
0.001345
0.000832
0.000786
0.000787
0.000791
0.000870
0.002727
0.003522
0.000819
0.000800
0.000796
0.000779
0.002012
0.000786
0.000808
0.002115
0.000798
0.000795
0.002926
0.000785
0.000854
0.002098
0.000799
0.000769
0.000801
0.000845
0.000770
0.000866
0.002583
0.000821
0.000789
0.000788
0.001982
0.003458
0.001506
0.000776
0.000823
0.002575
0.002188
0.000803
0.003944
0.002013
0.000835
0.000838
0.000805
0.000858
0.000804
0.000810
0.000798
0.001008
0.001867
0.000787
0.002675
0.000947
0.000821
0.000763
0.000799
0.003018
0.000788
0.003200
0.000835
0.000816
0.000826
0.004178
0.002135
0.002773
0.000754
0.000811
0.000822
0.000768
0.000818
0.000793
0.000850
0.000755
0.000789
0.000776
0.000807
0.002841
0.004748
0.000806
0.004459
0.000801
0.000915
0.000802
0.000838
0.000829
0.000801
0.000824
0.000794
0.000853
0.000780
0.001602
0.000828
0.002329
0.003967
0.000830
0.002750
0.004113
0.000764
0.000796
0.000794
0.000797
0.000822
0.000802
0.000763
0.000790
0.000826
0.000845
0.002847
0.001470
0.000789
0.000764
0.000805
0.002677
0.000908
0.000753
0.002093
0.000823
0.000773
0.000857
0.000810
0.000832
0.000772
0.001817
0.000854
0.000817
0.000899
0.002237
0.000799
0.002051
0.002908
0.000805
0.000797
0.000805
0.000753
0.000782
0.000793
0.000829
0.000834
0.001556
0.002141
0.000794
0.000788
0.002395
0.000809
0.000789
0.001943
0.001977
0.000775
0.000784
0.000767
0.002017
0.001092
0.000819
0.003154
0.000810
0.000751
0.000843
0.002121
0.003669
0.000843
0.000837
0.000838
0.000773
0.000829
0.001765
0.000847
0.000778
0.000799
0.000802
0.001224
0.000833
0.002613
0.000834
0.000805
0.000813
0.000953
0.000817
0.001719
0.000813
0.000755
0.000834
0.000778
0.000815
0.002282
0.000822
0.000791
0.003680
0.003161
0.000828
0.000820
0.000863
0.003328
0.000797
0.005711
0.000805
0.003340
0.000797
0.004847
0.003927
0.000818
0.000786
0.000790
0.000766
0.000845
0.002012
0.000777
0.000797
0.001521
0.000808
0.000776
0.000834
0.003036
0.000756
0.000801
0.000819
0.005347
0.000755
0.002072
0.000849
0.000774
0.000767
0.000827
0.004044
0.001920
0.000855
0.000801
0.002360
0.000838
0.003472
0.000921
0.000752
0.000796
0.000820
0.000796
0.001557
0.000799
0.000828
0.003677
0.000754
0.001147
0.000826
0.000793
0.000761
0.000789
0.002417
0.000819
0.000795
0.000788
0.002138
0.003411
0.000799
0.001926
0.000831
0.000793
0.000784
0.000845
0.004759
0.002294
0.001031
0.000875
0.000790
0.000805
0.005368
0.000782
0.000814
0.000759
0.000771
0.000814
0.000910
0.001815
0.003767
0.000863
0.002652
0.003179
0.000852
0.000790
0.000871
0.000788
0.002199
0.001724
0.002356
0.001974
0.000805
0.000786
0.002381
0.001415
0.000797
0.002317
0.001180
0.002552
0.000837
0.002065
0.000819
0.001681
0.000801
0.000795
0.000806
0.000759
0.000788
0.000859
0.002660
0.000797
0.002800
0.001173
0.000806
0.000837
0.003006
0.002313
0.001237
0.000790
0.002130
0.000814
0.000820
0.002281
0.002127
0.003495
0.001637
0.002197
0.000828
0.000839
0.000793
0.000821
0.000805
0.002399
0.000762
0.000850
0.000818
0.000808
0.001331
0.001672
0.002493
0.000824
0.002059
0.004566
0.000761
0.002129
0.001596
0.000789
0.000830
0.001480
0.004621
0.000804
0.000826
0.000838
0.000776
0.000789
0.000764
0.004538
0.000818
0.000859
0.000855
0.001029
0.000795
0.000817
0.001291
0.002932
0.000850
0.000843
0.000784
0.002113
0.000791
0.000772
0.000991
0.000843
0.000774
0.000838
0.000875
0.000795
0.000787
0.000888
0.000776
0.000790
0.000867
0.003507
0.000752
0.001817
0.000801
0.003024
0.000788
0.000829
0.000848
0.000800
0.000834
0.004063
0.000768
0.000800
0.000767
0.000843
0.001384
0.001995
0.000791
0.000780
0.001781
0.000776
0.000797
0.002938
0.000810
0.000818
0.000821
0.000857
0.000891
0.002656
0.000838
0.002967
0.002043
0.000893
0.002538
0.000809
0.003248
0.000805
0.000823
0.002035
0.000801
0.002798
0.000785
0.000810
0.003506
0.000742
0.004603
0.000969
0.001672
0.000811
0.003100
0.001900
0.001347
0.000874
0.000798
0.003240
0.003361
0.000802
0.003602
0.000777
0.000807
0.001052
0.000785
0.000817
0.000811
0.002083
0.000760
0.003390
0.000847
0.001950
0.001597
0.002381
0.000844
0.001861
0.000748
0.002474
0.001188
0.000782
0.001525
0.000839
0.000865
0.000845
0.000783
0.000782
0.000777
0.000790
0.004512
0.002163
0.000799
0.000809
0.000827
0.000832
0.003221
0.000779
0.000772
0.000815
0.000794
0.000759
0.004175
0.000807
0.000792
0.000863
0.000995
0.001103
0.000829
0.000873
0.000819
0.003490
0.000758
0.001604
0.001461
0.001888
0.001938
0.003009
0.000832
0.000766
0.000838
0.000798
0.003221
0.001759
0.001400
0.000801
0.000820
0.000885
0.003348
0.000753
0.005715
0.001345
0.000820
0.000815
0.001573
0.000773
0.001358
0.000873
0.001755
0.001963
0.000806
0.000830
0.000830
0.002857
0.001780
0.000776
0.001695
0.000798
0.000781
0.000793
0.001211
0.000756
0.004064
0.000801
0.000863
0.000764
0.000819
0.000885
0.000801
0.000836
0.000780
0.000804
0.000844
0.000844
0.000770
0.001444
0.000860
0.001261
0.000889
0.000823
0.001283
0.000789
0.000818
0.000818
0.000773
0.000784
0.000885
0.000792
0.001512
0.003755
0.001527
0.000817
0.001051
0.000786
0.000819
0.000808
0.000830
0.000798
0.002073
0.001399
0.000843
0.000792
0.002116
0.002997
0.000898
0.000818
0.002038
0.003449
0.000807
0.000788
0.000787
0.000910
0.000787
0.003748
0.000871
0.000798
0.003372
0.000813
0.000779
0.001793
0.000802
0.000790
