0.001442
0.001845
0.001898
0.001652
0.001560
0.003517
0.002782
0.002530
0.002685
0.003283
0.002372
0.003310
0.002695
0.002760
0.002711
0.002836
0.002866
0.003402
0.002622
0.003611
0.002888
0.002350
0.002814
0.002916
0.002596
0.002592
0.003434
0.002648
0.002187
0.003447
0.002360
0.003097
0.003347
0.001943
0.003175
0.002438
0.002448
0.002345
0.003443
0.002451
0.002047
0.002960
0.003089
0.002686
0.002750
0.002442
0.002184
0.002656
0.002827
0.002893
0.003115
0.002960
0.002536
0.003275
0.003030
0.003193
0.002957
0.003345
0.002749
0.002494
0.002635
0.002984
0.002722
0.002964
0.003043
0.002608
0.002980
0.002892
0.002596
0.002553
0.002358
0.002932
0.003322
0.002802
0.003277
0.002702
0.003081
0.002576
0.002590
0.003284
0.003018
0.003250
0.002373
0.003146
0.002780
0.002663
0.002640
0.002616
0.003640
0.002209
0.002933
0.002564
0.002477
0.003277
0.003341
0.002526
0.003367
0.002689
0.002992
0.002778
0.002970
0.002577
0.002693
0.002915
0.002641
0.002537
0.002856
0.002315
0.002359
0.002977
0.003157
0.002656
0.002780
0.002517
0.002608
0.002599
0.002764
0.003007
0.002796
0.003518
0.002388
0.002809
0.003419
0.003873
0.002632
0.002569
0.002699
0.003115
0.003393
0.002550
0.003340
0.002358
0.002568
0.003153
0.002736
0.003261
0.003370
0.002523
0.003233
0.002636
0.002672
0.002626
0.002689
0.002940
0.002846
0.003358
0.002656
0.002487
0.002108
0.002973
0.002847
0.003278
0.002670
0.002700
0.003005
0.002740
0.002480
0.002593
0.003133
0.002507
0.002914
0.002939
0.002331
0.002725
0.002970
0.002587
0.002688
0.002327
0.002574
0.003246
0.002798
0.002513
0.002908
0.002574
0.002834
0.002654
0.002581
0.003352
0.003300
0.003121
0.002762
0.002952
0.003348
0.002667
0.002710
0.002991
0.002429
0.003126
0.002737
0.003092
0.003040
0.002757
0.002180
0.002473
0.002535
0.002890
0.002978
0.002872
0.003103
0.003014
0.003155
0.002726
0.002485
0.003133
0.002611
0.003486
0.002497
0.002959
0.003687
0.002567
0.002372
0.003158
0.003201
0.003504
0.002681
0.003274
0.002511
0.003011
0.003268
0.003037
0.003827
0.003367
0.003336
0.002926
0.002625
0.002798
0.003400
0.003231
0.003255
0.002604
0.002353
0.002452
0.002896
0.003286
0.003624
0.002895
0.002899
0.001759
0.002074
0.002524
0.003171
0.003037
0.003120
0.002908
0.002603
0.002492
0.002530
0.002616
0.003325
0.002797
0.002657
0.002618
0.002555
0.003028
0.003350
0.003282
0.002547
0.002662
0.002295
0.002627
0.003148
0.002796
0.002337
0.002552
0.002886
0.002556
0.002617
0.002582
0.002643
0.003153
0.002748
0.002520
0.002603
0.002524
0.003236
0.003033
0.002598
0.003312
0.002445
0.002530
0.002650
0.002486
0.003182
0.003087
0.003371
0.002494
0.002961
0.003247
0.003319
0.003019
0.003259
0.004180
0.003355
0.003294
0.002658
0.003011
0.002638
0.002831
0.002684
0.003292
0.003215
0.002900
0.002501
0.002583
0.002753
0.003100
0.002287
0.003044
0.003121
0.002313
0.002486
0.002377
0.002276
0.003018
0.002379
0.002969
0.002461
0.002541
0.002758
0.002939
0.002862
0.002557
0.002629
0.002788
0.002812
0.002750
0.002888
0.003239
0.002602
0.002793
0.002748
0.002514
0.003175
0.002982
0.002244
0.002371
0.002840
0.002662
0.003309
0.003300
0.002525
0.002679
0.002430
0.002902
0.002618
0.003171
0.002694
0.002642
0.003099
0.002722
0.002574
0.002667
0.002613
0.002659
0.003377
0.003117
0.002463
0.003106
0.003090
0.002798
0.003001
0.002807
0.003590
0.002194
0.002331
0.003344
0.002475
0.002574
0.002297
0.003360
0.003377
0.003158
0.002560
0.002785
0.001910
0.002409
0.002904
0.002603
0.002531
0.003913
0.003459
0.002792
0.003313
0.003465
0.002452
0.003648
0.002881
0.002618
0.002582
0.003437
0.002575
0.003431
0.002716
0.002492
0.002603
0.002734
0.002613
0.003636
0.003179
0.001898
0.002789
0.002566
0.003107
0.002387
0.002478
0.002505
0.002744
0.002407
0.002615
0.002794
0.003468
0.002812
0.003368
0.002585
0.002594
0.002769
0.002666
0.002784
0.002573
0.002492
0.002755
0.002637
0.002594
0.002575
0.002909
0.002800
0.003242
0.003889
0.002449
0.002575
0.002366
0.002535
0.002652
0.002386
0.003259
0.002601
0.002597
0.002419
0.002927
0.003152
0.003192
0.002672
0.003418
0.002343
0.003416
0.002554
0.002615
0.002493
0.002594
0.002415
0.002499
0.002788
0.002350
0.001909
0.003098
0.003021
0.002698
0.002499
0.002522
0.003149
0.002785
0.002648
0.003265
0.002353
0.002590
0.002750
0.002464
0.002534
0.003904
0.003317
0.002978
0.003349
0.002506
0.002808
0.002348
0.003462
0.002756
0.002606
0.002279
0.002652
0.002434
0.002406
0.002134
0.002550
0.002470
0.002391
0.002570
0.002486
0.002654
0.003452
0.003655
0.002576
0.002549
0.002688
0.002610
0.002520
0.003278
0.002547
0.002477
0.002823
0.002813
0.002665
0.002824
0.002896
0.003057
0.003253
0.002842
0.002966
0.002761
0.002726
0.002579
0.003332
0.002663
0.002513
0.003146
0.002649
0.003606
0.002672
0.002991
0.002979
0.002640
0.003082
0.003178
0.002515
0.003431
0.002756
0.003093
0.002560
0.002608
0.003021
0.002687
0.003295
0.003234
0.002784
0.001978
0.003112
0.002357
0.003085
0.002442
0.002917
0.003511
0.002929
0.003313
0.003020
0.002550
0.003076
0.002430
0.003182
0.002687
0.002564
0.002780
0.003572
0.002974
0.002422
0.002651
0.002611
0.002636
0.002876
0.002765
0.002592
0.002691
0.003255
0.003164
0.003019
0.003169
0.002937
0.002580
0.002754
0.002798
0.003176
0.002866
0.002956
0.002618
0.002516
0.002626
0.003078
0.002276
0.002029
0.002527
0.002668
0.002644
0.002582
0.003196
0.002671
0.003237
0.002733
0.002624
0.002820
0.003553
0.002611
0.002723
0.003276
0.002805
0.003545
0.003004
0.003112
0.002968
0.003267
0.002842
0.003484
0.002766
0.002542
0.002688
0.003078
0.003074
0.002658
0.002641
0.002793
0.002733
0.002909
0.002549
0.002769
0.002331
0.003554
0.002365
0.002786
0.002895
0.002706
0.002682
0.002785
0.002789
0.002416
0.002482
0.002793
0.003396
0.002976
0.002800
0.002461
0.002635
0.003370
0.002601
0.002640
0.002059
0.002752
0.002681
0.003002
0.002673
0.002576
0.002452
0.002780
0.003124
0.002721
0.002621
0.002297
0.002621
0.003546
0.002922
0.002519
0.002689
0.003629
0.002391
0.002758
0.002474
0.002978
0.003431
0.002323
0.002546
0.002740
0.002939
0.002782
0.002874
0.002581
0.002957
0.002690
0.002320
0.002726
0.003174
0.002577
0.003023
0.002664
0.002864
0.002385
0.002492
0.002965
0.002973
0.001769
0.003146
0.002905
0.003083
0.002993
0.002492
0.003549
0.002739
0.002789
0.003655
0.002650
0.002428
0.002724
0.003107
0.002735
0.002751
0.002658
0.002662
0.002369
0.002576
0.002540
0.002732
0.003302
0.002593
0.002758
0.002727
0.002726
0.002242
0.003211
0.002617
0.002524
0.002807
0.002804
0.002852
0.002764
0.002566
0.002977
0.002987
0.002888
0.003127
0.001797
0.003309
0.002506
0.002790
0.002391
0.002544
0.002717
0.002469
0.002991
0.002671
0.003115
0.002824
0.003066
0.002605
0.002656
0.002792
0.003000
0.002443
0.003935
0.002989
0.002838
0.002934
0.002496
0.003159
0.002602
0.002305
0.002871
0.002534
0.002579
0.002588
0.002767
0.003048
0.003268
0.002260
0.002682
0.003034
0.002704
0.002375
0.002523
0.002483
0.002605
0.003205
0.002693
0.002767
0.002817
0.002601
0.002566
0.002867
0.002102
0.002873
0.003443
0.002686
0.002494
0.003326
0.002502
0.002792
0.003413
0.003259
0.002396
0.002856
0.002455
0.002946
0.003190
0.002863
0.002838
0.002830
0.002828
0.002699
0.002990
0.002437
0.002613
0.002828
0.002961
0.002649
0.002574
0.002487
0.002637
0.002699
0.002777
0.002592
0.004158
0.002738
0.002624
0.003563
0.002413
0.003330
0.003103
0.002404
0.003255
0.002376
0.003623
0.003237
0.002444
0.002593
0.002777
0.003148
0.002259
0.003032
0.003205
0.002513
0.002652
0.002796
0.003301
0.002578
0.002461
0.003728
0.002988
0.002373
0.002516
0.003405
0.002881
0.003375
0.002860
0.003021
0.002102
0.003025
0.003131
0.003370
0.002252
0.002636
0.002299
0.002715
0.002860
0.003157
0.002568
0.003122
0.002636
0.002438
0.002818
0.002205
0.002594
0.003199
0.002869
0.003851
0.002656
0.002813
0.003758
0.002772
0.002706
0.002680
0.002436
0.002704
0.003551
0.002864
0.002403
0.002947
0.002642
0.003115
0.004111
0.002714
0.002571
0.004088
0.002560
0.002541
0.003729
0.002573
0.003415
0.003254
0.003276
0.002653
0.002441
0.002385
0.002729
0.002444
0.002544
0.002438
0.002351
0.002466
0.002645
0.002989
0.002040
0.003355
0.002271
0.003028
0.002840
0.002559
0.002957
0.001931
0.003374
0.002580
0.003201
0.002461
0.002613
0.002898
0.003232
0.002821
0.002653
0.003459
0.002647
0.003022
0.002786
0.002602
0.002192
0.002583
0.002415
0.002532
0.002731
0.003423
0.002826
0.003263
0.003436
0.002712
0.002882
0.002250
0.002831
0.003465
0.002458
0.002714
0.002514
0.002737
0.003099
0.002656
0.003164
0.003596
0.003217
0.002639
0.002801
0.003039
0.003555
0.002845
0.002573
0.003268
0.002851
0.002612
0.002486
0.002646
0.003357
0.003137
0.002674
0.002585
0.002458
0.002899
0.002710
0.003308
0.003300
0.002921
0.002345
0.003173
0.003247
0.003058
0.002654
0.002857
0.003171
0.002662
0.002489
0.003054
0.002662
0.003152
0.002748
0.002551
0.003245
0.003698
0.002866
0.002541
0.002638
0.003281
0.002544
0.002814
0.002537
0.003104
0.002751
0.002867
0.002705
0.002502
0.003129
0.002848
0.002747
0.002538
0.003073
0.002600
0.003021
0.003066
0.002915
0.002465
0.002916
0.003684
0.002929
0.002183
0.002532
0.002744
0.003116
0.003369
0.002546
0.002663
0.002650
