0.000617
0.001224
0.000666
0.004989
0.001403
0.000819
0.001563
0.000623
0.000851
0.000689
0.000996
0.000816
0.001358
0.000679
0.000904
0.000592
0.000639
0.000670
0.002228
0.001084
0.001129
0.000739
0.000973
0.000632
0.001053
0.000764
0.001145
0.000801
0.001904
0.002087
0.000973
0.001045
0.000658
0.003990
0.002803
0.000923
0.000629
0.003173
0.000652
0.001229
0.001317
0.001330
0.000649
0.000632
0.002059
0.000660
0.000712
0.000863
0.001101
0.003210
0.000835
0.001437
0.000695
0.001139
0.000592
0.003403
0.000696
0.002466
0.000707
0.000657
0.000603
0.000791
0.006188
0.000684
0.001441
0.000674
0.000661
0.000623
0.002233
0.000931
0.000623
0.000731
0.000955
0.004055
0.004800
0.002695
0.000592
0.001855
0.001438
0.002314
0.000944
0.001320
0.001404
0.002532
0.002853
0.000674
0.000683
0.000897
0.001057
0.000601
0.000663
0.000659
0.000800
0.000620
0.000708
0.001045
0.000704
0.003047
0.000733
0.000959
