0.001879
0.001397
0.002549
0.001433
0.001690
0.001466
0.001653
0.001351
0.001519
0.001443
0.001565
0.001722
0.001232
0.002011
0.001523
0.001306
0.001879
0.001401
0.001621
0.001510
0.001693
0.001746
0.001173
0.001505
0.001269
0.001529
0.001492
0.001188
0.001543
0.001698
0.001416
0.001601
0.001244
0.001406
0.001677
0.001493
0.001512
0.001567
0.001284
0.001760
0.001411
0.002016
0.001297
0.001517
0.001423
0.001583
0.001583
0.001374
0.001641
0.001580
0.001190
0.001763
0.001784
0.001703
0.001865
0.001984
0.002121
0.001607
0.001965
0.001936
0.001992
0.001331
0.001890
0.001869
0.002044
0.001710
0.002375
0.001679
0.001830
0.001893
0.001873
0.002591
0.002034
0.001482
0.001813
0.002164
0.001593
0.002241
0.001882
0.002211
0.002117
0.001678
0.002626
0.002140
0.002098
0.002049
0.002216
0.002099
0.001481
0.001630
0.001842
0.002339
0.001688
0.002461
0.001626
0.001356
0.002838
0.002169
0.001608
0.002209
0.001991
0.001962
0.002106
0.002110
0.001854
0.001978
0.002165
0.002084
0.001933
0.002064
0.001976
0.001958
0.001794
0.002175
0.002143
0.001638
0.001957
0.001958
0.001562
0.002084
0.001624
0.001744
0.001822
0.001655
0.002112
0.002186
0.001492
0.001482
0.001660
0.002027
0.001536
0.002056
0.001730
0.002341
0.002368
0.002238
0.001530
0.001840
0.001669
0.002590
0.002015
0.001993
0.001732
0.001871
0.002549
0.001706
0.001832
0.002031
0.001367
0.001616
0.001434
0.001801
0.001923
0.001461
0.002409
0.002336
0.001671
0.001734
0.002091
0.001697
0.002041
0.002132
0.001968
0.002200
0.001813
0.003150
0.002004
0.001907
0.001738
0.001992
0.001500
0.001950
0.002207
0.001932
0.001666
0.001762
0.002117
0.001751
0.001946
0.001562
0.001679
0.002107
0.002107
0.002030
0.002493
0.001781
0.002544
0.002261
0.001324
0.002289
0.001941
0.001790
0.002179
0.001920
0.003049
0.002048
0.001693
0.002435
0.002135
0.001710
0.002418
0.002848
0.001629
0.001932
0.001760
0.002014
0.001866
0.001392
0.002309
0.001390
0.001391
0.002044
0.001791
0.001659
0.002112
0.002081
0.002080
0.002381
0.001834
0.002061
0.002111
0.001380
0.001985
0.002278
0.001705
0.002238
0.002024
0.002059
0.001938
0.002094
0.002063
0.002195
0.002316
0.002932
0.001667
0.001967
0.002416
0.001649
0.002486
0.001747
0.001602
0.001854
0.002062
0.001626
0.001948
0.002216
0.002113
0.002114
0.002254
0.001691
0.001986
0.002100
0.001633
0.002385
0.001962
0.002115
0.001881
0.002289
0.002224
0.002028
0.001776
0.002223
0.001797
0.001435
0.002213
0.002118
0.001545
0.001932
0.002553
0.001988
0.002387
0.001862
0.001823
0.002096
0.002261
0.002217
0.001977
0.002986
0.002704
0.002635
0.002198
0.002170
0.002405
0.001537
0.001957
0.001900
0.001863
0.002457
0.001607
0.001674
0.001743
0.002250
0.002050
0.002214
0.001775
0.002139
0.002191
0.002163
0.002362
0.001441
0.001893
0.002241
0.001795
0.002074
0.001508
0.001787
0.002463
0.001973
0.001919
0.001913
0.002213
0.002433
0.002085
0.002272
0.002135
0.002396
0.002327
0.001630
0.001472
0.002363
0.001501
0.001828
0.002236
0.001625
0.001684
0.002509
0.001855
0.002053
0.002163
0.002612
0.001818
0.001900
0.002175
0.001845
0.001989
0.002023
0.002287
0.001543
0.002519
0.001931
0.002219
0.001785
0.002261
0.002513
0.001565
0.001870
0.002128
0.001537
0.002066
0.002068
0.002091
0.001719
0.001769
0.001775
0.001976
0.001857
0.002228
0.001768
0.001892
0.001837
0.001336
0.002430
0.002257
0.002044
0.002202
0.001986
0.002322
0.001773
0.002009
0.002400
0.001695
0.002194
0.002036
0.002124
0.002469
0.002054
0.002044
0.002064
0.001705
0.001906
0.001352
0.002187
0.002297
0.002134
0.002492
0.002320
0.001880
0.001353
0.001575
0.002220
0.002062
0.001922
0.001584
0.001469
0.001799
0.001724
0.001641
0.002186
0.001983
0.002108
0.001607
0.002429
0.001798
0.002354
0.001838
0.001412
0.002009
0.002030
0.002292
0.001633
0.001988
0.001580
0.001895
0.002106
0.002299
0.001701
0.002335
0.001884
0.002070
0.002364
0.002618
0.002275
0.002777
0.002493
0.001521
0.002291
0.002099
0.002230
0.001693
0.002229
0.002916
0.002853
0.001750
0.002009
0.002139
0.001979
0.002257
0.001669
0.002397
0.001586
0.001700
0.002091
0.001981
0.002216
0.002242
0.002011
0.002267
0.001903
0.002082
0.002603
0.001625
0.002172
0.001717
0.002082
0.001967
0.002080
0.001991
0.002297
0.002033
0.001759
0.002017
0.001894
0.001421
0.001729
0.002069
0.002346
0.001684
0.001686
0.002153
0.002228
0.001750
0.001468
0.001878
0.001793
0.002095
0.002159
0.002159
0.002196
0.002004
0.001873
0.001749
0.001825
0.001897
0.001641
0.002331
0.002425
0.001885
0.002077
0.002190
0.002407
0.002021
0.002060
0.002216
0.002489
0.002172
0.002069
0.002161
0.002160
0.002057
0.002126
0.002353
0.002175
0.001658
0.001377
0.001585
0.002047
0.001694
0.001664
0.001995
0.001765
0.002322
0.002106
0.002015
0.002042
0.001746
0.002036
0.002068
0.001816
0.001650
0.002048
0.001796
0.002154
0.001771
0.001782
0.002204
0.002083
0.002502
0.002007
0.001973
0.002285
0.002422
0.002468
0.002092
0.002358
0.002658
0.001914
0.002017
0.001975
0.002151
0.001675
0.002074
0.001827
0.002487
0.002083
0.002249
0.001956
0.002120
0.002888
0.001919
0.002242
0.002015
0.001988
0.001985
0.001713
0.001597
0.001661
0.002613
0.001888
0.002152
0.002061
0.002011
0.002486
0.002053
0.002160
0.001872
0.002380
0.001824
0.002021
0.002132
0.001938
0.001887
0.001815
0.002050
0.002019
0.002154
0.002258
0.002393
0.002193
0.001931
0.002202
0.002453
0.001827
0.002069
0.001442
0.001798
0.001759
0.002229
0.002027
0.001855
0.001586
0.001990
0.002245
0.001631
0.002083
0.001933
0.002046
0.001778
0.002070
0.002025
0.002203
0.002449
0.001514
0.001841
0.001674
0.002118
0.002084
0.003170
0.001999
0.002300
0.001828
0.001636
0.001975
0.002042
0.001803
0.001722
0.001809
0.002090
0.001956
0.002214
0.001463
0.001487
0.002153
0.002086
0.002245
0.001602
0.001867
0.002055
0.001583
0.001874
0.002014
0.001707
0.002045
0.001637
0.001823
0.002303
0.002082
0.001651
0.001492
0.002529
0.002057
0.002278
0.001827
0.001961
0.002055
0.002232
0.001899
0.001988
0.002067
0.001665
0.002268
0.001764
0.001630
0.002019
0.001578
0.001995
0.002155
0.002149
0.001918
0.002142
0.002023
0.002071
0.001739
0.001624
0.002335
0.001752
0.002747
0.002104
0.002023
0.002565
0.002085
0.001961
0.001843
0.001959
0.002064
0.002034
0.002154
0.001674
0.002125
0.002144
0.002009
0.002051
0.002039
0.001685
0.001904
0.002187
0.002137
0.002082
0.001689
0.001737
0.002114
0.002380
0.002170
0.001722
0.002082
0.001757
0.001835
0.001915
0.002123
0.001829
0.001577
0.001614
0.002123
0.001691
0.001550
0.002322
0.001503
0.002363
0.001984
0.001657
0.002072
0.001521
0.001913
0.001948
0.002481
0.002226
0.002225
0.001983
0.001800
0.001625
0.001790
0.001750
0.002558
0.001827
0.002126
0.002049
0.002129
0.002194
0.001898
0.002572
0.002152
0.001720
0.001878
0.002087
0.002544
0.002216
0.001728
0.001911
0.001761
0.002096
0.002264
0.002130
0.001754
0.002229
0.001808
0.002018
0.002241
0.001786
0.002087
0.002212
0.001861
0.002096
0.001616
0.002261
0.001665
0.002204
0.002207
0.001471
0.001733
0.001840
0.002101
0.002026
0.002047
0.001990
0.002123
0.001763
0.001755
0.002162
0.002341
0.001584
0.002040
0.002188
0.001876
0.002033
0.002482
0.002060
0.001726
0.001770
0.001962
0.002036
0.001900
0.001917
0.001744
0.001793
0.001728
0.002111
0.001688
0.002143
0.001656
0.002807
0.001983
0.001480
0.002456
0.001476
0.002184
0.001854
0.002068
0.001779
0.002409
0.002169
0.002110
0.002071
0.002039
0.002124
0.002444
0.001685
0.002939
0.002475
0.001877
0.002140
0.002129
0.002269
0.002001
0.001929
0.001656
0.001852
0.001655
0.001970
0.002052
0.002207
0.001723
0.002056
0.002162
0.001694
0.002632
0.002079
0.001770
0.002676
0.002051
0.001988
0.002090
0.002208
0.002056
0.001654
0.001917
0.001897
0.002185
0.001944
0.001410
0.001854
0.001775
0.002007
0.002162
0.001689
0.001655
0.001948
0.002000
0.002217
0.001849
0.002001
0.001647
0.002047
0.002413
0.002014
0.002863
0.002473
0.002322
0.002537
0.002169
0.002315
0.002085
0.001587
0.002378
0.002239
0.001541
0.002522
0.002301
0.002262
0.002452
0.001729
0.002233
0.002036
0.001900
0.002025
0.002110
0.002083
0.001576
0.002008
0.002097
0.001882
0.002002
0.002339
0.001722
0.002123
0.001818
0.002347
0.002158
0.002085
0.002109
0.001930
0.002096
0.002315
0.001851
0.001843
0.002129
0.002454
0.001900
0.002081
0.001831
0.002240
0.002021
0.001869
0.001849
0.002170
0.002097
0.002251
0.001866
0.002176
0.002595
0.001917
0.001996
0.002062
0.001722
0.001734
0.001842
0.002212
0.002299
0.001999
0.001765
0.002330
0.001981
0.001984
0.001950
0.002176
0.002398
0.002006
0.002198
0.002416
0.002490
0.001755
0.001905
0.002047
0.001757
0.001650
0.001991
0.002737
0.002148
0.002319
0.001496
0.002137
0.002132
0.001470
0.001688
0.001686
0.001977
0.001857
0.001728
0.002031
0.001706
0.002509
0.001952
0.002046
0.002010
0.002033
0.002127
0.002314
0.002126
0.001686
0.002433
0.002128
0.002085
0.002460
0.002164
0.002555
0.002157
0.002914
0.002113
0.002114
0.002119
0.001753
0.001948
0.002005
0.002224
0.001870
0.001647
0.001968
0.002372
0.001622
0.001442
0.001724
0.001799
0.001918
0.002376
0.001636
0.001829
0.001925
0.001712
0.001550
0.001967
0.002278
0.002020
0.001904
0.002291
0.001736
0.001916
0.001824
0.001801
0.002363
0.002191
0.002631
0.002341
