0.001240
0.001288
0.001584
0.001881
0.001659
0.001716
0.001782
0.001998
0.001519
0.001631
0.001511
0.001515
0.001787
0.001380
0.001529
0.001554
0.001630
0.001892
0.001504
0.001575
0.001379
0.001651
0.001432
0.001381
0.001505
0.002151
0.001793
0.001808
0.001648
0.002088
0.001842
0.001955
0.001841
0.002496
0.002116
0.001967
0.002318
0.002205
0.001629
0.001898
0.001923
0.002465
0.001589
0.002982
0.002091
0.002430
0.002373
0.001724
0.001707
0.002054
0.001911
0.001859
0.002295
0.002285
0.001959
0.002043
0.002164
0.002585
0.002319
0.002178
0.002286
0.001913
0.003001
0.001519
0.001974
0.002459
0.002003
0.002164
0.002679
0.002159
0.002079
0.002209
0.002074
0.002534
0.002356
0.002633
0.001706
0.001886
0.002433
0.002289
0.001978
0.002905
0.001979
0.002312
0.002302
0.001822
0.002113
0.002156
0.002177
0.002465
0.003028
0.002168
0.002470
0.002374
0.001987
0.001916
0.001950
0.001992
0.002654
0.002160
0.002504
0.001944
0.002110
0.001798
0.002194
0.001487
0.002413
0.002886
0.002345
0.002198
0.001718
0.001845
0.002292
0.002307
0.001659
0.002036
0.002225
0.002346
0.001868
0.003193
0.002635
0.002198
0.002455
0.002052
0.001863
0.002042
0.002136
0.002406
0.002197
0.002463
0.003619
0.002168
0.002162
0.002382
0.001638
0.001864
0.002205
0.002304
0.001962
0.001778
0.002151
0.001785
0.001891
0.001474
0.002040
0.001808
0.001813
0.001878
0.002267
0.002191
0.002348
0.003029
0.001918
0.002186
0.002078
0.002312
0.001712
0.003062
0.002204
0.002002
0.001995
0.001839
0.001692
0.002190
0.003064
0.002164
0.001821
0.002072
0.002548
0.002169
0.002171
0.001786
0.001700
0.002386
0.001624
0.002119
0.001930
0.001848
0.002067
0.001922
0.001663
0.002435
0.002230
0.001902
0.002009
0.002490
0.001951
0.002252
0.001905
0.001641
0.001849
0.002844
0.002419
0.001887
0.002095
0.001630
0.001697
0.002016
0.002061
0.002519
0.002067
0.001876
0.002523
0.002208
0.002143
0.001589
0.002676
0.002685
0.001697
0.002509
0.002130
0.002059
0.003459
0.001516
0.001922
0.002178
0.002757
0.002611
0.002108
0.001907
0.002429
0.002161
0.002303
0.002208
0.001791
0.003075
0.001709
0.002293
0.002039
0.002558
0.002706
0.002627
0.001486
0.001825
0.001835
0.001872
0.001763
0.001537
0.002461
0.002377
0.002281
0.002673
0.001874
0.002580
0.001697
0.002480
0.002618
0.001905
0.002165
0.002365
0.002290
0.002306
0.001891
0.001886
0.001979
0.001661
0.002061
0.001686
0.002655
0.001720
0.002201
0.002281
0.002092
0.002711
0.001634
0.002204
0.002050
0.001723
0.002008
0.002775
0.002156
0.002493
0.001658
0.001982
0.001617
0.001780
0.001778
0.002225
0.002097
0.002089
0.001866
0.001461
0.001956
0.002797
0.002228
0.002400
0.002417
0.002239
0.001770
0.002780
0.001705
0.002557
0.002334
0.002358
0.001881
0.002407
0.002186
0.001909
0.002168
0.002145
0.002721
0.001679
0.002338
0.002107
0.001873
0.002203
0.002607
0.001935
0.002173
0.002134
0.001924
0.002520
0.002336
0.002170
0.001865
0.002225
0.002389
0.001748
0.002298
0.001855
0.002691
0.002425
0.002119
0.002168
0.001738
0.001718
0.002322
0.001821
0.002800
0.002217
0.001937
0.001895
0.002534
0.002355
0.002504
0.001833
0.002505
0.002225
0.002192
0.001985
0.002118
0.001885
0.002198
0.002144
0.002025
0.002360
0.002616
0.001791
0.001471
0.001733
0.002206
0.002164
0.001917
0.001836
0.002639
0.001689
0.001950
0.002146
0.001905
0.001581
0.002112
0.001766
0.001919
0.001595
0.001769
0.001946
0.002023
0.002222
0.002208
0.001931
0.002879
0.002106
0.002358
0.002139
0.001620
0.002769
0.002146
0.002078
0.002128
0.002620
0.002280
0.002754
0.001642
0.002299
0.002587
0.002072
0.001855
0.002198
0.001842
0.002187
0.001845
0.001843
0.002160
0.002320
0.001960
0.001926
0.001716
0.002213
0.002092
0.001859
0.002266
0.001984
0.002486
0.001945
0.002194
0.002018
0.002112
0.001856
0.001860
0.002553
0.002348
0.001619
0.002452
0.002118
0.002032
0.002038
0.001367
0.002051
0.001727
0.002223
0.001483
0.001741
0.002492
0.002009
0.001900
0.001784
0.002010
0.001618
0.002332
0.001826
0.002576
0.001880
0.002155
0.002032
0.002251
0.001642
0.001660
0.002213
0.001561
0.002160
0.002030
0.002129
0.004593
0.002733
0.001966
0.001756
0.001918
0.002178
0.001953
0.001984
0.002242
0.002076
0.002463
0.002823
0.001816
0.002313
0.002867
0.001957
0.001972
0.002398
0.002279
0.001491
0.001614
0.003053
0.001918
0.001957
0.001455
0.001382
0.002258
0.001717
0.001516
0.002375
0.001732
0.002434
0.003112
0.002505
0.002306
0.002182
0.001926
0.002435
0.001943
0.001964
0.002102
0.002035
0.002324
0.001526
0.002151
0.002847
0.002594
0.002115
0.002037
0.002125
0.002321
0.001580
0.002792
0.001964
0.002348
0.002316
0.002332
0.002144
0.002009
0.002430
0.002112
0.001984
0.002193
0.001629
0.002159
0.002146
0.002072
0.001972
0.002055
0.002319
0.001764
0.002271
0.002237
0.002152
0.002251
0.001961
0.001952
0.001760
0.002247
0.001869
0.002138
0.002268
0.001306
0.002225
0.001947
0.001886
0.002453
0.001683
0.002353
0.002229
0.002279
0.002384
0.002221
0.001515
0.001823
0.002082
0.003185
0.002450
0.002286
0.002171
0.001860
0.003086
0.002595
0.002122
0.002103
0.002234
0.002636
0.001829
0.002078
0.002204
0.002257
0.001806
0.001591
0.002022
0.003190
0.001810
0.001627
0.002030
0.001809
0.002159
0.001967
0.001514
0.002249
0.002062
0.002312
0.002313
0.002731
0.002654
0.001837
0.002130
0.001521
0.002313
0.002098
0.001978
0.002960
0.002209
0.002102
0.001600
0.002387
0.001686
0.002342
0.001729
0.002038
0.001931
0.002142
0.002427
0.002378
0.002275
0.001787
0.002236
0.001999
0.002033
0.001771
0.001903
0.002141
0.002475
0.002086
0.001996
0.002998
0.002186
0.003447
0.001956
0.002059
0.002096
0.002055
0.002625
0.002235
0.001858
0.001554
0.001793
0.001884
0.002150
0.002032
0.001925
0.001679
0.002341
0.002002
0.002070
0.001903
0.001817
0.001819
0.002197
0.002299
0.002336
0.002663
0.002256
0.002278
0.002009
0.002427
0.002294
0.001595
0.002723
0.002097
0.001958
0.001586
0.002220
0.002534
0.002268
0.002384
0.002367
0.001694
0.003106
0.001925
0.002809
0.001939
0.002012
0.002383
0.001625
0.002580
0.002379
0.001975
0.002050
0.001742
0.002336
0.003076
0.002067
0.003695
0.002321
0.002044
0.001998
0.002065
0.002318
0.002257
0.002752
0.002580
0.002033
0.002687
0.002224
0.002299
0.002397
0.002459
0.001921
0.002333
0.001605
0.002230
0.001949
0.002114
0.001836
0.001916
0.002068
0.001786
0.002170
0.002106
0.002131
0.002444
0.003647
0.001989
0.002507
0.002295
0.001776
0.002056
0.002571
0.002051
0.002251
0.001826
0.002211
0.001897
0.002363
0.001816
0.002373
0.002838
0.001768
0.002198
0.001727
0.002396
0.001799
0.001730
0.002171
0.001996
0.001997
0.001883
0.001579
0.002317
0.002057
0.002201
0.002297
0.002374
0.002258
0.002252
0.001842
0.002612
0.002264
0.002341
0.001649
0.001791
0.001426
0.001873
0.001919
0.001665
0.001940
0.002404
0.002206
0.001824
0.002205
0.002139
0.002278
0.001913
0.002779
0.001884
0.002159
0.002170
0.002074
0.001748
0.002470
0.001714
0.002237
0.002349
0.002161
0.001821
0.002095
0.001698
0.001855
0.002893
0.002100
0.002512
0.002157
0.002777
0.002024
0.002136
0.001952
0.001706
0.002709
0.001862
0.002524
0.001936
0.002485
0.002150
0.001970
0.002555
0.002161
0.002951
0.002327
0.002809
0.002166
0.002431
0.001710
0.002248
0.003035
0.001795
0.002142
0.002368
0.001835
0.002222
0.001969
0.001741
0.001611
0.001767
0.001371
0.002018
0.002201
0.001560
0.002040
0.002124
0.001956
0.002120
0.002053
0.003208
0.002262
0.002134
0.002458
0.002299
0.002049
0.002034
0.002196
0.002292
0.002363
0.002025
0.003318
0.002026
0.002437
0.002025
0.002791
0.002163
0.002273
0.002286
0.001471
0.002070
0.002139
0.001802
0.002595
0.001882
0.001866
0.002173
0.001828
0.002080
0.001905
0.002357
0.002476
0.002597
0.001743
0.001629
0.002110
0.001902
0.001817
0.002055
0.002208
0.002203
0.002192
0.001893
0.002037
0.001960
0.001933
0.002057
0.001995
0.002041
0.002348
0.001922
0.001877
0.002065
0.001766
0.002060
0.001527
0.002465
0.002106
0.002190
0.001802
0.002051
0.001393
0.002352
0.001618
0.001808
0.002281
0.002569
0.002349
0.002450
0.002836
0.002209
0.002623
0.001780
0.002354
0.001997
0.002347
0.001467
0.002069
0.001700
0.002250
0.002604
0.001729
0.002202
0.002599
0.001913
0.002036
0.001791
0.002282
0.002109
0.001816
0.002173
0.001604
0.001713
0.002224
0.002359
0.002319
0.001915
0.001932
0.002569
0.001968
0.002072
0.002077
0.002272
0.002395
0.001533
0.001945
0.001991
0.001810
0.002216
0.001529
0.002146
0.001871
0.002026
0.001956
0.002018
0.002772
0.002033
0.001899
0.002118
0.002342
0.001793
0.002111
0.003044
0.002400
0.002176
0.002338
0.001942
0.001836
0.002906
0.001518
0.002356
0.002482
0.002187
0.002716
0.001630
0.001925
0.002356
0.002285
0.002354
0.002423
0.002596
0.001513
0.002149
0.001814
0.002371
0.001614
0.002470
0.002126
0.002089
0.001726
0.002048
0.002264
0.002071
0.002128
0.001896
0.003140
0.001992
0.002264
0.002355
0.002183
0.001589
0.002234
0.002208
0.001842
0.001939
0.001892
0.002074
0.002339
0.003029
0.002123
0.001845
0.002691
0.001841
0.002230
0.001982
0.001931
0.001796
0.002103
0.001714
0.002392
0.002229
0.002700
0.002416
0.002023
0.002337
0.001781
0.002538
0.001658
0.002349
0.001942
0.002354
0.002660
0.002199
0.002235
0.001737
0.002044
0.001864
0.002017
0.002452
0.001979
0.001566
0.001939
