0.001803
0.000785
0.000734
0.000570
0.000639
0.000645
0.000566
0.000923
0.001769
0.000589
0.000755
0.000622
0.000584
0.000613
0.000608
0.000656
0.001380
0.000589
0.000655
0.000802
0.000658
0.000587
0.000586
0.000607
0.000572
0.000625
0.000557
0.000644
0.000617
0.000589
0.001197
0.001442
0.000896
0.000667
0.000714
0.000677
0.000588
0.001611
0.000582
0.002979
0.000676
0.000654
0.001381
0.000898
0.000672
0.000588
0.000595
0.000725
0.000915
0.000595
0.000603
0.000572
0.000609
0.001249
0.002601
0.000584
0.000573
0.000602
0.001063
0.000622
0.001543
0.001011
0.000588
0.000607
0.000678
0.000627
0.000582
0.000602
0.000566
0.000573
0.000624
0.000641
0.000634
0.001331
0.000606
0.000687
0.000619
0.001355
0.002008
0.000593
0.000584
0.001088
0.000651
0.000812
0.000655
0.000914
0.000807
0.001198
0.000806
0.000947
0.001323
0.000758
0.000960
0.000682
0.000636
0.002128
0.000623
0.001278
0.001002
0.002145
0.002372
0.000573
0.001116
0.002805
0.000639
0.000590
0.000697
0.000858
0.000585
0.000589
0.004496
0.000606
0.000710
0.001764
0.001633
0.000782
0.002715
0.000568
0.003198
0.000731
0.000612
0.001249
0.000566
0.000693
0.000585
0.003965
0.001768
0.000583
0.000591
0.001954
0.000708
0.001603
0.001635
0.000607
0.002939
0.000619
0.000574
0.002395
0.006618
0.006439
0.000628
0.001377
0.000610
0.001655
0.003641
0.000597
0.001490
0.000792
0.000607
0.000613
0.000620
0.001053
0.001382
0.000588
0.000594
0.001532
0.001619
0.003219
0.000560
0.000646
0.001015
0.001020
0.000579
0.001486
0.001397
0.005009
0.000611
0.000726
0.000589
0.001439
0.000631
0.003759
0.000577
0.000639
0.000672
0.000710
0.000666
0.000625
0.001093
0.000609
0.000641
0.001525
0.000659
0.001359
0.000626
0.005212
0.000638
0.000706
0.006756
0.000597
0.002301
0.003339
0.001979
0.000601
0.000712
0.001245
0.001706
0.001508
0.000750
0.001368
0.001188
0.000609
0.004705
0.000626
0.004593
0.002356
0.005364
0.002115
0.001174
0.000900
0.000937
0.002599
0.000683
0.006828
0.000959
0.000607
0.000834
0.003531
0.000614
0.001959
0.000660
0.002269
0.000615
0.000576
0.000751
0.000676
0.004376
0.000646
0.001514
0.001212
0.003577
0.000590
0.000757
0.000737
0.001930
0.001505
0.001305
0.001382
0.000757
0.001391
0.000621
0.000893
0.005694
0.000647
0.001380
0.001496
0.001208
0.001121
0.000718
0.000644
0.000595
0.001118
0.000832
0.000654
0.004803
0.001298
0.002858
0.000631
0.001094
0.002888
0.002188
0.000801
0.002144
0.000584
0.000922
0.004710
0.003674
0.001327
0.000643
0.002897
0.003553
0.003990
0.000638
0.000645
0.001167
0.002759
0.004846
0.003495
0.001141
0.000971
0.001011
0.000869
0.000667
0.000996
0.001039
0.001712
0.002458
0.004077
0.000864
0.001547
0.000756
0.001049
0.001275
0.000722
0.000758
0.001500
0.000759
0.005275
0.004036
0.001067
0.002963
0.002434
0.000636
0.002873
0.004094
0.001777
0.002950
0.002314
0.000712
0.002013
0.004161
0.000684
0.001467
0.002292
0.001050
0.000788
0.000602
0.006112
0.000962
0.000644
0.001519
0.000613
0.004555
0.001264
0.000587
0.000573
0.001991
0.000607
0.000607
0.000914
0.000766
0.001163
0.000649
0.001973
0.000594
0.000575
0.000623
0.000867
0.000707
0.000643
0.002004
0.000956
0.000775
0.000596
0.000691
0.000588
0.002611
0.008867
0.000665
0.000942
0.000596
0.000646
0.000620
0.000625
0.000899
0.000652
0.000778
0.000662
0.000704
0.002446
0.001188
0.007427
0.000659
0.000657
0.000914
0.000582
0.002614
0.000736
0.000629
0.001201
0.000713
0.003804
0.000588
0.000593
0.000934
0.001212
0.011459
0.000638
0.001376
0.000579
0.002019
0.005678
0.002483
0.000601
0.001909
0.001114
0.000597
0.003835
0.000627
0.004468
0.000732
0.000770
0.001437
0.000655
0.002394
0.000600
0.000622
0.008466
0.000601
0.001327
0.000746
0.006783
0.003420
0.000936
0.000586
0.000783
0.000743
0.002668
0.001551
0.000717
0.000679
0.000828
0.004961
0.002866
0.000613
0.006267
0.000857
0.000665
0.000690
0.001215
0.001490
0.003236
0.002146
0.002170
0.001336
0.001873
0.000598
0.000590
0.000645
0.000579
0.000661
0.000608
0.000828
0.000760
0.004014
0.004711
0.002338
0.002599
0.002877
0.000773
0.002780
0.001179
0.002382
0.002163
0.000866
0.005337
0.000883
0.001239
0.000823
0.002734
0.001796
0.005386
0.002146
0.002297
0.000658
0.001279
0.002002
0.002092
0.001681
0.003132
0.002445
0.000693
0.002322
0.002124
0.004265
0.003461
0.003549
0.000798
0.000645
0.004294
0.001149
0.001542
0.000697
0.002458
0.000703
0.005780
0.006268
0.000759
0.000833
0.002281
0.001158
0.001572
0.001038
0.000625
0.000993
0.000582
0.002723
0.000980
0.000835
0.000649
0.000681
0.003942
0.001560
0.000658
0.002809
0.002828
0.002030
0.001203
0.000870
0.000641
0.003598
0.001247
0.000614
0.000631
0.000783
0.000632
0.001582
0.001011
0.001321
0.003088
0.001026
0.001466
0.004325
0.002003
0.003166
0.000709
0.000598
0.002566
0.000568
0.001080
0.002425
0.000634
0.000570
0.002797
0.000598
0.001557
0.000556
0.002534
0.000999
0.000606
0.000879
0.001636
0.000592
0.000566
0.001014
0.000635
0.003493
0.004071
0.001363
0.000641
0.001055
0.001054
0.000959
0.000638
0.000937
0.001380
0.002652
0.000829
0.001287
0.002338
0.001261
0.001762
0.000675
0.001043
0.003601
0.000631
0.003961
0.000891
0.005696
0.000763
0.001904
0.000979
0.001019
0.001821
0.001377
0.003199
0.003471
0.006371
0.004684
0.001352
0.000881
0.002901
0.004272
0.004926
0.005109
0.001951
0.004947
0.000678
0.001741
0.001458
0.004589
0.000836
0.001978
0.000592
0.000702
0.000602
0.005058
0.007514
0.000603
0.001874
0.001571
0.004012
0.000888
0.001719
0.001248
0.000721
0.000701
0.001601
0.003443
0.002246
0.001723
0.001426
0.001217
0.004296
0.002478
0.004205
0.001933
0.004979
0.001492
0.000599
0.000650
0.000748
0.000652
0.000722
0.001220
0.000595
0.000621
0.000590
0.001923
0.000912
0.001874
0.001250
0.000577
0.001313
0.000766
0.000583
0.000597
0.001254
0.000596
0.000588
0.000630
0.001070
0.000612
0.000587
0.002539
0.000650
0.002123
0.000586
0.004410
0.000625
0.000597
0.003165
0.002028
0.000596
0.001480
0.000865
0.000589
0.004349
0.002464
0.001724
0.000723
0.001787
0.001431
0.000581
0.000655
0.000692
0.001494
0.004361
0.002233
0.003629
0.001288
0.000628
0.001575
0.001740
0.001367
0.000679
0.000787
0.000654
0.000633
0.005342
0.002049
0.003959
0.000646
0.000735
0.000644
0.001220
0.001803
0.005146
0.000940
0.000648
0.000659
0.003249
0.000897
0.000588
0.002753
0.001478
0.000944
0.001771
0.004239
0.008359
0.001052
0.001965
0.000621
0.000637
0.006545
0.000600
0.000780
0.002262
0.004226
0.001272
0.001063
0.004604
0.007470
0.001815
0.001470
0.004919
0.001127
0.002655
0.000981
0.000847
0.001045
0.001065
0.001041
0.002806
0.005594
0.001932
0.002543
0.000650
0.001233
0.001705
0.000727
0.000616
0.000652
0.000659
0.001022
0.001655
0.001984
0.004472
0.004272
0.001555
0.011347
0.001463
0.004465
0.001044
0.000716
0.001058
0.000683
0.004733
0.000615
0.000635
0.002006
0.000616
0.000620
0.002055
0.000614
0.000596
0.000615
0.002170
0.000829
0.000614
0.000719
0.000644
0.000615
0.000570
0.005427
0.000622
0.004009
0.000590
0.000613
0.000602
0.000756
0.007525
0.001278
0.000853
0.000628
0.000702
0.000631
0.004422
0.003829
0.002228
0.002423
0.000813
0.000583
0.002977
0.000592
0.000607
0.001572
0.000636
0.000666
0.003022
0.000588
0.001482
0.000715
0.006519
0.000631
0.002372
0.000738
0.001686
0.000603
0.000602
0.001555
0.003033
0.001130
0.005654
0.001381
0.000631
0.000643
0.000626
0.004992
0.000554
0.003179
0.000604
0.000587
0.003858
0.000658
0.001355
0.010550
0.000629
0.004399
0.007080
0.001515
0.001579
0.001358
0.004696
0.000576
0.000637
0.003555
0.004018
0.001320
0.000651
0.008029
0.000641
0.001174
0.000704
0.009432
0.000678
0.000818
0.005123
0.000594
0.000721
0.003325
0.001080
0.000717
0.001351
0.001766
0.000639
0.000793
0.000644
0.007793
0.000984
0.000764
0.001722
0.000605
0.000575
0.000613
0.000815
0.001269
0.000948
0.000581
0.000622
0.000597
0.004543
0.001307
0.000583
0.000657
0.005492
0.000570
0.006046
0.002316
0.003371
0.000622
0.000587
0.001031
0.000676
0.001299
0.001762
0.002873
0.000607
0.001097
0.000617
0.002413
0.001084
0.001448
0.013046
0.001060
0.003101
0.002204
0.001392
0.004707
0.003125
0.002530
0.000626
0.002997
0.001570
0.001989
0.002327
0.002012
0.000864
0.008892
0.010557
0.003417
0.000700
0.000588
0.002173
0.000961
0.001762
0.006790
0.007416
0.000966
0.002912
0.001005
0.001402
0.000815
0.003054
0.003871
0.001125
0.001540
0.000624
0.001263
0.001379
0.000797
0.004468
0.004508
0.001834
0.001398
0.001017
0.000590
0.003638
0.000646
0.001284
0.001100
0.000698
0.001029
0.005238
0.003739
0.000835
0.000614
0.000902
0.000646
0.001020
0.001415
0.000904
0.001722
0.002097
0.001532
0.001466
0.000581
0.001672
0.000608
0.000837
0.000864
0.000692
0.003703
0.000566
0.003906
0.002755
0.000627
0.001298
0.000598
0.000828
0.000737
0.000674
0.006408
0.005114
0.002863
0.001434
0.002107
0.001346
0.001939
0.000746
0.000783
0.006158
0.001271
0.000901
0.002510
0.000655
0.007278
0.001836
0.000618
0.003586
0.000771
0.000614
0.000662
0.002132
0.004101
0.001457
0.000718
0.006079
0.000953
0.000786
0.000597
0.000773
0.000609
0.000878
0.001823
0.000949
0.002343
0.003685
0.001585
0.002415
0.000593
0.005413
0.000572
0.001510
0.001076
0.000603
0.001586
0.002042
0.002823
0.003062
