0.000568
0.001026
0.000589
0.000594
0.000744
0.000923
0.001981
0.001070
0.000589
0.003307
0.001266
0.000721
0.002578
0.000818
0.001840
0.000540
0.000873
0.000558
0.000860
0.002152
0.000539
0.003250
0.003378
0.004391
0.000535
0.001084
0.001104
0.000642
0.002085
0.003489
0.003073
0.000601
0.000535
0.000666
0.000593
0.002410
0.000935
0.000656
0.001533
0.001648
0.000810
0.001579
0.000556
0.001185
0.000551
0.003270
0.003485
0.003119
0.000554
0.001437
0.001096
0.000864
0.000654
0.001000
0.000649
0.000651
0.000794
0.001605
0.005013
0.000630
0.005586
0.000872
0.003100
0.000556
0.000770
0.002333
0.000565
0.004593
0.003575
0.000618
0.000580
0.002759
0.001571
0.000679
0.000534
0.002798
0.001476
0.001586
0.000660
0.001086
0.001116
0.000803
0.000628
0.002927
0.002343
0.001508
0.000670
0.000794
0.000669
0.000594
0.002408
0.002129
0.001448
0.000562
0.001253
0.000639
0.001759
0.000717
0.000589
0.001450
