0.002812
0.001774
0.001011
0.001537
0.002613
0.001256
0.002524
0.001809
0.001582
0.001427
0.001604
0.001768
0.001338
0.001328
0.001375
0.002130
0.001210
0.001900
0.003012
0.002122
0.001619
0.002509
0.001237
0.001141
0.001262
0.001215
0.001840
0.001846
0.002042
0.001288
0.001522
0.001608
0.001504
0.001614
0.002051
0.001610
0.001509
0.001001
0.001327
0.000598
0.002405
0.000775
0.001469
0.001433
0.000419
0.001216
0.002245
0.000344
0.001659
0.000541
0.001956
0.001216
0.002467
0.001655
0.001808
0.001556
0.001407
0.002177
0.001483
0.002031
0.001354
0.001949
0.001561
0.001829
0.000810
0.001440
0.000356
0.002244
0.001543
0.001215
0.001804
0.001247
0.001475
0.002012
0.001875
0.001382
0.001720
0.002200
0.000318
0.002657
0.001137
0.001873
0.001547
0.001076
0.001542
0.001992
0.001922
0.001661
0.001233
0.002447
0.001943
0.001260
0.001394
0.001363
0.002115
0.001962
0.001822
0.001742
0.001823
0.001520
0.001588
0.001351
0.001986
0.001729
0.001895
0.000411
0.001259
0.001526
0.001823
0.000985
0.000889
0.001147
0.001385
0.001935
0.001264
0.001308
0.002532
0.001611
0.001486
0.000651
0.001423
0.000475
0.001391
0.001728
0.001755
0.002436
0.000885
0.002206
0.002070
0.001662
0.001551
0.001648
0.002061
0.001583
0.001361
0.001255
0.001230
0.001771
0.001233
0.001444
0.001666
0.001377
0.002120
0.000444
0.000439
0.001205
0.001184
0.001866
0.002207
0.001594
0.001593
0.001757
0.001526
0.001821
0.001352
0.000488
0.002303
0.001523
0.001630
0.002596
0.001306
0.002036
0.001849
0.001457
0.001234
0.001904
0.002077
0.001675
0.000741
0.001385
0.002174
0.001478
0.002109
0.001379
0.002301
0.001281
0.001983
0.001425
0.001930
0.001257
0.000718
0.001652
0.001431
0.002476
0.000364
0.000907
0.001376
0.001305
0.001416
0.001244
0.001310
0.001153
0.001450
0.001420
0.001379
0.000485
0.001291
0.001268
0.001649
0.001436
0.001855
0.001394
0.001929
0.002082
0.001507
0.001506
0.001356
0.001673
0.001845
0.001586
0.001778
0.002653
0.001471
0.002555
0.001564
0.001468
0.001473
0.001441
0.001044
0.001379
0.001335
0.001496
0.001509
0.001681
0.002077
0.001416
0.001347
0.001895
0.001363
0.001551
0.002402
0.001255
0.000720
0.001652
0.000590
0.001586
0.001573
0.001477
0.003113
0.001330
0.001325
0.001583
0.001964
0.001520
0.001433
0.000442
0.001262
0.001702
0.001454
0.001957
0.001716
0.000852
0.001696
0.001421
0.002181
0.001003
0.001549
0.001679
0.002345
0.001690
0.001345
0.000685
0.001385
0.001490
0.002161
0.000449
0.000916
0.001383
0.000365
0.001481
0.001597
0.001473
0.001700
0.001792
0.001021
0.000750
0.002232
0.001771
0.001973
0.001377
0.001604
0.000726
0.001448
0.003512
0.001539
0.002883
0.001356
0.001109
0.000474
0.001528
0.001317
0.002182
0.000640
0.002873
0.001437
0.001422
0.001827
0.002601
0.001610
0.000975
0.000506
0.001356
0.002076
0.001393
0.000655
0.001218
0.001816
0.001443
0.001711
0.001511
0.001269
0.002829
0.003280
0.001306
0.001685
0.001353
0.001777
0.002139
0.001564
0.001674
0.001214
0.001581
0.001807
0.001878
0.001311
