0.000838
0.000944
0.000918
0.001575
0.000943
0.001483
0.000742
0.002037
0.000866
0.004111
0.000814
0.000784
0.000771
0.000890
0.000827
0.000784
0.000848
0.000725
0.000752
0.000762
0.000864
0.000780
0.000795
0.000765
0.000750
0.002143
0.000766
0.000762
0.000808
0.001001
0.000805
0.000787
0.001355
0.000883
0.001435
0.001942
0.000760
0.000984
0.000719
0.001644
0.001765
0.000795
0.005476
0.000729
0.000734
0.000944
0.000817
0.000765
0.003494
0.000760
0.000778
0.000757
0.004968
0.003276
0.004008
0.000822
0.000798
0.000761
0.000809
0.000818
0.000818
0.004554
0.001850
0.000715
0.000830
0.000902
0.000774
0.000973
0.000893
0.000794
0.000857
0.000779
0.000738
0.000982
0.000747
0.000733
0.000854
0.001943
0.004446
0.000777
0.000777
0.000720
0.000770
0.000923
0.001171
0.001732
0.001641
0.001177
0.002962
0.001097
0.001022
0.001122
0.001186
0.003473
0.000758
0.002729
0.001456
0.000982
0.001949
0.000761
0.001644
0.001279
0.001005
0.005397
0.000931
0.000800
0.000748
0.004669
0.001539
0.000803
0.002719
0.003538
0.000913
0.000867
0.001792
0.000828
0.000808
0.002239
0.007067
0.005982
0.000952
0.001042
0.000784
0.001635
0.000749
0.000941
0.000888
0.000774
0.003421
0.001390
0.001190
0.001053
0.001921
0.000823
0.004357
0.001315
0.000755
0.000855
0.000844
0.000865
0.000764
0.006880
0.000881
0.002366
0.005122
0.001870
0.000799
0.000787
0.000756
0.000737
0.001911
0.002979
0.000863
0.000801
0.007845
0.000811
0.000805
0.001118
0.000754
0.007524
0.000841
0.001887
0.001856
0.001722
0.000806
0.003394
0.000718
0.000767
0.000941
0.005154
0.001533
0.001654
0.000917
0.002103
0.000756
0.000809
0.003207
0.000912
0.005101
0.001906
0.000862
0.000697
0.001833
0.002186
0.000827
0.002863
0.000924
0.000914
0.000960
0.000816
0.000738
0.003533
0.001161
0.000764
0.001966
0.006161
0.000844
0.000839
0.000949
0.000751
0.001803
0.000780
0.003568
0.001049
0.001659
0.000928
0.001506
0.003659
0.000854
0.002350
0.001073
0.005547
0.000826
0.000830
0.002613
0.000808
0.003978
0.001237
0.000812
0.000806
0.000783
0.009749
0.000767
0.000849
0.000870
0.001063
0.004147
0.000738
0.001824
0.000907
0.000817
0.000787
0.000759
0.003532
0.002172
0.000857
0.000956
0.000909
0.000788
0.002006
0.001074
0.001833
0.001955
0.000933
0.000913
0.000948
0.005563
0.000841
0.001848
0.000779
0.000764
0.000835
0.001455
0.000982
0.002147
0.000954
0.001763
0.000789
0.012146
0.002303
0.000878
0.001486
0.001222
0.000807
0.000796
0.002287
0.000880
0.000865
0.005141
0.002004
0.009255
0.001283
0.000811
0.001182
0.003036
0.001210
0.002580
0.001124
0.000941
0.001382
0.001038
0.001044
0.002158
0.002161
0.000962
0.001112
0.002004
0.000886
0.004886
0.008320
0.005191
0.000885
0.000840
0.001161
0.000881
0.003242
0.003745
0.002647
0.001364
0.000873
0.002041
0.001103
0.001455
0.000917
0.001112
0.000907
0.001810
0.003194
0.000803
0.001067
0.000802
0.009071
0.001434
0.001211
0.000909
0.000903
0.001710
0.001252
0.000865
0.000924
0.000862
0.000862
0.002916
0.001256
0.000762
0.000811
0.000876
0.000869
0.003474
0.000915
0.005225
0.002719
0.000794
0.000827
0.002054
0.000937
0.000746
0.003525
0.004920
0.000758
0.001265
0.000758
0.002664
0.000879
0.000842
0.000797
0.002184
0.000932
0.000839
0.004960
0.000830
0.001419
0.000791
0.005987
0.000816
0.000760
0.001772
0.000792
0.001055
0.001594
0.000833
0.002035
0.000774
0.000859
0.004822
0.000782
0.002655
0.000940
0.002395
0.001071
0.000753
0.008611
0.000820
0.000725
0.000898
0.001155
0.000780
0.000789
0.000792
0.000797
0.001056
0.001290
0.000771
0.000891
0.003309
0.000807
0.000871
0.001578
0.000739
0.006457
0.000839
0.000844
0.003073
0.002881
0.000798
0.000768
0.001554
0.001891
0.000790
0.003355
0.000807
0.002662
0.000823
0.000798
0.000901
0.001452
0.003150
0.002057
0.002659
0.000895
0.001289
0.000947
0.000896
0.000860
0.000879
0.002574
0.000886
0.000804
0.003694
0.000896
0.002719
0.001305
0.000995
0.000798
0.006561
0.001339
0.000798
0.000767
0.001065
0.000881
0.000805
0.000845
0.000886
0.000820
0.000834
0.001173
0.001893
0.001249
0.001236
0.000802
0.001479
0.000908
0.000852
0.001262
0.000749
0.001565
0.000963
0.000888
0.000849
0.000811
0.000768
0.003846
0.004280
0.000805
0.000905
0.000754
0.000972
0.001884
0.001112
0.003504
0.000890
0.000998
0.000848
0.000819
0.006153
0.001710
0.001700
0.000835
0.000805
0.000898
0.002860
0.004096
0.003045
0.002174
0.006526
0.018850
0.002187
0.001651
0.001095
0.002603
0.001078
0.001119
0.003536
0.000811
0.000732
0.000753
0.002769
0.002583
0.001194
0.000749
0.001201
0.001630
0.001368
0.001268
0.000843
0.000911
0.000732
0.000785
0.000836
0.001342
0.000774
0.000836
0.000861
0.000710
0.001088
0.001395
0.003065
0.000847
0.006242
0.001678
0.000847
0.001255
0.001444
0.002026
0.001056
0.002487
0.001075
0.001418
0.001205
0.000819
0.000742
0.002490
0.000791
0.000906
0.000850
0.002425
0.000756
0.001185
0.000918
0.001238
0.000758
0.003470
0.000812
0.000862
0.002876
0.000738
0.000806
0.002549
0.000851
0.003485
0.000786
0.001226
0.004235
0.001125
0.000855
0.000781
0.001043
0.001088
0.001301
0.001236
0.001334
0.001556
0.000971
0.001160
0.002099
0.002832
0.001058
0.006387
0.009005
0.001543
0.006257
0.005255
0.002140
0.001001
0.005528
0.001556
0.005993
0.001380
0.000861
0.001233
0.002406
0.000830
0.010647
0.000836
0.002313
0.003865
0.008574
0.000913
0.002254
0.010980
0.000816
0.000813
0.000764
0.000782
0.001547
0.000750
0.001036
0.002484
0.001809
0.002074
0.001883
0.000983
0.001299
0.000930
0.003904
0.001626
0.002403
0.000842
0.003448
0.000837
0.000907
0.000840
0.001005
0.000955
0.003572
0.000764
0.001257
0.006624
0.000845
0.000811
0.000805
0.000768
0.002292
0.000757
0.001894
0.000816
0.000800
0.000768
0.000784
0.000787
0.003441
0.002599
0.000792
0.000822
0.000841
0.000757
0.002247
0.000785
0.000829
0.000760
0.002416
0.007132
0.001548
0.000824
0.000816
0.000746
0.000842
0.000791
0.000767
0.000749
0.001837
0.000780
0.000736
0.000779
0.000750
0.004203
0.001901
0.001061
0.000783
0.002899
0.000795
0.001899
0.004592
0.000759
0.000898
0.000868
0.003296
0.010008
0.004057
0.000805
0.004707
0.001514
0.006708
0.004448
0.000844
0.001617
0.001284
0.000816
0.000783
0.001462
0.000962
0.003460
0.000794
0.000802
0.000787
0.000844
0.000832
0.001577
0.000995
0.001151
0.022968
0.002249
0.001074
0.000917
0.004574
0.000902
0.000850
0.005940
0.000882
0.000914
0.000807
0.001506
0.000851
0.002999
0.001238
0.000874
0.002090
0.001179
0.001435
0.002007
0.001457
0.001401
0.000984
0.002848
0.001202
0.000824
0.000871
0.001811
0.001924
0.000790
0.006838
0.000849
0.001128
0.006898
0.001313
0.001296
0.000866
0.001229
0.000810
0.000985
0.000903
0.000760
0.002805
0.000882
0.000822
0.000811
0.004332
0.000827
0.000825
0.002558
0.001297
0.002071
0.000851
0.001117
0.002298
0.000780
0.001777
0.000762
0.001069
0.004700
0.000908
0.000755
0.002805
0.002271
0.000856
0.000871
0.001426
0.000818
0.000783
0.000985
0.000805
0.002207
0.002660
0.009062
0.004533
0.000724
0.000942
0.001320
0.001509
0.000907
0.001641
0.004104
0.000939
0.005361
0.000852
0.001959
0.000726
0.003306
0.002324
0.007618
0.003896
0.004942
0.000872
0.005338
0.000827
0.004915
0.000945
0.000792
0.000839
0.000864
0.000835
0.000783
0.000989
0.008133
0.000745
0.002486
0.000893
0.000872
0.001271
0.000783
0.001968
0.001000
0.001505
0.001366
0.000757
0.003584
0.000908
0.000813
0.002342
0.000749
0.001063
0.000753
0.000740
0.002221
0.001196
0.001242
0.001985
0.001339
0.000895
0.004526
0.012730
0.000951
0.002237
0.000773
0.000944
0.000890
0.004565
0.001425
0.002124
0.001757
0.001723
0.001478
0.001940
0.001047
0.001991
0.000963
0.000976
0.001545
0.001518
0.000823
0.001062
0.000948
0.000763
0.000984
0.000850
0.000775
0.000817
0.000816
0.002420
0.001222
0.001136
0.000843
0.001721
0.000786
0.004534
0.001555
0.000787
0.000832
0.001093
0.000780
0.004869
0.002870
0.015432
0.000830
0.003030
0.005170
0.000824
0.001235
0.000762
0.001454
0.001118
0.000875
0.002564
0.000736
0.001727
0.001335
0.004450
0.001260
0.000799
0.002194
0.000862
0.001918
0.001092
0.002149
0.002219
0.001328
0.002908
0.003049
0.002544
0.004490
0.001058
0.003848
0.021880
0.002542
0.003236
0.006100
0.000854
0.001041
0.002090
0.006271
0.001373
0.001206
0.001167
0.000839
0.001467
0.001188
0.007873
0.004475
0.010070
0.003794
0.003875
0.003036
0.002068
0.000959
0.001004
0.000812
0.001007
0.000786
0.001034
0.000816
0.000818
0.001942
0.000842
0.001948
0.001459
0.000811
0.000921
0.000908
0.000807
0.000793
0.000817
0.000886
0.001732
0.001043
0.001384
0.001038
0.000800
0.000853
0.001770
0.001236
0.001507
0.000895
0.000854
0.001860
0.002757
0.000873
0.000903
0.001766
0.000817
0.001797
0.001088
0.000886
0.001581
0.000935
0.004106
0.001065
0.000900
0.001107
0.000900
0.000833
0.000804
0.001906
0.011240
0.002123
0.003719
0.001313
0.000765
0.000816
0.000954
0.001444
0.000869
0.001806
0.000974
0.000973
0.000828
0.000814
0.001460
0.000816
0.000889
0.001789
0.001015
0.000767
0.000866
0.001792
0.001384
0.001272
0.000835
0.000863
0.000799
0.001908
0.000778
0.002599
0.000975
0.000782
0.000786
0.001658
0.001821
0.001707
0.000836
0.002129
0.000873
0.001216
0.000771
0.000785
0.000881
0.000859
0.000852
0.003243
0.000843
0.000912
