0.000653
0.001717
0.002025
0.000798
0.000875
0.001252
0.002269
0.000846
0.001188
0.000683
0.001477
0.000599
0.001715
0.001301
0.000613
0.000599
0.000609
0.002580
0.000642
0.001771
0.000900
0.000596
0.000556
0.000596
0.001090
0.000607
0.000638
0.001282
0.000600
0.000609
0.000591
0.003076
0.000551
0.000598
0.000595
0.000642
0.000627
0.000643
0.000592
0.001607
0.000587
0.001333
0.000612
0.000578
0.001419
0.000621
0.000589
0.002031
0.001657
0.000555
0.000788
0.000606
0.000611
0.000708
0.002723
0.000636
0.000605
0.001026
0.001585
0.001946
0.000638
0.001648
0.001311
0.001912
0.001952
0.000575
0.000566
0.000573
0.000571
0.001726
0.000580
0.001941
0.001231
0.000628
0.001386
0.000575
0.001819
0.000596
0.001022
0.001252
0.001451
0.000564
0.002006
0.000587
0.000565
0.001167
0.000628
0.001606
0.001258
0.003816
0.000617
0.002040
0.002338
0.000574
0.000643
0.000565
0.001053
0.001090
0.000581
0.002559
0.000603
0.001728
0.000670
0.001836
0.001690
0.000622
0.000594
0.000622
0.000596
0.001683
0.002789
0.000622
0.000559
0.001104
0.001800
0.000605
0.000658
0.001086
0.002319
0.000596
0.001487
0.001680
0.001335
0.000599
0.000567
0.000896
0.000709
0.000865
0.001050
0.001002
0.000638
0.001752
0.002233
0.000559
0.001811
0.003109
0.000639
0.000580
0.000599
0.000864
0.000556
0.001722
0.000565
0.000926
0.000633
0.001441
0.001337
0.001324
0.000608
0.000567
0.000617
0.001339
0.000634
0.000597
0.000581
0.001974
0.000587
0.000738
0.000930
0.003235
0.000566
0.000692
0.002446
0.000576
0.000617
0.000643
0.000801
0.001618
0.000630
0.002522
0.000603
0.002033
0.001767
0.000629
0.000608
0.000597
0.001938
0.003098
0.000630
0.001715
0.000597
0.000555
0.000644
0.001347
0.000581
0.001739
0.000603
0.000563
0.000601
0.000605
0.000698
0.001570
0.001940
0.001733
0.000714
0.000863
0.000566
0.001029
0.001871
0.000592
0.000597
0.000620
0.003200
0.000597
0.000594
0.000669
0.001544
0.001329
0.000615
0.002115
0.000615
0.000894
0.000562
0.001142
0.000719
0.003299
0.000571
0.000612
0.000575
0.000588
0.002149
0.000583
0.001446
0.000595
0.001399
0.000591
0.002025
0.001623
0.000626
0.000594
0.001862
0.000597
0.001314
0.000616
0.000561
0.000632
0.002714
0.001918
0.000629
0.000908
0.000633
0.000585
0.000574
0.000587
0.000634
0.000607
0.000580
0.001967
0.002176
0.001155
0.000674
0.002106
0.006896
0.000578
0.001805
0.001510
0.000576
0.000595
0.000594
0.001295
0.000637
0.001535
0.002213
0.002504
0.001910
0.000633
0.000587
0.000567
0.002817
0.000722
0.000659
0.000582
0.001281
0.000570
0.001530
0.000999
0.000637
0.000621
0.000596
0.001599
0.000621
0.001248
0.001547
0.000573
0.000618
0.000612
0.001588
0.000781
0.000621
0.001555
0.000775
0.002894
0.000603
0.000655
0.000606
0.000716
0.001543
0.001933
0.000598
0.002065
0.000649
0.003544
0.000566
0.003405
0.003466
0.000629
0.000626
0.003390
0.000602
0.003070
0.000958
0.000556
0.000605
0.000574
0.001064
0.000560
0.003755
0.001083
0.000592
0.000615
0.000635
0.001976
0.000962
0.000592
0.001144
0.001400
0.000589
0.000604
0.002620
0.000600
0.000635
0.000649
0.001137
0.000761
0.000687
0.000830
0.000633
0.000561
0.001611
0.001110
0.000621
0.001511
0.001219
0.000577
0.000614
0.001534
0.000590
0.001828
0.001649
0.000561
0.000593
0.001932
0.002474
0.000619
0.000792
0.001832
0.000625
0.001695
0.000601
0.001506
0.001288
0.000674
0.000558
0.000602
0.002396
0.000629
0.002102
0.000929
0.001750
0.000605
0.000617
0.000767
0.000942
0.001601
0.000589
0.001744
0.002382
0.000582
0.000841
0.001526
0.000628
0.000651
0.000654
0.003876
0.002764
0.000562
0.000566
0.000940
0.001265
0.001872
0.000628
0.001082
0.001886
0.000606
0.000586
0.001588
0.001821
0.001011
0.000599
0.002633
0.000563
0.000552
0.000601
0.005592
0.001567
0.000588
0.000603
0.000931
0.002994
0.000633
0.000617
0.000613
0.001836
0.000581
0.001216
0.003466
0.000570
0.000655
0.000598
0.002581
0.000594
0.001981
0.000604
0.000591
0.002148
0.000591
0.000636
0.002595
0.000609
0.001447
0.000599
0.000599
0.001845
0.000646
0.000931
0.000688
0.000611
0.000612
0.001989
0.000619
0.000592
0.001907
0.000583
0.000599
0.000626
0.003170
0.000568
0.000824
0.001279
0.001378
0.000596
0.000719
0.001474
0.000613
0.000622
0.000629
0.003051
0.001196
0.000627
0.000672
0.000626
0.002525
0.000563
0.000571
0.000634
0.000565
0.002462
0.000594
0.001453
0.001053
0.001937
0.000902
0.000678
0.000562
0.000621
0.001784
0.000710
0.001834
0.001611
0.002001
0.000598
0.000620
0.001617
0.001088
0.000613
0.001695
0.001590
0.000646
0.001721
0.003614
0.001585
0.000599
0.001731
0.001080
0.001803
0.000634
0.000608
0.001546
0.000584
0.001640
0.003348
0.000621
0.000620
0.000603
0.001346
0.000607
0.000978
0.000626
0.001652
0.000862
0.000584
0.000596
0.003361
0.003391
0.001770
0.001696
0.000639
0.000556
0.000803
0.000562
0.000569
0.001307
0.001938
0.000607
0.000906
0.002469
0.001165
0.001434
0.000981
0.000565
0.000937
0.002253
0.000609
0.000566
0.001399
0.000765
0.000593
0.002133
0.000576
0.001121
0.000641
0.000609
0.000594
0.000590
0.001054
0.000582
0.001557
0.000811
0.000584
0.002982
0.000623
0.000627
0.000599
0.001730
0.001795
0.000574
0.000622
0.003165
0.000644
0.001620
0.000577
0.000841
0.000619
0.000912
0.000606
0.000850
0.001232
0.000594
0.000606
0.000558
0.000855
0.000579
0.001060
0.000604
0.003908
0.003617
0.000589
0.000613
0.001689
0.001736
0.000607
0.000587
0.001942
0.003270
0.002118
0.000580
0.000625
0.000625
0.001503
0.000582
0.001059
0.000711
0.001666
0.001549
0.000556
0.000579
0.000952
0.000600
0.000591
0.000576
0.002111
0.000587
0.000638
0.000613
0.000602
0.001647
0.000577
0.000593
0.000567
0.002215
0.000632
0.000586
0.000824
0.000601
0.002745
0.000625
0.000595
0.000611
0.001699
0.000618
0.001276
0.001552
0.000564
0.000601
0.002072
0.002260
0.002278
0.001582
0.001262
0.001154
0.000609
0.000726
0.004688
0.000679
0.000600
0.000830
0.000570
0.000613
0.000578
0.002933
0.000606
0.001180
0.001330
0.001656
0.000554
0.003147
0.001265
0.000591
0.000592
0.001655
0.000971
0.000567
0.003317
0.000607
0.000569
0.000587
0.002012
0.000579
0.000598
0.001512
0.000803
0.000600
0.001284
0.001965
0.000596
0.000597
0.000660
0.000742
0.002543
0.002465
0.000619
0.000633
0.000734
0.001648
0.000554
0.001959
0.000561
0.001863
0.000819
0.000591
0.000621
0.000938
0.001290
0.001423
0.000608
0.000564
0.001876
0.000652
0.002599
0.002268
0.000587
0.000568
0.000581
0.000601
0.001903
0.001906
0.000610
0.000904
0.001235
0.000616
0.000590
0.000673
0.001711
0.000582
0.001662
0.001155
0.000590
0.000562
0.000612
0.000582
0.001205
0.001280
0.000571
0.000606
0.000640
0.001229
0.000633
0.000571
0.000746
0.000926
0.000603
0.000589
0.002471
0.002226
0.000590
0.001280
0.001592
0.000611
0.000606
0.000859
0.002116
0.000606
0.001972
0.001764
0.000649
0.000599
0.000614
0.001862
0.001490
0.000606
0.001313
0.000589
0.000886
0.001184
0.000697
0.000609
0.000888
0.000557
0.000581
0.000637
0.001456
0.000632
0.000640
0.001811
0.000834
0.000603
0.001089
0.000847
0.002172
0.000632
0.000567
0.000591
0.001732
0.000549
0.000610
0.000625
0.001927
0.001034
0.000603
0.001148
0.000837
0.000603
0.000606
0.000636
0.000764
0.000606
0.000577
0.000564
0.004908
0.000624
0.001193
0.000596
0.000861
0.000807
0.003392
0.000607
0.001210
0.001506
0.000598
0.000729
0.001800
0.000606
0.001680
0.001897
0.000568
0.000572
0.000941
0.002225
0.000591
0.000853
0.001121
0.000605
0.000576
0.000592
0.002177
0.000568
0.003461
0.001415
0.000638
0.000596
0.000632
0.000569
0.000978
0.001045
0.000635
0.001728
0.001869
0.000579
0.001931
0.001369
0.000614
0.000557
0.001025
0.000583
0.000617
0.000969
0.000628
0.000567
0.000569
0.001644
0.000670
0.001060
0.000592
0.001220
0.002820
0.000631
0.002270
0.000602
0.002884
0.000577
0.000612
0.000598
0.000822
0.000867
0.000583
0.001619
0.003242
0.001671
0.000552
0.000640
0.001993
0.000592
0.001493
0.001594
0.001493
0.000624
0.000701
0.000787
0.000571
0.000646
0.000595
0.000601
0.001736
0.000797
0.000573
0.000877
0.000803
0.001739
0.000589
0.000697
0.000580
0.001928
0.000567
0.001145
0.001031
0.000612
0.000603
0.000574
0.001459
0.000584
0.002277
0.001696
0.000601
0.001268
0.000561
0.001342
0.002260
0.000597
0.001849
0.000578
0.000572
0.000620
0.000613
0.000618
0.000607
0.000767
0.000659
0.000729
0.001276
0.000631
0.000591
0.000586
0.001654
0.000606
0.000692
0.000856
0.000581
0.002438
0.000584
0.000616
0.000608
0.001059
0.001963
0.000631
0.001014
0.003261
0.000601
0.000661
0.000607
0.001418
0.000556
0.000570
0.002430
0.000554
0.000667
0.000604
0.001141
0.000566
0.002099
0.000561
0.000590
0.000655
0.000972
0.000954
0.002665
0.000635
0.000707
0.000678
0.001612
0.001853
0.000613
0.000623
0.000599
0.001725
0.000560
0.000559
0.001352
0.001243
0.000590
0.000624
0.000670
0.001739
0.001258
0.001255
0.001758
0.000564
0.000558
0.000613
0.001570
0.001733
0.000620
0.000655
0.000592
0.001601
0.000605
0.000882
0.000726
0.000620
0.000651
0.000613
0.001835
0.000565
0.001378
0.002674
0.000580
0.000636
0.000651
0.003289
0.001882
0.000561
0.003194
0.000590
0.001567
0.000600
0.001374
0.001414
0.000568
0.000608
0.000889
0.001386
0.000560
0.001278
0.000615
0.000885
0.000623
0.001183
0.000609
0.000597
0.000892
0.000600
