0.010817
0.010064
0.011518
0.010191
0.010835
0.010461
0.010616
0.011232
0.010239
0.010456
0.010007
0.010454
0.009810
0.010794
0.011282
0.010117
0.011147
0.010939
0.010657
0.009878
0.010403
0.010895
0.013061
0.010928
0.010824
0.010723
0.011520
0.010655
0.014691
0.010379
0.010476
0.010280
0.017424
0.010468
0.011029
0.010722
0.010632
0.010851
0.010174
0.010791
0.010120
0.010538
0.010252
0.011091
0.010797
0.011268
0.011284
0.010871
0.010182
0.010674
0.010705
0.020726
0.010404
0.012787
0.010663
0.009853
0.010609
0.010885
0.010512
0.013116
0.011006
0.010497
0.010610
0.010681
0.010154
0.010761
0.009698
0.010679
0.010708
0.010635
0.010758
0.010360
0.009852
0.010700
0.010901
0.009928
0.009946
0.014292
0.010148
0.010350
0.010990
0.015740
0.011618
0.020546
0.010397
0.010717
0.010314
0.010783
0.010542
0.018378
0.011153
0.010155
0.009947
0.011243
0.010403
0.010442
0.012082
0.010379
0.009878
0.011000
0.010467
0.009747
0.010087
0.010240
0.010310
0.010692
0.011267
0.010211
0.010590
0.011027
0.011214
0.011159
0.010591
0.011420
0.010492
0.011036
0.010431
0.010076
0.010030
0.011585
0.010734
0.010495
0.011920
0.010240
0.010513
0.010733
0.010719
0.010187
0.010941
0.010758
0.010817
0.009887
0.010295
0.010572
0.010581
0.010296
0.010385
0.012488
0.021419
0.010396
0.012354
0.010525
0.010637
0.010876
0.009855
0.010324
0.011084
0.011360
0.011298
0.010033
0.020355
0.010162
0.015061
0.011012
0.010512
0.010329
0.013720
0.011046
0.010305
0.010149
0.010800
0.010050
0.011293
0.009920
0.010478
0.010759
0.010467
0.010058
0.010065
0.010309
0.010759
0.010306
0.011404
0.011012
0.011010
0.010951
0.010027
0.010934
0.010547
0.010310
0.009765
0.010899
0.011941
0.020386
0.010911
0.011037
0.010901
0.009818
0.021388
0.010843
0.014841
0.010496
0.010940
0.010853
0.010703
0.010087
0.009925
0.010342
0.009816
0.010517
0.011096
0.010119
0.010613
0.010477
0.010521
0.011104
0.010433
0.010823
0.009644
0.010722
0.012355
0.011225
0.011630
0.020750
0.010680
0.009999
0.010804
0.010090
0.010174
0.009830
0.010189
0.011324
0.011862
0.009853
0.010585
0.010129
0.010655
0.010520
0.010715
0.010401
0.009862
0.009356
0.010917
0.010348
0.010290
0.010491
0.010073
0.010179
0.011280
0.011109
0.010626
0.010711
0.010458
0.011016
0.010510
0.011199
0.012000
0.009832
0.010731
0.009616
0.013401
0.010330
0.011013
0.010566
0.009663
0.010150
0.010529
0.010094
0.011778
0.011000
0.015598
0.010400
0.009858
0.010044
0.010475
0.010387
0.010147
0.011077
0.010401
0.010226
0.010703
0.010408
0.010145
0.010820
0.021070
0.014100
0.010048
0.014223
0.010312
0.010991
0.010575
0.010801
0.010623
0.010461
0.011006
0.010066
0.010108
0.011860
0.013581
0.010022
0.010518
0.010743
0.010295
0.010814
0.011036
0.010738
0.011599
0.010605
0.012525
0.010565
0.010791
0.011770
0.010193
0.010457
0.011858
0.010528
0.009843
0.009958
0.010723
0.009835
0.010142
0.010703
0.010828
0.011056
0.010737
0.010803
0.010953
0.010637
0.010488
0.011020
0.017833
0.010066
0.011807
0.010885
0.010285
0.018515
0.011721
0.010559
0.011035
0.010933
0.011546
0.010839
0.012200
0.010580
0.011226
0.012835
0.012941
0.010010
0.010147
0.010008
0.010698
0.011154
0.010050
0.010456
0.010191
0.010263
0.012191
0.009881
0.010638
0.010154
0.010749
0.010122
0.010138
0.010607
0.010721
0.010049
0.010393
0.010569
0.010065
0.010950
0.009982
0.010239
0.010476
0.010023
0.010494
0.010809
0.010649
0.014635
0.010740
0.018512
0.010154
0.010365
0.010698
0.010056
0.010225
0.010090
0.009777
0.010116
0.010336
0.009734
0.010635
0.013964
0.010377
0.010848
0.010206
0.010756
0.010162
0.009836
0.010065
0.009822
0.010766
0.010226
0.010305
0.010589
0.010395
0.013737
0.011087
0.010479
0.010325
0.009763
0.010845
0.010886
0.010459
0.010441
0.011759
0.010213
0.010311
0.010296
0.010515
0.010191
0.010121
0.009935
0.010230
0.010684
0.010731
0.010737
0.011499
0.010725
0.010504
0.016016
0.011088
0.009908
0.018509
0.012708
0.010046
0.010140
0.012780
0.010587
0.010518
0.009981
0.010601
0.010384
0.010559
0.010842
0.010562
0.009951
0.009850
0.010047
0.010885
0.009931
0.009978
0.010985
0.010044
0.010677
0.010833
0.010042
0.010708
0.010674
0.010786
0.009986
0.007757
0.010191
0.010023
0.009826
0.009719
0.013448
0.010416
0.012348
0.009915
0.010590
0.010229
0.010206
0.009698
0.010178
0.011145
0.010275
0.010283
0.010500
0.010554
0.010314
0.011051
0.010158
0.019037
0.011059
0.019208
0.025434
0.009538
0.009999
0.010997
0.014397
0.010754
0.010572
0.009855
0.011954
0.014571
0.017651
0.010272
0.010626
0.011773
0.009751
0.009797
0.010806
0.011698
0.011749
0.010139
0.011640
0.009902
0.010489
0.012907
0.009852
0.009500
0.010333
0.010405
0.010619
0.009988
0.011376
0.011687
0.010272
0.010334
0.010491
0.009680
0.010839
0.016597
0.010174
0.009455
0.009851
0.009766
0.011377
0.010593
0.010511
0.011198
0.019935
0.011199
0.010898
0.010527
0.009958
0.010299
0.010587
0.010854
0.010839
0.009750
0.011023
0.011319
0.010700
0.010133
0.010488
0.012075
0.011767
0.010593
0.010138
0.009931
0.011168
0.010057
0.010123
0.010582
0.010721
0.011482
0.010561
0.010635
0.010152
0.009724
0.010071
0.010865
0.010042
0.010710
0.010387
0.011745
0.013193
0.010175
0.010387
0.010675
0.010368
0.010715
0.010651
0.011062
0.009948
0.009990
0.010472
0.013688
0.010435
0.009890
0.010629
0.010107
0.011494
0.010104
0.013875
0.011173
0.010504
0.010337
0.010119
0.009824
0.010590
0.010426
0.025363
0.013143
0.010211
0.014438
0.009946
0.010725
0.010264
0.009664
0.010235
0.009650
0.017329
0.011034
0.010455
0.011671
0.009835
0.010404
0.010000
0.010710
0.010544
0.010353
0.010161
0.010781
0.010732
0.010248
0.011000
0.010408
0.010373
0.011120
0.010271
0.015306
0.011021
0.011340
0.010327
0.010406
0.010137
0.009945
0.010232
0.013788
0.010707
0.009913
0.010269
0.010370
0.012201
0.010673
0.011096
0.011167
0.011112
0.010833
0.011396
0.011398
0.010643
0.010803
0.010306
0.010226
0.010921
0.009582
0.011099
0.012371
0.009879
0.010989
0.010163
0.010757
0.010782
0.010789
0.009851
0.010932
0.010290
0.010364
0.010738
0.012590
0.011182
0.010427
0.011496
0.011043
0.010811
0.010318
0.010342
0.014512
0.009913
0.010079
0.009949
0.014313
0.011102
0.010254
0.010373
0.015001
0.011203
0.010534
0.010808
0.010460
0.010644
0.013514
0.010260
0.010192
0.010114
0.010110
0.011986
0.010210
0.010532
0.013413
0.009980
0.010218
0.009998
0.011402
0.010435
0.010192
0.009789
0.010207
0.010379
0.010828
0.009960
0.009990
0.010500
0.010892
0.020585
0.010375
0.009980
0.010566
0.009746
0.011111
0.010198
0.011186
0.010579
0.010159
0.010649
0.009926
0.010849
0.010890
0.013829
0.009732
0.015245
0.010371
0.010369
0.016187
0.009381
0.010217
0.012108
0.010683
0.009832
0.014001
0.010650
0.010374
0.016765
0.025357
0.010570
0.010680
0.011033
0.010653
0.020582
0.010838
0.010404
0.011111
0.010620
0.009914
0.010712
0.010575
0.011087
0.011160
0.010755
0.010691
0.010651
0.009890
0.010678
0.011201
0.011452
0.009728
0.009754
0.010904
0.011621
0.010768
0.011823
0.010702
0.011312
0.010631
0.010049
0.010093
0.010409
0.010231
0.010825
0.015135
0.010042
0.010759
0.011013
0.014243
0.010893
0.010961
0.010343
0.010886
0.010606
0.010844
0.010068
0.010995
0.010744
0.014225
0.013141
0.010195
0.011045
0.010758
0.012591
0.020127
0.010108
0.010596
0.013476
0.009977
0.011038
0.010328
0.010995
0.010507
0.010933
0.010220
0.011400
0.006115
0.010150
0.010618
0.010452
0.010570
0.010705
0.009847
0.011187
0.009474
0.011126
0.010031
0.010564
0.010521
0.010516
0.010766
0.009974
0.010549
0.013910
0.010466
0.010605
0.010321
0.010361
0.010463
0.011241
0.010233
0.013918
0.010020
0.009940
0.010678
0.010423
0.010828
0.010205
0.010707
0.010175
0.010215
0.010954
0.010214
0.010205
0.010381
0.010381
0.010272
0.009873
0.010612
0.010139
0.010664
0.010169
0.012563
0.014615
0.011554
0.011071
0.010583
0.010746
0.011102
0.010369
0.022351
0.011288
0.011053
0.011148
0.011242
0.010205
0.010037
0.010220
0.010162
0.009487
0.010755
0.010153
0.009386
0.009959
0.011223
0.013948
0.015287
0.012869
0.010543
0.010459
0.010483
0.009982
0.012279
0.011413
0.010264
0.010630
0.011000
0.010582
0.010988
0.011217
0.010845
0.010062
0.010212
0.010137
0.010777
0.010164
0.010526
0.010876
0.009755
0.010392
0.010913
0.010879
0.010225
0.009933
0.011864
0.009909
0.010508
0.012158
0.010523
0.011861
0.010363
0.011750
0.010758
0.010133
0.010977
0.010107
0.009808
0.010244
0.008378
0.010220
0.009766
0.011636
0.010415
0.010432
0.013189
0.010978
0.009975
0.010433
0.010918
0.010955
0.021064
0.011816
0.009736
0.010421
0.010295
0.010036
0.011318
0.010197
0.012671
0.010909
0.010821
0.010956
0.010408
0.012076
0.011484
0.010682
0.010231
0.010196
0.010593
0.010913
0.021576
0.010681
0.014469
0.010687
0.010350
0.010714
0.010277
0.014859
0.010513
0.010697
0.010799
0.010536
0.011939
0.009871
0.009809
0.010356
0.011580
0.010886
0.010476
0.013480
0.010183
0.010247
0.011419
0.010483
0.011056
0.010909
0.011081
0.010330
0.010805
0.010316
0.009810
0.010328
0.015126
0.010242
0.020363
0.010400
0.009850
0.017545
0.010255
0.010858
0.011375
0.012834
0.010992
0.010456
0.010314
0.009831
0.011322
0.010832
0.009824
0.010875
0.009908
0.018437
0.010630
0.010969
0.010998
0.010824
0.010886
0.010729
0.010596
0.009701
0.010453
0.009959
