0.005564
0.004899
0.005033
0.005302
0.005030
0.005152
0.004976
0.004617
0.005057
0.004993
0.005235
0.004883
0.005222
0.005115
0.005451
0.004993
0.005311
0.005288
0.005168
0.005288
0.005150
0.004885
0.005566
0.005244
0.005126
0.005565
0.005287
0.005326
0.005431
0.005320
0.005411
0.005153
0.004985
0.005242
0.004889
0.004996
0.005613
0.005141
0.005234
0.004732
0.005262
0.004940
0.005307
0.005317
0.004790
0.005281
0.005132
0.005295
0.005365
0.005436
0.005146
0.005141
0.005437
0.005228
0.005323
0.005254
0.005226
0.005028
0.005795
0.005323
0.005216
0.005211
0.005363
0.005519
0.005446
0.005226
0.005916
0.005435
0.004971
0.005139
0.004846
0.005420
0.005386
0.005461
0.005426
0.005279
0.005425
0.005606
0.005312
0.004844
0.005152
0.005003
0.005245
0.005172
0.005295
0.005192
0.005390
0.005175
0.005145
0.005156
0.006201
0.006078
0.005134
0.005163
0.005410
0.005417
0.005541
0.005166
0.005631
0.005511
0.005589
0.005538
0.005116
0.005386
0.004918
0.006203
0.005526
0.005680
0.005541
0.005049
0.005440
0.005146
0.005309
0.005115
0.004856
0.005518
0.005323
0.005210
0.005232
0.004825
0.005601
0.004832
0.005394
0.005020
0.005761
0.005024
0.005121
0.005098
0.005433
0.005964
0.005027
0.005780
0.005773
0.005403
0.005416
0.005440
0.005468
0.004935
0.005600
0.005452
0.005937
0.005366
0.005211
0.005126
0.005297
0.005392
0.005422
0.005277
0.005443
0.005428
0.005205
0.005071
0.005018
0.005673
0.005143
0.005099
0.005357
0.005385
0.005038
0.005050
0.005172
0.005259
0.005811
0.004806
0.005307
0.005430
0.005410
0.005202
0.005011
0.004938
0.005685
0.005741
0.004886
0.005331
0.005300
0.005388
0.005048
0.004985
0.005362
0.005512
0.005523
0.005036
0.005677
0.005080
0.005083
0.005529
0.005186
0.005602
0.005168
0.005080
0.004577
0.005136
0.005106
0.005527
0.005128
0.005093
0.005143
0.005359
0.005161
0.005158
0.005642
0.005526
0.005339
0.005171
0.005317
0.005268
0.005010
0.005132
0.005134
0.005473
0.005274
0.005083
0.005346
0.005353
0.005049
0.006061
0.005109
0.004749
0.005311
0.005063
0.005236
0.004780
0.005331
0.005937
0.005244
0.004865
0.005060
0.005142
0.005320
0.005422
0.005442
0.005186
0.005088
0.005112
0.005353
0.005845
0.005530
0.005341
0.005316
0.005443
0.005719
0.005018
0.005175
0.005266
0.005222
0.004865
0.005022
0.005818
0.005285
0.005280
0.005129
0.005318
0.005374
0.005293
0.005427
0.005195
0.005269
0.005250
0.005601
0.005283
0.005660
0.005146
0.004917
0.005090
0.005219
0.005431
0.005170
0.005134
0.005169
0.005404
0.005173
0.005091
0.005493
0.005365
0.005613
0.004961
0.005147
0.005172
0.005111
0.005037
0.005346
0.005301
0.005202
0.005190
0.005132
0.005448
0.005547
0.005037
0.004858
0.005235
0.005293
0.005090
0.005193
0.005106
0.005575
0.005424
0.005636
0.005151
0.005469
0.004929
0.005070
0.005262
0.005509
0.005634
0.005182
0.005324
0.006071
0.005489
0.005270
0.005576
0.005225
0.005114
0.005491
0.005118
0.005416
0.006163
0.005430
0.005142
0.005313
0.005514
0.005168
0.005133
0.004894
0.005244
0.005082
0.005078
0.005361
0.005178
0.005503
0.005195
0.005780
0.005628
0.005183
0.005231
0.005301
0.005314
0.005908
0.006013
0.005624
0.005282
0.005370
0.005286
0.004747
0.005035
0.005278
0.005567
0.005118
0.005374
0.005179
0.005125
0.005264
0.005695
0.005516
0.005150
0.005369
0.005100
0.005220
0.005761
0.005214
0.005257
0.005211
0.005488
0.004827
0.004934
0.005742
0.005431
0.005391
0.005315
0.005157
0.005417
0.005182
0.005553
0.005480
0.005012
0.005066
0.005319
0.005110
0.005062
0.005562
0.005157
0.005309
0.004908
0.005331
0.005126
0.005221
0.005161
0.005305
0.005296
0.005147
0.005250
0.005322
0.005212
0.005003
0.005249
0.005177
0.004976
0.005572
0.005332
0.005356
0.005651
0.005144
0.005436
0.005086
0.005272
0.005555
0.005289
0.005148
0.005451
0.005515
0.005286
0.005486
0.004971
0.004591
0.005159
0.005237
0.005073
0.005153
0.005356
0.005423
0.005377
0.004896
0.005084
0.005212
0.005925
0.005375
0.005529
0.005329
0.005247
0.005547
0.004806
0.005516
0.005203
0.005362
0.005319
0.005231
0.005368
0.004946
0.005166
0.005618
0.005839
0.005332
0.005276
0.005598
0.005439
0.005373
0.005031
0.005109
0.005269
0.005304
0.005300
0.005453
0.005316
0.005278
0.005218
0.006188
0.005140
0.005434
0.005307
0.005401
0.005709
0.005529
0.005106
0.005520
0.005384
0.005415
0.005285
0.005244
0.005795
0.005207
0.005002
0.005340
0.005341
0.005808
0.005946
0.005166
0.005658
0.005545
0.005798
0.005213
0.005059
0.005067
0.005469
0.005081
0.005544
0.005024
0.005167
0.005049
0.005540
0.005211
0.005214
0.005469
0.005180
0.005221
0.005055
0.004907
0.005581
0.005170
0.005324
0.005666
0.004471
0.005207
0.005623
0.004648
0.004985
0.005612
0.005779
0.005187
0.005284
0.005575
0.005071
0.005361
0.005022
0.005296
0.005238
0.005133
0.005268
0.005139
0.005633
0.005168
0.005355
0.005702
0.005040
0.005064
0.005254
0.005313
0.005354
0.005273
0.005459
0.005332
0.005316
0.005413
0.006556
0.004794
0.005583
0.005232
0.005154
0.005535
0.005174
0.005157
0.005837
0.005188
0.005172
0.005088
0.005229
0.004960
0.004583
0.005104
0.005162
0.005253
0.005595
0.005146
0.005146
0.005525
0.005198
0.005510
0.005153
0.005144
0.005295
0.005396
0.005565
0.005013
0.005041
0.005646
0.005238
0.005193
0.004667
0.005407
0.005235
0.005322
0.005546
0.005055
0.005651
0.005453
0.005314
0.004943
0.005230
0.005556
0.005179
0.005173
0.005058
0.004868
0.005705
0.004798
0.005378
0.005691
0.005678
0.005669
0.005128
0.005222
0.005132
0.005264
0.005259
0.005565
0.005308
0.005340
0.005222
0.005339
0.005169
0.004894
0.005041
0.005068
0.005264
0.005046
0.004770
0.005698
0.005150
0.005931
0.005346
0.005209
0.005068
0.005380
0.005220
0.005338
0.005190
0.005564
0.005508
0.005923
0.005338
0.005258
0.004940
0.005492
0.005251
0.005309
0.005389
0.004707
0.005420
0.005701
0.005339
0.005436
0.005701
0.005384
0.004988
0.005396
0.005597
0.005163
0.005606
0.005792
0.005404
0.005103
0.005478
0.005278
0.004914
0.005040
0.005356
0.005065
0.005138
0.005000
0.005305
0.004994
0.005430
0.005272
0.005067
0.005342
0.004963
0.005258
0.005325
0.005192
0.004764
0.004910
0.007055
0.005938
0.005483
0.005213
0.005137
0.005035
0.005223
0.005176
0.005433
0.005083
0.005502
0.005182
0.005084
0.005505
0.005361
0.005192
0.005348
0.005304
0.005583
0.005083
0.006126
0.005135
0.005019
0.005177
0.005231
0.005221
0.004852
0.005544
0.005498
0.005642
0.005580
0.005179
0.005293
0.004936
0.005153
0.005445
0.005000
0.006113
0.006052
0.006137
0.006003
0.005822
0.005084
0.005288
0.005385
0.005193
0.005433
0.005147
0.005059
0.005199
0.005160
0.005591
0.005871
0.005479
0.005586
0.005153
0.005646
0.005117
0.005194
0.005080
0.005294
0.005268
0.004381
0.005196
0.005627
0.005295
0.005138
0.005376
0.005528
0.005427
0.005203
0.005177
0.005190
0.005245
0.005411
0.005050
0.006367
0.004661
0.005373
0.004883
0.005516
0.005486
0.005259
0.005442
0.005603
0.005296
0.005595
0.005619
0.005086
0.005426
0.005101
0.005251
0.005129
0.005438
0.005154
0.004582
0.005122
0.004893
0.005532
0.005392
0.005983
0.005608
0.005211
0.005418
0.004926
0.005303
0.005370
0.005275
0.005126
0.005168
0.005349
0.004860
0.005420
0.005610
0.005553
0.004781
0.004584
0.005354
0.005146
0.005576
0.005377
0.005266
0.004899
0.005374
0.005059
0.005024
0.005238
0.005221
0.006199
0.005713
0.005084
0.005205
0.005076
0.005139
0.004754
0.005009
0.005795
0.005184
0.005026
0.005365
0.005189
0.005274
0.005094
0.004976
0.005061
0.005113
0.005581
0.005091
0.005445
0.005087
0.005395
0.004994
0.005065
0.005164
0.005166
0.005257
0.005950
0.005171
0.005224
0.005382
0.005259
0.005753
0.005161
0.005869
0.005276
0.005227
0.005383
0.005265
0.005240
0.005308
0.005743
0.005143
0.005157
0.005267
0.005163
0.005259
0.005469
0.005760
0.005064
0.005111
0.004721
0.005348
0.005146
0.005434
0.005698
0.004905
0.005250
0.004741
0.005225
0.005263
0.005083
0.005220
0.005092
0.005110
0.005134
0.005806
0.005730
0.005378
0.005382
0.004656
0.005166
0.004956
0.005316
0.005721
0.006065
0.005280
0.005177
0.005425
0.005379
0.005315
0.005503
0.005763
0.005072
0.004961
0.005039
0.005411
0.005172
0.005661
0.005154
0.005021
0.005170
0.005755
0.005435
0.005422
0.005646
0.005008
0.005072
0.005016
0.004967
0.004932
0.005166
0.005102
0.005207
0.004923
0.005371
0.004847
0.005354
0.005246
0.005216
0.005227
0.005051
0.005468
0.004827
0.004898
0.005008
0.005248
0.005271
0.005011
0.005236
0.004932
0.005717
0.005339
0.005116
0.005569
0.005529
0.004968
0.005436
0.005304
0.005826
0.004969
0.005418
0.005622
0.005071
0.005273
0.005266
0.005731
0.005372
0.005315
0.006276
0.005080
0.004787
0.005658
0.005020
0.004960
0.005373
0.005602
0.005127
0.005232
0.005248
0.005712
0.005294
0.005441
0.006632
0.005749
0.004844
0.005258
0.005517
0.005447
0.005170
0.005351
0.005412
0.005778
0.005251
0.005008
0.005039
0.005344
0.005385
0.005492
0.005169
0.005257
0.005409
0.004877
0.005163
0.005850
0.005614
0.005215
0.005178
0.005329
0.005499
0.005269
0.005814
0.005304
0.005142
0.005594
0.005067
0.005364
0.005136
0.005439
0.005116
0.005311
0.005196
0.005428
0.005260
0.005164
0.005582
0.005322
0.005317
0.004939
0.004941
0.005222
0.005199
0.005452
0.005585
0.005092
0.005150
0.005012
0.005289
0.005974
0.005498
0.005230
0.005224
