0.010490
0.009307
0.010024
0.010038
0.010242
0.009033
0.009381
0.008872
0.009275
0.012980
0.009418
0.009777
0.009792
0.009841
0.009801
0.009522
0.010314
0.009763
0.009572
0.009507
0.009526
0.010141
0.009201
0.010858
0.010002
0.009916
0.010524
0.010364
0.009223
0.009203
0.014021
0.013433
0.010475
0.009820
0.009334
0.009454
0.009907
0.009485
0.010643
0.009718
0.010005
0.009477
0.009810
0.009445
0.011244
0.010175
0.010461
0.010440
0.009952
0.009404
0.010538
0.013685
0.010485
0.009232
0.009596
0.010030
0.009459
0.010175
0.008938
0.010877
0.009984
0.009230
0.009463
0.016346
0.010627
0.009767
0.009895
0.013352
0.009755
0.009714
0.010215
0.009832
0.010085
0.010276
0.011978
0.009758
0.009887
0.009835
0.023350
0.013851
0.009384
0.010296
0.010102
0.009589
0.010477
0.009902
0.009343
0.010429
0.009578
0.010170
0.010135
0.009587
0.010049
0.009721
0.013800
0.009935
0.009749
0.009934
0.017003
0.013807
0.010110
0.009538
0.009039
0.010008
0.010382
0.010163
0.010352
0.009888
0.010266
0.010496
0.010310
0.009803
0.009384
0.010900
0.009322
0.010455
0.010687
0.009360
0.010442
0.009577
0.010585
0.009679
0.009962
0.009312
0.010394
0.011032
0.009644
0.010051
0.009882
0.010590
0.009659
0.009701
0.010509
0.010098
0.010028
0.009062
0.009902
0.009477
0.010247
0.009370
0.009109
0.013414
0.009664
0.011797
0.013463
0.009585
0.009697
0.009980
0.010232
0.009627
0.009650
0.009557
0.009825
0.015229
0.009975
0.010067
0.010039
0.010060
0.010246
0.009889
0.010310
0.013084
0.009715
0.009434
0.010545
0.011260
0.010064
0.010123
0.009059
0.009109
0.009553
0.009376
0.010562
0.010189
0.009858
0.010354
0.010551
0.010500
0.009847
0.010741
0.009301
0.010250
0.010212
0.009189
0.009823
0.010287
0.009709
0.016692
0.010700
0.009693
0.009597
0.009260
0.010462
0.010002
0.009814
0.009190
0.009668
0.010259
0.009609
0.010292
0.009321
0.009287
0.009955
0.022867
0.009748
0.010210
0.010031
0.009810
0.009878
0.009619
0.010054
0.009563
0.010284
0.010018
0.009773
0.009844
0.013967
0.009071
0.009656
0.009860
0.009827
0.017575
0.009619
0.009383
0.010258
0.011911
0.010255
0.009982
0.010081
0.009534
0.009809
0.009655
0.009657
0.010345
0.009917
0.010135
0.009721
0.009509
0.010314
0.009924
0.009596
0.009648
0.010649
0.009607
0.010054
0.015768
0.009623
0.009581
0.010644
0.009374
0.010705
0.009574
0.009638
0.009753
0.009596
0.010319
0.009744
0.009771
0.009207
0.010251
0.009419
0.009476
0.009671
0.012688
0.009306
0.009668
0.009130
0.009870
0.010411
0.009466
0.009757
0.009876
0.009540
0.013690
0.010078
0.010630
0.009786
0.010168
0.010393
0.010100
0.009974
0.009700
0.009914
0.009441
0.010120
0.009842
0.009806
0.009723
0.009934
0.010060
0.010490
0.013652
0.010262
0.010270
0.010267
0.009437
0.010517
0.009546
0.010432
0.009233
0.010019
0.009348
0.009499
0.010225
0.010174
0.010112
0.009425
0.009537
0.010486
0.009341
0.009721
0.010400
0.013595
0.010359
0.013054
0.010556
0.009755
0.010492
0.009930
0.014508
0.010089
0.013245
0.009901
0.010171
0.009377
0.009828
0.010845
0.009442
0.009335
0.010007
0.010019
0.010817
0.009949
0.010372
0.009462
0.012962
0.010479
0.019330
0.010096
0.009761
0.009811
0.009984
0.010213
0.009826
0.009872
0.009953
0.009286
0.012271
0.010507
0.009885
0.014747
0.009306
0.009972
0.010260
0.013027
0.009918
0.009705
0.011775
0.010127
0.009937
0.009621
0.009798
0.009669
0.009954
0.010106
0.010368
0.011592
0.012583
0.010112
0.009539
0.009015
0.009192
0.009605
0.009830
0.009697
0.009695
0.009589
0.008894
0.009490
0.009496
0.009968
0.009699
0.010129
0.010528
0.009488
0.009829
0.010203
0.009408
0.009589
0.009064
0.009932
0.009883
0.009454
0.009377
0.009313
0.010075
0.010231
0.009882
0.009642
0.013193
0.011182
0.009902
0.009547
0.009492
0.011015
0.010235
0.013489
0.010277
0.013627
0.009381
0.009666
0.009302
0.009692
0.008940
0.009614
0.010371
0.009644
0.009959
0.010204
0.010121
0.010768
0.009269
0.010095
0.010333
0.009371
0.008980
0.010227
0.010303
0.009314
0.009321
0.010245
0.009321
0.010063
0.009676
0.009459
0.009469
0.009804
0.009576
0.009255
0.010282
0.009853
0.013342
0.009943
0.012077
0.009632
0.010313
0.009451
0.010101
0.009714
0.009865
0.009055
0.010439
0.009130
0.009047
0.009296
0.009904
0.009775
0.010347
0.009679
0.010054
0.009029
0.009878
0.009733
0.009335
0.009253
0.010143
0.009727
0.010312
0.009914
0.009463
0.009350
0.009872
0.009966
0.013907
0.009585
0.017573
0.009577
0.009483
0.009616
0.010414
0.011711
0.009988
0.009666
0.009936
0.013182
0.009323
0.010296
0.010044
0.010156
0.009734
0.009720
0.013872
0.009817
0.010808
0.010197
0.010256
0.009652
0.009285
0.010122
0.015843
0.009479
0.010233
0.009386
0.009847
0.009186
0.009396
0.009661
0.009637
0.013671
0.010234
0.009270
0.009779
0.010642
0.010195
0.009934
0.009683
0.009713
0.009463
0.010010
0.009681
0.010008
0.009873
0.009713
0.010280
0.010078
0.009499
0.009869
0.009562
0.009834
0.009417
0.009145
0.009841
0.009495
0.009194
0.009025
0.009337
0.010251
0.009938
0.009981
0.009826
0.009640
0.010056
0.009436
0.009827
0.009392
0.009745
0.010284
0.009772
0.010250
0.013409
0.009668
0.012056
0.010011
0.009727
0.009412
0.009838
0.009303
0.009173
0.009987
0.009451
0.010506
0.010222
0.010069
0.010350
0.010136
0.009650
0.009420
0.009394
0.009985
0.010033
0.015936
0.010079
0.009945
0.009403
0.009295
0.010153
0.009867
0.009230
0.010000
0.008956
0.009218
0.009914
0.009798
0.009088
0.010353
0.012538
0.012517
0.008933
0.009738
0.009480
0.009695
0.010158
0.009764
0.009621
0.010420
0.010282
0.009486
0.010023
0.011950
0.009322
0.010111
0.009985
0.009769
0.009266
0.009039
0.009594
0.010026
0.010523
0.009218
0.010095
0.009666
0.009899
0.010087
0.009507
0.010726
0.009395
0.010297
0.009501
0.010023
0.009667
0.009742
0.010152
0.009179
0.009632
0.010352
0.009697
0.009286
0.009885
0.009235
0.010031
0.014674
0.010089
0.009696
0.009969
0.009974
0.009819
0.009715
0.009821
0.009214
0.009721
0.010472
0.009580
0.010176
0.010270
0.010119
0.010110
0.009783
0.009811
0.010142
0.013959
0.009237
0.009661
0.009668
0.009897
0.010327
0.009821
0.009924
0.010512
0.010120
0.009891
0.009607
0.009867
0.009834
0.009289
0.010027
0.010105
0.009998
0.013675
0.009388
0.010123
0.009852
0.009902
0.009344
0.010126
0.011147
0.009618
0.009152
0.010381
0.009198
0.010287
0.010609
0.014293
0.009520
0.009741
0.013914
0.009362
0.013653
0.010200
0.009681
0.009972
0.009922
0.009847
0.009821
0.009580
0.009141
0.009700
0.010030
0.010039
0.010586
0.011287
0.009792
0.010228
0.009953
0.009310
0.010077
0.010426
0.010358
0.010226
0.010752
0.009947
0.009993
0.009967
0.009865
0.010193
0.010684
0.010195
0.009748
0.010118
0.009219
0.010099
0.009691
0.009411
0.009562
0.010640
0.010111
0.009402
0.009268
0.009269
0.009942
0.010162
0.009799
0.009623
0.009955
0.009730
0.010415
0.010854
0.009495
0.009340
0.010390
0.009835
0.009818
0.009789
0.010181
0.009922
0.011914
0.010358
0.009762
0.013630
0.009752
0.011417
0.010020
0.010147
0.010958
0.009965
0.009480
0.011173
0.010124
0.009693
0.010066
0.009670
0.009253
0.009871
0.010718
0.009430
0.010203
0.010069
0.010432
0.010107
0.009948
0.009293
0.010331
0.010400
0.009200
0.009518
0.010594
0.010277
0.009862
0.009880
0.009068
0.010242
0.009516
0.009737
0.009874
0.009220
0.010108
0.009785
0.009784
0.010155
0.010051
0.010165
0.010059
0.010392
0.009084
0.005996
0.013297
0.010168
0.009675
0.009315
0.009849
0.009921
0.009721
0.010490
0.009389
0.009405
0.013311
0.009837
0.010072
0.010375
0.010663
0.009780
0.010351
0.009877
0.009911
0.009721
0.009475
0.009830
0.010370
0.009848
0.010728
0.010812
0.009497
0.010041
0.009907
0.010277
0.011200
0.009841
0.014724
0.009405
0.009867
0.010302
0.011542
0.009355
0.010112
0.009262
0.009142
0.012582
0.009576
0.009836
0.013967
0.009256
0.010411
0.009369
0.009343
0.009846
0.009401
0.010017
0.021536
0.010082
0.010022
0.009935
0.010249
0.009935
0.010250
0.009575
0.009766
0.009927
0.009021
0.009719
0.009301
0.009870
0.009876
0.009620
0.010628
0.010034
0.010524
0.009978
0.009607
0.009329
0.010144
0.009573
0.010819
0.010809
0.009956
0.009410
0.009702
0.009695
0.010999
0.010020
0.010127
0.009621
0.009311
0.010216
0.009778
0.009273
0.013329
0.010310
0.009540
0.009965
0.010752
0.009733
0.009123
0.012692
0.010107
0.010015
0.009846
0.009518
0.009720
0.010485
0.010116
0.009159
0.010109
0.009351
0.009930
0.009535
0.009203
0.010623
0.009458
0.009064
0.009805
0.009889
0.013632
0.009811
0.010244
0.009852
0.009049
0.009202
0.010427
0.009945
0.010006
0.009973
0.016988
0.010391
0.013401
0.010237
0.010427
0.012998
0.009982
0.010589
0.009638
0.010077
0.009478
0.009905
0.010379
0.010256
0.012922
0.009968
0.009609
0.010083
0.009241
0.010326
0.009950
0.009274
0.010184
0.009947
0.009130
0.010185
0.010482
0.010115
0.009843
0.009137
0.010296
0.009943
0.009397
0.016439
0.009501
0.016710
0.010010
0.010407
0.009908
0.009813
0.010754
0.009994
0.009827
0.009382
0.010882
0.010025
0.009782
0.009788
0.008966
0.009363
0.009672
0.010056
0.009421
0.010191
0.009565
0.010034
0.010074
0.009844
0.009903
0.009037
0.010480
0.009534
0.009962
0.014558
0.010402
0.010457
0.010085
0.010022
0.023378
0.009146
0.009961
0.010039
0.009963
0.010862
0.009671
0.010009
0.012275
0.009685
0.009901
0.009256
