0.002523
0.001570
0.000686
0.000883
0.000889
0.000879
0.001071
0.001058
0.001265
0.000909
0.001208
0.000905
0.001578
0.000706
0.000925
0.000685
0.003957
0.000769
0.000681
0.000763
0.000697
0.000770
0.000994
0.000828
0.002485
0.001763
0.000825
0.000688
0.001581
0.000884
0.001194
0.000848
0.000872
0.000949
0.000701
0.000801
0.000682
0.000881
0.001469
0.000859
0.000701
0.000895
0.000870
0.000887
0.001006
0.001629
0.000836
0.002161
0.001299
0.000934
0.000896
0.000879
0.001508
0.000892
0.000901
0.000856
0.000665
0.000726
0.000884
0.000700
0.000959
0.000753
0.000918
0.001565
0.001045
0.001165
0.000824
0.000694
0.000696
0.001984
0.000934
0.001211
0.000943
0.000689
0.000941
0.000835
0.001507
0.001283
0.001045
0.001687
0.001005
0.000908
0.000694
0.000782
0.001424
0.001141
0.001164
0.000833
0.001833
0.002052
0.001393
0.000721
0.001551
0.000686
0.000734
0.000751
0.000688
0.000703
0.000667
0.000706
