0.000697
0.000904
0.000412
0.000680
0.000680
0.000766
0.000528
0.000387
0.000765
0.001658
0.000695
0.000816
0.000664
0.000665
0.000772
0.000553
0.000832
0.000937
0.000708
0.000688
0.000587
0.000780
0.000717
0.000727
0.000684
0.000683
0.000774
0.000666
0.000696
0.000687
0.000794
0.000686
0.000580
0.000871
0.000773
0.000671
0.000766
0.000802
0.000610
0.000801
0.000619
0.000689
0.000665
0.000726
0.000679
0.000636
0.001055
0.000693
0.000727
0.000682
0.000768
0.000771
0.000734
0.000667
0.000659
0.000659
0.000924
0.000659
0.001077
0.000676
0.000566
0.000797
0.000731
0.000545
0.000796
0.000726
0.000474
0.000782
0.000857
0.000793
0.000896
0.000790
0.000479
0.000704
0.001127
0.000669
0.000951
0.000859
0.000375
0.000789
0.000797
0.001522
0.000322
0.000798
0.000944
0.000743
0.000694
0.000647
0.000526
0.000429
0.000573
0.002083
0.000779
0.000371
0.000386
0.000404
0.000446
0.000401
0.000465
0.000949
