0.000729
0.000685
0.000673
0.000809
0.000686
0.000768
0.001203
0.000670
0.000802
0.000813
0.001849
0.000662
0.000715
0.000683
0.001795
0.000705
0.000691
0.000767
0.000805
0.000690
0.000659
0.000687
0.000665
0.000708
0.000704
0.000737
0.000688
0.000697
0.000725
0.000748
0.000654
0.000698
0.000705
0.000781
0.002075
0.000695
0.000693
0.000778
0.000710
0.000707
0.000714
0.000772
0.000750
0.000702
0.000689
0.000718
0.000662
0.000745
0.000700
0.000694
0.000738
0.001728
0.000739
0.000695
0.000707
0.000698
0.000686
0.000669
0.000693
0.000670
0.000709
0.000661
0.000743
0.000687
0.000719
0.000679
0.000656
0.001388
0.000661
0.000700
0.000781
0.000744
0.000658
0.000710
0.000759
0.000693
0.000686
0.000701
0.001749
0.000754
0.000693
0.000741
0.000723
0.000679
0.000695
0.000702
0.000702
0.000656
0.000635
0.000718
0.000742
0.000697
0.000693
0.001054
0.000651
0.000685
0.000749
0.000732
0.000684
0.000733
0.000658
0.001731
0.001359
0.000692
0.000901
0.000807
0.000634
0.000767
0.000963
0.001564
0.000674
0.001717
0.000890
0.001638
0.001605
0.000663
0.001621
0.001663
0.000694
0.001781
0.000833
0.001600
0.000744
0.000661
0.001591
0.000913
0.000666
0.001600
0.000746
0.001902
0.001513
0.000675
0.001593
0.001530
0.000636
0.001571
0.002029
0.001611
0.001588
0.000756
0.001666
0.001774
0.000661
0.001631
0.000668
0.000661
0.000717
0.001671
0.000640
0.001537
0.000777
0.001664
0.000807
0.001615
0.001745
0.000688
0.001652
0.000799
0.001629
0.000958
0.000642
0.001587
0.001017
0.001649
0.001679
0.000673
0.000850
0.000828
0.001167
0.001562
0.000689
0.001553
0.001641
0.001747
0.001599
0.000703
0.000725
0.003219
0.000745
0.000675
0.001648
0.000754
0.001273
0.001635
0.000779
0.001649
0.000971
0.000688
0.001727
0.000883
0.000855
0.001864
0.000802
0.001674
0.000641
0.000686
0.001660
0.000650
0.001534
0.000699
0.001654
0.000749
0.001763
0.000835
0.001528
0.000796
0.001569
0.001679
0.000670
0.003247
0.000891
0.001796
0.001592
0.001182
0.001566
0.000893
0.001617
0.001570
0.000756
0.001622
0.000894
0.001139
0.001596
0.000779
0.001577
0.003001
0.000733
0.001661
0.002627
0.000658
0.001579
0.000838
0.001549
0.001652
0.000723
0.001599
0.001563
0.000643
0.001636
0.000930
0.000828
0.001536
0.000797
0.001550
0.001611
0.000650
0.001760
0.001255
0.001691
0.000656
0.001628
0.000703
0.001605
0.000708
0.001560
0.000868
0.001633
0.001671
0.000752
0.001582
0.000758
0.001634
0.001669
0.000998
0.000632
0.000820
0.003333
0.000954
0.000728
0.001571
0.000920
0.001518
0.001620
0.000691
0.001650
0.000688
0.001629
0.000902
0.000634
0.001645
0.000880
0.001686
0.001690
0.000753
0.001653
0.001730
0.000677
0.001594
0.001637
0.000659
0.001646
0.000844
0.001628
0.001637
0.000762
0.001600
0.002297
0.000693
0.001591
0.000844
0.000668
0.001593
0.001723
0.001619
0.000847
0.001869
0.001558
0.001606
0.000723
0.001632
0.001001
0.000756
0.001514
0.000834
0.000953
0.001571
0.000784
0.001608
0.001511
0.000700
0.001506
0.001560
0.000701
0.001850
0.000963
0.001219
0.001524
0.000866
0.000988
0.001586
0.000812
0.001586
0.001521
0.000708
0.001601
0.001098
0.000674
0.000682
0.001026
0.000694
0.000698
0.000777
0.001563
0.001580
0.000776
0.001668
0.001031
0.000683
0.001493
0.000906
0.001294
0.001698
0.000857
0.001521
0.001584
0.000630
0.000745
0.000970
0.001622
0.000927
0.000905
0.001678
0.000710
0.000955
0.001528
0.000787
0.001790
0.002063
0.001510
0.000638
0.001552
0.000667
0.001571
0.000723
0.001569
0.000680
0.003226
0.001246
0.001649
0.000703
0.000663
0.001570
0.000821
0.000722
0.001597
0.000800
0.001644
0.001618
0.000720
0.001693
0.000888
0.001000
0.001676
0.000740
0.001504
0.001656
0.000667
0.001677
0.001344
0.001664
0.000686
0.001624
0.000663
0.001775
0.000782
0.001570
0.000843
0.001683
0.001613
0.000639
0.001624
0.000787
0.001563
0.001605
0.000813
0.000694
0.000862
0.001535
0.001564
0.000769
0.001587
0.000954
0.001164
0.001599
0.000908
0.001555
0.001559
0.000647
0.002250
0.000894
0.001480
0.001683
0.000817
0.001696
0.001660
0.000757
0.001642
0.000957
0.000775
0.001616
0.000855
0.001626
0.001565
0.000783
0.001624
0.001713
0.001662
0.000844
0.001516
0.000949
0.001664
0.001638
0.001077
0.001549
0.000738
0.001608
0.000794
0.001739
0.001658
0.000665
0.001578
0.000751
0.002206
0.000995
0.001494
0.001617
0.000776
0.001603
0.001667
0.000671
0.003282
0.000894
0.001574
0.001601
0.000703
