0.000783
0.001282
0.000655
0.000649
0.000704
0.001037
0.000621
0.000753
0.000632
0.000978
0.001195
0.000665
0.000710
0.000605
0.000608
0.000659
0.001276
0.001123
0.000626
0.000615
0.000623
0.000656
0.000661
0.000603
0.000951
0.000700
0.000759
0.000682
0.000802
0.000596
0.000680
0.000610
0.000595
0.000653
0.000685
0.000650
0.000710
0.000764
0.000628
0.000664
0.000654
0.000905
0.000684
0.000658
0.000696
0.000739
0.000907
0.000729
0.000723
0.000886
0.000614
0.000665
0.000643
0.000971
0.000613
0.000704
0.000609
0.000628
0.000619
0.000655
0.001569
0.000603
0.000635
0.000709
0.000652
0.000696
0.000742
0.000705
0.000688
0.000874
0.000621
0.001156
0.000630
0.000811
0.000930
0.000660
0.000759
0.000627
0.000650
0.000740
0.000634
0.000947
0.000972
0.000630
0.000803
0.000633
0.000609
0.000666
0.000666
0.000748
0.001118
0.000951
0.000742
0.000628
0.000649
0.000661
0.000638
0.000819
0.000630
0.000670
