0.000382
0.000333
0.000340
0.000329
0.000320
0.000323
0.000336
0.000328
0.000321
0.000399
0.000356
0.000377
0.000317
0.000349
0.000395
0.000320
0.000342
0.000314
0.000331
0.000319
0.000344
0.000319
0.000315
0.000710
0.000324
0.000316
0.000326
0.000317
0.000324
0.000318
0.000314
0.000393
0.000316
0.000319
0.000329
0.000336
0.000350
0.000363
0.000330
0.000318
0.000323
0.000400
0.000325
0.000396
0.000313
0.000316
0.000320
0.000318
0.000322
0.000425
0.000400
0.000337
0.000340
0.000339
0.000314
0.000361
0.000346
0.000311
0.000354
0.000399
0.000322
0.000351
0.000321
0.000335
0.000399
0.000345
0.000377
0.000313
0.000324
0.000324
0.000322
0.000390
0.000346
0.000661
0.000344
0.000330
0.000393
0.000314
0.000360
0.000336
0.000356
0.000323
0.000318
0.000339
0.000338
0.000360
0.000324
0.000330
0.000332
0.000332
0.000355
0.000309
0.000318
0.000321
0.000333
0.000345
0.000323
0.000343
0.000372
0.000319
0.000354
0.000367
0.000309
0.000342
0.000328
0.000398
0.000315
0.000334
0.000321
0.000317
0.000326
0.000351
0.000337
0.000337
0.000315
0.000316
0.000359
0.000328
0.000344
0.000340
0.000378
0.000361
0.000327
0.000325
0.000307
0.000316
0.000347
0.000356
0.000363
0.000319
0.000340
0.000359
0.000313
0.000335
0.000405
0.000347
0.000321
0.000314
0.000337
0.000313
0.000338
0.000316
0.000332
0.000317
0.000322
0.000341
0.000328
0.000328
0.000339
0.000380
0.000337
0.000328
0.000326
0.000332
0.000332
0.000322
0.000316
0.000319
0.000359
0.000318
0.000319
0.000350
0.000410
0.000322
0.000341
0.000317
0.000315
0.000318
0.000320
0.000339
0.000323
0.000349
0.000319
0.000315
0.000337
0.000331
0.000340
0.000317
0.000336
0.000309
0.000360
0.000321
0.000439
0.000321
0.000322
0.000325
0.000320
0.000451
0.000361
0.000339
0.000397
0.000320
0.000380
0.000351
0.000322
0.000348
0.000323
0.000321
0.000319
0.000482
0.000321
0.000317
0.000330
0.000383
0.000323
0.000348
0.000342
0.000319
0.000322
0.000352
0.001018
0.000350
0.000356
0.000323
0.000346
0.000324
0.000334
0.000332
0.000321
0.000366
0.000323
0.000340
0.000319
0.000321
0.000317
0.000342
0.000373
0.000321
0.000354
0.000335
0.000322
0.000329
0.000314
0.000336
0.000329
0.000315
0.000316
0.000316
0.000321
0.000321
0.000321
0.000349
0.000333
0.000342
0.000330
0.000325
0.000456
0.000323
0.000383
0.000338
0.000333
0.000320
0.000447
0.000413
0.000319
0.000384
0.000329
0.000320
0.000328
0.000325
0.000348
0.000341
0.000322
0.000318
0.000414
0.000936
0.000319
0.000379
0.000331
0.000350
0.000359
0.000324
0.000322
0.000331
0.000341
0.000339
0.000320
0.000315
0.000310
0.000346
0.000322
0.000352
0.000342
0.000320
0.000329
0.000349
0.000323
0.000356
0.000318
0.000312
0.000359
0.000334
0.000332
0.000319
0.000351
0.000310
0.000318
0.000326
0.000317
0.000320
0.000321
0.000320
0.000322
0.000331
0.000322
0.000316
0.000322
0.000329
0.000363
0.000409
0.000319
0.000352
0.000353
0.000354
0.000321
0.000343
0.000350
0.000324
0.000319
0.000339
0.000324
0.000414
0.000420
0.000321
0.000331
0.000326
0.000322
0.000333
0.000324
0.000319
0.000322
0.000332
0.000328
0.000366
0.000321
0.000378
0.000314
0.000317
0.000320
0.000321
0.000326
0.000318
0.000319
0.000333
0.000328
0.000317
0.000306
0.000319
0.000314
0.000350
0.000339
0.000321
0.000328
0.000321
0.000311
0.000320
0.000383
0.000310
0.000322
0.000326
0.000316
0.000316
0.000332
0.000320
0.000320
0.000321
0.000352
0.000321
0.000347
0.000326
0.000317
0.000357
0.000318
0.000314
0.000400
0.000322
0.000333
0.000325
0.000327
0.000366
0.000319
0.000322
0.000349
0.000320
0.000344
0.000322
0.000314
0.000358
0.000367
0.000329
0.000319
0.000352
0.000343
0.000317
0.000332
0.000322
0.000344
0.000334
0.000323
0.000312
0.000351
0.000331
0.000331
0.000334
0.000318
0.000329
0.000331
0.000306
0.000312
0.000327
0.000336
0.000319
0.000355
0.000324
0.000440
0.000322
0.000331
0.000313
0.000323
0.000313
0.000317
0.000323
0.000323
0.000319
0.000363
0.000348
0.000322
0.000339
0.000314
0.000314
0.000316
0.000326
0.000346
0.000320
0.000315
0.000314
0.000321
0.000330
0.000403
0.000381
0.000320
0.000340
0.000326
0.000339
0.000324
0.000338
0.000350
0.000319
0.000304
0.000376
0.000327
0.000314
0.000332
0.000376
0.000318
0.000335
0.000329
0.000309
0.000315
0.000316
0.000364
0.000318
0.000376
0.000388
0.000329
0.000317
0.000337
0.000318
0.000331
0.000330
0.000357
0.000313
0.000316
0.000344
0.000343
0.000332
0.001062
0.000332
0.000673
0.000330
0.000352
0.000326
0.000334
0.000343
0.000319
0.000311
0.000317
0.000321
0.000353
0.000324
0.000334
0.000328
0.000359
0.000323
0.000351
0.000322
0.000318
0.000678
0.000314
0.000327
0.000372
0.000328
0.000389
0.000334
0.000335
0.000346
0.000323
0.000323
0.000339
0.000320
0.000321
0.000323
0.000334
0.000340
0.000328
0.000346
0.000340
0.000340
0.000368
0.000334
0.000318
0.000382
0.000315
0.000313
0.000331
0.000321
0.000325
0.000318
0.000317
0.000317
0.000318
0.000359
0.000329
0.000322
0.000324
0.000338
0.000347
0.000338
0.000367
0.000438
0.000335
0.000316
0.000321
0.000324
0.000317
0.000336
0.000331
0.000313
0.000321
0.000330
0.000366
0.000339
0.000318
0.000406
0.000333
0.000319
0.000394
0.000394
0.000337
0.000331
0.000327
0.000326
0.000320
0.000321
0.000389
0.000318
0.000329
0.000322
0.000318
0.000362
0.000370
0.000346
0.000441
0.000344
0.000317
0.000316
0.000390
0.000401
0.000342
0.000332
0.000323
0.000389
0.000421
0.000339
0.000348
0.000320
0.000323
0.000337
0.000330
0.000341
0.001015
0.000323
0.000318
0.000317
0.000310
0.000333
0.000321
0.000315
0.000315
0.000327
0.000330
0.000318
0.000326
0.000318
0.000321
0.000321
0.000332
0.000340
0.000322
0.000318
0.000386
0.000321
0.000318
0.000318
0.000333
0.000334
0.000339
0.000343
0.000322
0.000314
0.000325
0.000335
0.000320
0.000319
0.000317
0.000318
0.000324
0.000319
0.000331
0.000361
0.000330
0.000344
0.000352
0.000305
0.000352
0.001016
0.000305
0.000328
0.000316
0.000319
0.000346
0.000328
0.000322
0.000317
0.000342
0.000330
0.000342
0.000370
0.000319
0.000330
0.000320
0.000320
0.000323
0.000391
0.000322
0.000335
0.000317
0.000326
0.000348
0.000318
0.000376
0.000348
0.000326
0.000332
0.000317
0.000323
0.000346
0.000319
0.000349
0.000339
0.000333
0.000321
0.000325
0.000332
0.000395
0.000394
0.000389
0.000320
0.000322
0.000334
0.000315
0.000384
0.000321
0.000411
0.000321
0.000327
0.000326
0.000335
0.000930
0.000344
0.000466
0.000318
0.000318
0.000317
0.000322
0.000356
0.000330
0.000327
0.000336
0.000303
0.000365
0.000306
0.000321
0.000420
0.000318
0.000328
0.000338
0.000339
0.000306
0.000320
0.000424
0.000349
0.000320
0.000315
0.000322
0.000429
0.000317
0.000383
0.000355
0.000323
0.000326
0.000965
0.000331
0.000314
0.000337
0.000415
0.000314
0.000357
0.000355
0.000338
0.000322
0.000369
0.000333
0.000343
0.000362
0.000308
0.000338
0.000346
0.000323
0.000371
0.000376
0.000343
0.000436
0.000387
0.000422
0.000318
0.000319
0.000316
0.000323
0.000361
0.000349
0.000357
0.000445
0.000331
0.000311
0.000350
0.000317
0.000332
0.000358
0.000342
0.000337
0.000316
0.000362
0.000341
0.000321
0.000343
0.000380
0.000335
0.000321
0.000324
0.000396
0.000351
0.000417
0.000360
0.000392
0.000318
0.000316
0.000390
0.000316
0.000321
0.000332
0.000322
0.000318
0.000326
0.000319
0.000315
0.000321
0.000321
0.000337
0.000321
0.000369
0.000431
0.000318
0.000346
0.000335
0.000341
0.000315
0.000614
0.000319
0.000402
0.000320
0.000331
0.000322
0.000358
0.000334
0.000335
0.000374
0.000331
0.000335
0.000366
0.000320
0.000333
0.000342
0.000320
0.000329
0.000381
0.000351
0.000426
0.000421
0.000435
0.000425
0.000315
0.000357
0.000311
0.000423
0.000341
0.000494
0.000320
0.000326
0.000317
0.000409
0.000331
0.000407
0.000313
0.000332
0.000445
0.000347
0.000343
0.000343
0.000312
0.000317
0.000334
0.000347
0.000311
0.000350
0.000332
0.000331
0.000312
0.000313
0.000316
0.000326
0.000320
0.000319
0.000317
0.000315
0.000401
0.000392
0.000365
0.000369
0.000315
0.000319
0.000334
0.000316
0.000305
0.000358
0.000329
0.000330
0.000378
0.000347
0.000317
0.000330
0.000334
0.000314
0.000368
0.000342
0.000422
0.000317
0.000333
0.000358
0.000315
0.000341
0.000338
0.000319
0.000343
0.000352
0.000374
0.000405
0.000342
0.000335
0.000343
0.000319
0.000308
0.000332
0.000335
0.000337
0.000336
0.000330
0.000389
0.000318
0.000317
0.000313
0.000319
0.000318
0.000334
0.000325
0.000327
0.000370
0.000331
0.000319
0.000333
0.000337
0.000355
0.000390
0.000333
0.000329
0.000323
0.000367
0.000320
0.000365
0.000332
0.000333
0.000337
0.000338
0.000379
0.000403
0.000402
0.000320
0.000336
0.000342
0.000335
0.000339
0.000323
0.000381
0.000411
0.000334
0.000379
0.000403
0.000334
0.000367
0.000637
0.000376
0.000374
0.000326
0.000363
0.000382
0.000407
0.000320
0.000340
0.000330
0.000376
0.000319
0.000353
0.000313
0.000328
0.000358
0.000334
0.000349
0.000342
0.000322
0.000374
0.000319
0.000341
0.000321
0.000316
0.000315
0.000318
0.000400
0.000321
0.000315
0.000335
0.000349
0.000358
0.001022
0.000324
0.000314
0.000321
0.000323
0.000322
0.000321
0.000313
0.000374
0.000325
0.000322
0.000322
0.000323
0.000317
0.000356
0.000315
0.000396
0.000319
0.000322
0.000393
0.000318
0.000379
0.000333
0.000339
0.000341
0.000427
0.000399
0.000530
