0.002269
0.002756
0.002817
0.002549
0.002591
0.002412
0.003200
0.003080
0.003049
0.002675
0.003724
0.002575
0.003524
0.003379
0.002458
0.002656
0.003126
0.003282
0.003343
0.002548
0.002389
0.002395
0.003192
0.002458
0.003251
0.002404
0.002781
0.002466
0.002327
0.002662
0.003069
0.002880
0.002575
0.003462
0.003056
0.003020
0.003254
0.003180
0.003346
0.002324
0.003126
0.002805
0.002739
0.002795
0.003311
0.002589
0.003121
0.003015
0.002490
0.002797
0.002502
0.002995
0.002512
0.002311
0.002357
0.002661
0.002433
0.003282
0.003304
0.002586
0.002639
0.002980
0.002338
0.002606
0.002611
0.002871
0.002802
0.002802
0.002661
0.002618
0.002488
0.003332
0.002711
0.002415
0.003004
0.003449
0.002587
0.002428
0.003095
0.003069
0.002366
0.002362
0.002993
0.003393
0.003009
0.003116
0.002528
0.002903
0.002954
0.002405
0.003350
0.002524
0.002468
0.001886
0.002469
0.003314
0.002706
0.003978
0.002951
0.003092
0.002922
0.003429
0.002333
0.002764
0.003495
0.002971
0.002924
0.002589
0.002828
0.002598
0.002727
0.002723
0.002970
0.002883
0.003136
0.003295
0.002998
0.002369
0.003208
0.002492
0.003250
0.002562
0.002348
0.002587
0.002615
0.002675
0.002728
0.002577
0.002384
0.002948
0.002650
0.003234
0.002524
0.002964
0.002969
0.002446
0.002297
0.002447
0.002614
0.003216
0.002944
0.003243
0.002920
0.002552
0.002675
0.002979
0.002548
0.003201
0.002838
0.003171
0.003050
0.002482
0.002518
0.003110
0.003182
0.002401
0.002927
0.003230
0.002530
0.002578
0.003317
0.002614
0.003709
0.003804
0.002680
0.002388
0.002511
0.003088
0.002846
0.002402
0.002537
0.002669
0.002891
0.002425
0.003088
0.002715
0.002717
0.003023
0.002693
0.002776
0.003028
0.002569
0.002904
0.002662
0.002558
0.003045
0.003032
0.002628
0.002565
0.003666
0.002616
0.002829
0.002698
0.002707
0.003167
0.003208
0.002675
0.002622
0.002507
0.003208
0.002838
0.002558
0.002991
0.002947
0.002460
0.002253
0.002800
0.002681
0.002716
0.003162
0.002674
0.002970
0.002886
0.003009
0.002995
0.002821
0.002537
0.002506
0.002581
0.002949
0.003040
0.002895
0.003159
0.002854
0.002482
0.002928
0.002606
0.003395
0.002535
0.003327
0.003287
0.002465
0.002328
0.003365
0.002511
0.002540
0.003278
0.003219
0.002406
0.002427
0.002528
0.002590
0.002583
0.002744
0.003031
0.002785
0.002344
0.002994
0.002746
0.002787
0.002588
0.002549
0.002423
0.002889
0.002709
0.001969
0.002331
0.002587
0.002494
0.002539
0.002601
0.003208
0.002829
0.002798
0.002438
0.002811
0.003306
0.002650
0.003695
0.003469
0.002806
0.002980
0.002578
0.002848
0.002515
0.003150
0.002880
0.002975
0.002683
0.002915
0.003065
0.002851
0.002652
0.002918
0.003132
0.002776
0.003115
0.003329
0.002411
0.003184
0.002586
0.002582
0.002830
0.002747
0.003392
0.002209
0.002988
0.002465
0.002431
0.002455
0.003277
0.002711
0.002505
0.002719
0.002974
0.002727
0.002696
0.003374
0.002515
0.002867
0.002643
0.002514
0.003002
0.002685
0.002936
0.002698
0.002795
0.002537
0.003097
0.003370
0.003160
0.002438
0.002862
0.002481
0.002994
0.003069
0.002628
0.002750
0.003244
0.002307
0.003253
0.002422
0.002897
0.002932
0.002539
0.002693
0.003134
0.002703
0.002789
0.002451
0.003173
0.002497
0.003502
0.002799
0.003085
0.003105
0.002148
0.002416
0.003025
0.002514
0.002581
0.002470
0.002750
0.002604
0.002505
0.002526
0.002223
0.002276
0.002674
0.002457
0.002384
0.002907
0.003276
0.002613
0.002494
0.002476
0.002431
0.002365
0.002510
0.002682
0.003102
0.003438
0.002740
0.003441
0.002385
0.003393
0.002842
0.002509
0.003163
0.002803
0.002586
0.002380
0.002665
0.002655
0.002441
0.002769
0.002768
0.002846
0.003028
0.002818
0.003197
0.002541
0.002311
0.002644
0.002264
0.002443
0.002650
0.002821
0.002031
0.002904
0.003139
0.002535
0.002968
0.002688
0.003389
0.002610
0.002502
0.003160
0.003109
0.002710
0.002838
0.002411
0.002518
0.002717
0.003280
0.002826
0.003725
0.002520
0.003034
0.002689
0.002451
0.003305
0.003485
0.002543
0.002539
0.002384
0.002771
0.002533
0.002435
0.002373
0.003294
0.002586
0.002866
0.003728
0.002778
0.001931
0.002878
0.003092
0.002706
0.003158
0.002473
0.002724
0.002681
0.003038
0.002421
0.002738
0.002604
0.003311
0.003267
0.002899
0.003349
0.002374
0.002792
0.002990
0.003116
0.003177
0.002622
0.002963
0.002730
0.002899
0.002437
0.002622
0.002660
0.002881
0.003402
0.002843
0.003136
0.002665
0.003065
0.003247
0.002550
0.002607
0.002835
0.002641
0.003128
0.002670
0.002902
0.002462
0.002562
0.003647
0.002612
0.002626
0.003021
0.002794
0.003339
0.002424
0.003278
0.003096
0.003419
0.002513
0.002518
0.002389
0.002810
0.002694
0.002459
0.002770
0.002660
0.002776
0.002650
0.002530
0.002477
0.002477
0.003310
0.002660
0.002639
0.002884
0.002512
0.002875
0.002557
0.003226
0.002490
0.003036
0.003035
0.002496
0.002642
0.002429
0.003191
0.003515
0.002897
0.003169
0.002847
0.003368
0.002537
0.002966
0.002562
0.002448
0.002615
0.002944
0.002692
0.003829
0.002948
0.002993
0.002424
0.002693
0.002501
0.002485
0.003410
0.002785
0.003460
0.002413
0.003439
0.002960
0.003880
0.002253
0.002034
0.002999
0.002575
0.003250
0.002442
0.003043
0.002379
0.002903
0.002857
0.002442
0.002592
0.003152
0.002507
0.003453
0.002483
0.002369
0.002720
0.003016
0.002607
0.002567
0.002845
0.002667
0.003127
0.002560
0.002981
0.002533
0.002861
0.002731
0.003293
0.002531
0.002660
0.002589
0.002399
0.003058
0.003201
0.002411
0.001956
0.003205
0.002601
0.002769
0.002418
0.002662
0.002417
0.002587
0.002371
0.002553
0.002604
0.002536
0.002488
0.002966
0.002442
0.003098
0.002678
0.002438
0.003249
0.003325
0.002591
0.002746
0.002792
0.003023
0.002511
0.003041
0.003210
0.002754
0.002515
0.002557
0.002564
0.002516
0.002533
0.002627
0.003054
0.002745
0.002488
0.002572
0.002320
0.002615
0.003149
0.002712
0.002908
0.003085
0.003217
0.002895
0.003536
0.002493
0.002654
0.002327
0.002739
0.002419
0.002578
0.002552
0.002884
0.003340
0.002710
0.002727
0.002128
0.002433
0.002325
0.003127
0.002940
0.002997
0.002689
0.002811
0.002658
0.002633
0.002912
0.003002
0.002731
0.002740
0.003147
0.002443
0.003183
0.002391
0.002781
0.002642
0.002671
0.002919
0.002805
0.002805
0.003092
0.002396
0.002276
0.003127
0.002617
0.003027
0.003279
0.003154
0.002870
0.002348
0.002406
0.002532
0.002461
0.002789
0.002622
0.002565
0.002533
0.002530
0.002557
0.002568
0.002882
0.002462
0.003334
0.002496
0.002938
0.002827
0.002588
0.002860
0.002962
0.003102
0.002478
0.002448
0.003463
0.002443
0.002907
0.002885
0.002383
0.002971
0.003193
0.002511
0.002507
0.002536
0.002720
0.002691
0.002559
0.002497
0.003382
0.002843
0.003210
0.003295
0.003360
0.002954
0.003849
0.003036
0.002531
0.003393
0.003067
0.002841
0.003422
0.003031
0.003050
0.002595
0.002835
0.003272
0.002408
0.002522
0.002971
0.003114
0.004118
0.002774
0.002402
0.002407
0.002670
0.003089
0.002680
0.002749
0.002465
0.002359
0.002457
0.002964
0.003302
0.002546
0.003202
0.003224
0.003049
0.002695
0.002489
0.003147
0.002851
0.002360
0.002322
0.002806
0.002395
0.002759
0.002953
0.003190
0.002723
0.003163
0.002520
0.003310
0.002712
0.003131
0.003389
0.003087
0.002784
0.003015
0.002923
0.002625
0.002690
0.002042
0.002569
0.002611
0.002733
0.002985
0.003060
0.003341
0.002647
0.002396
0.002699
0.002392
0.003147
0.003181
0.003367
0.002788
0.003157
0.003151
0.002473
0.004021
0.002980
0.003284
0.002071
0.002829
0.002874
0.002369
0.003066
0.003254
0.002829
0.002321
0.003035
0.002388
0.003219
0.002711
0.002564
0.003221
0.002586
0.003923
0.002666
0.002607
0.003001
0.003250
0.003286
0.002454
0.002844
0.002933
0.002856
0.003053
0.002567
0.003002
0.002378
0.003097
0.002418
0.002490
0.002341
0.002850
0.002507
0.003378
0.002766
0.002656
0.002839
0.003100
0.002912
0.002887
0.003316
0.003278
0.003289
0.002856
0.003039
0.003234
0.002697
0.002566
0.002731
0.003343
0.002731
0.002955
0.002654
0.002314
0.002367
0.003171
0.002485
0.003197
0.003485
0.003035
0.002621
0.002492
0.003018
0.002994
0.002665
0.002661
0.002337
0.002987
0.003012
0.002479
0.002439
0.003017
0.003093
0.003185
0.002719
0.003214
0.002484
0.003244
0.002830
0.002977
0.002512
0.002829
0.002692
0.002499
0.002663
0.002554
0.002750
0.002704
0.002993
0.002852
0.002288
0.002359
0.002625
0.002890
0.002708
0.002929
0.002667
0.003002
0.002818
0.002561
0.003083
0.003523
0.002699
0.002578
0.002908
0.002522
0.002367
0.002586
0.003293
0.002847
0.002492
0.002417
0.003111
0.003587
0.002685
0.002427
0.002724
0.002528
0.002810
0.002864
0.003025
0.002569
0.002991
0.003246
0.002264
0.002464
0.003090
0.002489
0.002940
0.002445
0.002546
0.002640
0.003108
0.003420
0.002617
0.002616
0.003038
0.002369
0.002507
0.003239
0.003299
0.003052
0.002976
0.002587
0.002798
0.002761
0.003133
0.003301
0.003312
0.003306
0.002637
0.002851
0.002675
0.002482
0.002768
0.002498
0.002931
0.002812
0.003938
0.002621
0.002678
0.002427
0.003946
0.002741
0.003131
0.002659
0.003394
0.002689
0.002881
0.003170
0.002755
0.002714
0.003226
0.003271
0.002383
0.002516
0.002562
0.002467
0.002769
0.002695
0.003271
0.002856
0.002497
0.002565
0.002661
0.002924
0.002534
0.002488
0.002933
0.002422
0.003343
0.002647
0.003175
0.002620
0.003673
0.003104
0.002813
0.003037
0.003082
0.002740
0.002890
0.002975
0.002894
0.003129
0.003173
0.003751
