0.000680
0.000704
0.001097
0.000696
0.000728
0.002421
0.000658
0.000664
0.000702
0.000700
0.001500
0.000674
0.000685
0.000678
0.000675
0.000751
0.002402
0.000744
0.000708
0.002002
0.004346
0.001712
0.000699
0.000682
0.001952
0.000678
0.000638
0.002355
0.000681
0.000679
0.000704
0.001349
0.000643
0.001250
0.000666
0.000682
0.000892
0.002539
0.000714
0.000691
0.001375
0.001387
0.000672
0.000664
0.000673
0.001325
0.001537
0.000704
0.001190
0.000693
0.000645
0.003111
0.000694
0.000693
0.001367
0.000683
0.000672
0.001179
0.000694
0.000661
0.002827
0.000667
0.000687
0.003167
0.001619
0.000675
0.001221
0.000704
0.000693
0.002282
0.002087
0.000669
0.002426
0.000673
0.000638
0.000654
0.000667
0.000703
0.002188
0.000691
0.000700
0.002304
0.000691
0.000826
0.002053
0.000665
0.000637
0.002131
0.000642
0.000662
0.000852
0.001984
0.000679
0.000718
0.001686
0.000670
0.000687
0.002144
0.000692
0.001219
0.000645
0.000653
0.001769
0.000703
0.000650
0.001569
0.000679
0.000702
0.004007
0.000646
0.000721
0.001798
0.000702
0.000659
0.003267
0.000724
0.000658
0.001220
0.000684
0.000669
0.003165
0.000684
0.000677
0.001554
0.000739
0.000718
0.002138
0.000704
0.001172
0.001903
0.000714
0.000739
0.000854
0.000674
0.000664
0.000944
0.001225
0.000680
0.001106
0.002412
0.000718
0.000688
0.000661
0.000647
0.000650
0.001012
0.001358
0.000769
0.001776
0.000669
0.001450
0.000769
0.000712
0.000656
0.000683
0.000689
0.002318
0.000818
0.000680
0.000709
0.000644
0.002866
0.000690
0.000649
0.000694
0.000675
0.001585
0.002272
0.000675
0.002076
0.000694
0.000677
0.002783
0.000662
0.002321
0.000681
0.002718
0.002116
0.000685
0.001263
0.000713
0.001417
0.001960
0.000744
0.000696
0.000905
0.000660
0.001457
0.000701
0.000689
0.003644
0.000671
0.000645
0.001986
0.000691
0.000677
0.003368
0.000678
0.000735
0.001843
0.000725
0.000717
0.002733
0.001072
0.002167
0.000711
0.000877
0.001221
0.000639
0.000691
0.001786
0.000684
0.001221
0.001348
0.000686
0.000689
0.000860
0.001587
0.000690
0.001551
0.002047
0.000690
0.000773
0.001905
0.000671
0.000811
0.000993
0.000678
0.000690
0.003207
0.000719
0.000655
0.001172
0.000645
0.000668
0.000668
0.000695
0.000704
0.000730
0.001854
0.000660
0.000693
0.001466
0.001721
0.000680
0.000694
0.002010
0.000678
0.000666
0.001519
0.002961
0.000814
0.000648
0.000989
0.000678
0.000660
0.001269
0.000697
0.000695
0.001802
0.000678
0.000669
0.002727
0.000706
0.001949
0.001359
0.000680
0.000674
0.000652
0.000673
0.000691
0.000945
0.000696
0.004820
0.002533
0.000723
0.000671
0.002233
0.000681
0.000716
0.001808
0.000935
0.000697
0.002743
0.000643
0.000713
0.001986
0.000645
0.001096
0.000714
0.000661
0.001190
0.001302
0.000675
0.000677
0.000966
0.001273
0.005965
0.000681
0.000684
0.000698
0.001987
0.001056
0.000671
0.001929
0.000675
0.000744
0.003367
0.000650
0.001064
0.000864
0.002095
0.000680
0.001097
0.000639
0.000645
0.003482
0.002011
0.001206
0.000687
0.001150
0.000738
0.000724
0.000713
0.002067
0.000705
0.000711
0.000881
0.000649
0.000682
0.001669
0.002605
0.001548
0.000724
0.000755
0.000836
0.000642
0.001658
0.001725
0.000744
0.000686
0.002163
0.001936
0.000662
0.000644
0.000671
0.000650
0.000686
0.000739
0.002988
0.000674
0.000697
0.002446
0.000637
0.000702
0.000673
0.001983
0.000674
0.000705
0.001136
0.000684
0.000694
0.000819
0.000908
0.000703
0.001012
0.005040
0.000662
0.000928
0.000666
0.000710
0.000679
0.000662
0.000994
0.002153
0.000692
0.000734
0.001945
0.000806
0.000704
0.001698
0.000678
0.000689
0.001961
0.000672
0.000649
0.000687
0.000723
0.001534
0.001735
0.001413
0.000695
0.000685
0.001324
0.001273
0.001681
0.000688
0.000698
0.002840
0.000645
0.000646
0.001953
0.000637
0.002050
0.000738
0.000666
0.002395
0.000649
0.003557
0.000642
0.000690
0.000959
0.001600
0.000699
0.000673
0.000684
0.000697
0.001131
0.000658
0.000690
0.001041
0.001172
0.000704
0.000643
0.000859
0.001322
0.000836
0.000678
0.002160
0.000962
0.000676
0.000708
0.001870
0.000963
0.000676
0.001504
0.001321
0.000672
0.000677
0.000678
0.001588
0.001672
0.000673
0.000673
0.001590
0.001367
0.000707
0.000899
0.000670
0.000728
0.002465
0.000647
0.001957
0.000822
0.001480
0.001192
0.000683
0.000775
0.000650
0.001410
0.000653
0.002276
0.000705
0.000677
0.001828
0.000714
0.000758
0.002186
0.000774
0.000651
0.002595
0.000696
0.000703
0.001560
0.000701
0.000679
0.000874
0.000707
0.000664
0.001909
0.001745
0.002862
0.000668
0.000659
0.000652
0.001380
0.000655
0.000649
0.000961
0.002525
0.000688
0.000644
0.001318
0.000684
0.000654
0.001656
0.000675
0.000671
0.000680
0.000695
0.001606
0.000685
0.001005
0.001528
0.000675
0.001716
0.000647
0.000665
0.002236
0.000653
0.001688
0.002416
0.000641
0.000685
0.000696
0.000683
0.000826
0.001621
0.000680
0.000658
0.000995
0.000682
0.000646
0.000672
0.000757
0.000993
0.000782
0.001634
0.000666
0.002464
0.000700
0.000697
0.000664
0.000654
0.000667
0.001418
0.000659
0.001925
0.000681
0.000651
0.000880
0.000678
0.000707
0.001176
0.001827
0.001142
0.000768
0.001147
0.000819
0.001919
0.000658
0.000670
0.005237
0.000700
0.000712
0.000809
0.000717
0.000719
0.002595
0.000675
0.000681
0.000650
0.000783
0.001263
0.000695
0.002182
0.000752
0.000650
0.000840
0.000644
0.000690
0.002134
0.000678
0.000673
0.001318
0.002586
0.001697
0.000939
0.000656
0.002588
0.000687
0.001114
0.000645
0.000682
0.002605
0.000680
0.000637
0.003166
0.001079
0.000725
0.001766
0.000693
0.000641
0.000664
0.000678
0.001084
0.000680
0.001115
0.002849
0.000639
0.000992
0.000741
0.001538
0.000633
0.000659
0.001987
0.000647
0.001690
0.002328
0.000686
0.000688
0.000956
0.001956
0.000645
0.002606
0.000704
0.000736
0.001660
0.000696
0.000637
0.001795
0.000656
0.000707
0.000645
0.000960
0.000716
0.000648
0.003121
0.000676
0.000670
0.002086
0.000899
0.000701
0.000699
0.000643
0.004441
0.000714
0.001405
0.001976
0.001026
0.000708
0.000970
0.000671
0.000734
0.001715
0.002155
0.003938
0.000744
0.000702
0.000664
0.001830
0.000675
0.000696
0.002366
0.000659
0.000873
0.002330
0.000901
0.001091
0.000695
0.001228
0.000756
0.000681
0.002137
0.000692
0.000849
0.000680
0.000674
0.000664
0.001079
0.000650
0.001135
0.000896
0.000683
0.000645
0.002108
0.000653
0.000714
0.000954
0.000707
0.000674
0.001392
0.000688
0.000705
0.001217
0.000704
0.001564
0.000671
0.000683
0.002426
0.000706
0.000649
0.000746
0.002678
0.000658
0.000675
0.002513
0.000639
0.001580
0.000683
0.000676
0.002787
0.000651
0.000666
0.003032
0.000703
0.000700
0.002501
0.000683
0.000680
0.001554
0.002146
0.000691
0.003581
0.000689
0.000698
0.002158
0.000667
0.000679
0.001595
0.000687
0.000682
0.001041
0.000685
0.000662
0.001436
0.000678
0.004744
0.002114
0.000687
0.002051
0.000708
0.000678
0.001738
0.002807
0.001706
0.000751
0.001111
0.000667
0.000692
0.001410
0.000688
0.000692
0.002788
0.000656
0.000674
0.001577
0.000641
0.000715
0.001942
0.001377
0.000700
0.003350
0.000853
0.000676
0.000674
0.000666
0.002020
0.001442
0.000669
0.003468
0.000646
0.000641
0.002031
0.000693
0.000883
0.002886
0.000686
0.000849
0.001756
0.000752
0.000779
0.001527
0.001449
0.000711
0.000690
0.000815
0.000691
0.000639
0.004053
0.000674
0.000703
0.002028
0.000655
0.000798
0.002458
0.000681
0.001691
0.000710
0.000717
0.001009
0.002008
0.001564
0.001027
0.000693
0.000671
0.001746
0.001593
0.000675
0.001516
0.000689
0.000662
0.000941
0.000638
0.000683
0.002543
0.000688
0.000679
0.002848
0.000696
0.000674
0.002168
0.000692
0.000712
0.002555
0.000645
0.000680
0.001103
0.000693
0.000741
0.001335
0.000701
0.000648
0.000720
0.000659
0.000777
0.000686
0.000692
0.001657
0.000677
0.000628
0.000772
0.000644
0.001433
0.000977
0.000714
0.000683
0.000908
0.000673
0.000702
0.000707
0.000679
0.000868
0.000699
0.000753
0.001127
0.000678
0.000672
0.002549
0.000685
0.000680
0.001550
0.001941
0.000693
0.002048
0.003168
0.000671
0.000668
0.000663
0.000733
0.000756
0.000640
0.001511
0.000687
0.000688
0.001638
0.000682
0.000665
0.001030
0.000698
0.000674
0.002096
0.003281
0.002222
0.000728
0.000694
0.002807
0.000692
0.000681
0.002623
0.000699
0.000674
0.001071
0.000721
0.001964
0.000685
0.000732
0.003281
0.000713
0.000669
0.000991
0.000674
0.000672
0.002431
0.001665
0.002068
0.000668
0.000655
0.001494
0.000676
0.002736
0.000702
0.000678
0.000690
0.000648
0.000659
0.001641
0.000655
0.000715
0.001577
0.000750
0.000676
0.000695
0.000858
0.000678
0.001790
0.000669
0.000662
0.001945
0.000729
0.002284
0.000880
0.000688
0.002365
0.001085
0.000906
0.000726
0.000694
0.002755
0.001771
0.000678
0.000667
0.000659
0.000777
0.000644
0.002176
0.000670
0.000683
0.000692
0.000682
0.000682
0.000957
0.000682
0.000683
0.003421
0.000662
0.001111
0.001378
0.000692
0.000708
0.000715
0.001619
0.000675
0.000682
0.002378
0.000693
0.000677
0.001390
0.000703
0.000654
0.000675
0.001663
0.000684
0.003350
0.002258
0.000678
0.000706
0.001552
0.000678
0.004008
0.002329
0.001854
0.000673
0.000667
0.001942
0.002068
0.002062
0.003774
0.000707
0.000683
0.000843
0.001050
0.000677
0.002166
0.000723
0.000688
0.000693
0.002922
0.000647
0.000698
0.001938
0.000727
0.000710
0.002786
0.002066
0.000709
0.000666
0.002019
0.002296
0.002025
