0.001963
0.001353
0.000250
0.002125
0.001667
0.000506
0.002557
0.001358
0.000411
0.001686
0.003225
0.000428
0.002100
0.001623
0.002029
0.001622
0.001018
0.001352
0.000333
0.000898
0.002521
0.001179
0.002055
0.001722
0.001655
0.002156
0.003280
0.001298
0.001765
0.000533
0.001764
0.001854
0.001328
0.002201
0.002059
0.001047
0.000777
0.002096
0.000827
0.001844
0.000422
0.002102
0.000422
0.001081
0.000911
0.000374
0.002148
0.002089
0.001435
0.001042
0.001605
0.003361
0.000478
0.000959
0.002086
0.001770
0.001197
0.002145
0.002688
0.001471
0.000924
0.001950
0.001312
0.001460
0.001004
0.000380
0.000832
0.000604
0.002627
0.001554
0.001826
0.001611
0.000426
0.001763
0.001937
0.001578
0.002247
0.001180
0.001767
0.000910
0.000602
0.001849
0.000875
0.001511
0.001410
0.002301
0.002293
0.000594
0.001139
0.001440
0.001561
0.000333
0.002359
0.002670
0.001233
0.002034
0.001070
0.002255
0.002097
0.001198
0.002740
0.000969
0.001672
0.002391
0.000716
0.002085
0.002133
0.002057
0.003447
0.001661
0.001687
0.001908
0.002080
0.003165
0.001313
0.002548
0.001725
0.003023
0.001397
0.002093
0.001097
0.000702
0.001021
0.001359
0.001967
0.000433
0.002111
0.001960
0.002191
0.003497
0.000506
0.000280
0.001046
0.001518
0.003008
0.000988
0.000647
0.001960
0.000918
0.000987
0.003348
0.001213
0.000953
0.001806
0.002078
0.002110
0.003042
0.001893
0.001642
0.002424
0.002239
0.002681
0.000772
0.002087
0.001612
0.001480
0.001919
0.001321
0.000498
0.002142
0.001948
0.001963
0.000650
0.001597
0.000424
0.001394
0.000639
0.002397
0.001438
0.002148
0.001485
0.002059
0.001802
0.003155
0.001277
0.001284
0.000567
0.002172
0.000894
0.000611
0.002021
0.001062
0.002751
0.001080
0.000977
0.002339
0.001608
0.001007
0.002136
0.001272
0.001233
0.001315
0.001818
0.000913
0.001505
0.000288
0.003342
0.000578
0.002985
0.001030
0.000632
0.003392
0.000869
0.000475
0.002302
0.001071
0.001867
0.002753
0.000945
0.002411
0.001784
0.001009
0.001710
0.001802
0.001426
0.003280
0.000639
0.001236
0.001379
0.000825
0.000924
0.002189
0.001382
0.002075
0.001244
0.001563
0.001901
0.002041
0.003183
0.000955
0.002086
0.000798
0.001484
0.002098
0.001163
0.003287
0.000864
0.001711
0.000621
0.002054
0.001634
0.000457
0.001979
0.000889
0.000882
0.002456
0.001100
0.001452
0.002254
0.000403
0.000257
0.001390
0.002135
0.001150
0.003576
0.002551
0.002038
0.001932
0.001239
0.002063
0.002038
0.001217
0.000441
0.000753
0.001987
0.002089
0.002163
0.001750
0.001615
0.002600
0.001047
0.001603
0.001430
0.002253
0.001285
0.001366
0.000424
0.002281
0.001016
0.001523
0.001013
0.001552
0.001339
0.002806
0.000612
0.000766
0.000771
0.001784
0.001690
0.002000
0.000977
0.001239
0.002367
0.002177
0.002242
0.001450
0.001419
0.000916
0.002376
0.001305
0.002184
0.001506
0.001469
0.001573
0.000516
0.000921
0.002077
0.002178
0.002910
0.001778
0.001471
0.001678
0.001725
0.000809
0.002222
0.001052
0.001004
0.000394
0.003662
0.001568
0.000687
0.001721
0.001134
0.002336
0.001186
0.000546
0.003277
0.002846
0.003646
0.000815
0.001810
0.001676
0.001008
0.002329
0.001390
0.002151
0.003014
0.001283
0.000816
0.000421
0.000870
0.001970
0.001420
0.000926
0.000925
0.002579
0.001441
0.002153
0.000978
0.001776
0.001586
0.002505
0.001909
0.003447
0.001113
0.002363
0.000393
0.001940
0.001208
0.001206
0.001836
0.000522
0.001019
0.001324
0.001052
0.001313
0.002263
0.000979
0.001337
0.000973
0.002312
0.001147
0.002717
0.000955
0.001060
0.001694
0.001858
0.000388
0.000924
0.002218
0.000791
0.001754
0.001455
0.001676
0.001887
0.001922
0.002517
0.001917
0.001356
0.001506
0.001704
0.000759
0.001284
0.001958
0.002182
0.002265
0.000538
0.001572
0.002231
0.001993
0.002047
0.000429
0.002065
0.001239
0.000416
0.001781
0.000635
0.000432
0.000625
0.001935
0.002213
0.002314
0.001318
0.000419
0.001788
0.001522
0.001765
0.002594
0.001399
0.003232
0.002543
0.002222
0.001177
0.001815
0.001041
0.002516
0.003258
0.003201
0.002441
0.002830
0.002207
0.000594
0.001976
0.001826
0.001465
0.001566
0.001730
0.001612
0.001110
0.003254
0.001007
0.001909
0.000626
0.002056
0.001956
0.002118
0.002825
0.001382
0.002407
0.001852
0.001620
0.001593
0.002719
0.001515
0.000966
0.003158
0.001704
0.001383
0.002240
0.000787
0.002183
0.001584
0.002141
0.001200
0.001975
0.001582
0.001005
0.002244
0.000975
0.002271
0.002298
0.001597
0.001651
0.000888
0.001735
0.000811
0.000246
0.001593
0.002149
0.001444
0.000370
0.001042
0.000706
0.001154
0.000880
0.002217
0.002228
0.002694
0.000563
0.002220
0.001404
0.001101
0.002066
0.002074
0.001699
0.000423
0.001093
0.001637
0.001907
0.001914
0.000947
0.000779
0.000418
0.001884
0.001543
0.002154
0.000795
0.001031
0.001161
0.001748
0.001017
0.000865
0.000837
0.000516
0.000838
0.002342
0.002175
0.001809
0.001165
0.000863
0.002800
0.000841
0.002204
0.002204
0.001834
0.002233
0.002191
0.001104
0.002067
0.001602
0.000428
0.001349
0.003630
0.001712
0.000873
0.002459
0.001392
0.002214
0.001841
0.002767
0.000879
0.000507
0.002247
0.000881
0.002350
0.001140
0.001126
0.000416
0.002465
0.002085
0.001259
0.000630
0.002190
0.001996
0.001691
0.000421
0.001813
0.000872
0.000971
0.001482
0.000994
0.001576
0.002016
0.001375
0.001575
0.002314
0.000411
0.000931
0.001914
0.000543
0.002213
0.001600
0.002499
0.001289
0.002333
0.002031
0.001191
0.001081
0.001020
0.001692
0.000941
0.000804
0.000996
0.003180
0.001286
0.001998
0.000714
0.000601
0.001663
0.001651
0.001611
0.002247
0.000991
0.003448
0.002248
0.000853
0.001140
0.001039
0.001443
0.002129
0.000969
0.001113
0.002488
0.001778
0.003696
0.002174
0.001915
0.000420
0.000586
0.000457
0.000642
0.002298
0.001639
0.001113
0.002142
0.002080
0.001023
0.004221
0.001078
0.002399
0.001440
0.001310
0.000483
0.000395
0.001294
0.001217
0.001927
0.000831
0.001563
0.001784
0.002044
0.000411
0.001642
0.001244
0.002239
0.001395
0.002035
0.001239
0.000751
0.001325
0.000419
0.000605
0.002940
0.002314
0.001608
0.001594
0.002472
0.001664
0.001383
0.000464
0.002035
0.001950
0.000681
0.000548
0.001603
0.001849
0.002092
0.002165
0.001770
0.000943
0.000337
0.002647
0.000416
0.001945
0.001011
0.001748
0.000743
0.000886
0.001332
0.001023
0.000440
0.000805
0.000984
0.002157
0.001571
0.000425
0.001619
0.002158
0.002020
0.001633
0.001068
0.000896
0.002267
0.001329
0.004043
0.000869
0.001357
0.000539
0.000423
0.001078
0.002244
0.000665
0.001802
0.000664
0.002472
0.000993
0.001379
0.001674
0.002350
0.002479
0.001202
0.000595
0.002059
0.002026
0.001826
0.001442
0.001659
0.000900
0.001117
0.002062
0.001566
0.002039
0.000814
0.001070
0.001703
0.001315
0.001953
0.000994
0.001143
0.001935
0.002033
0.001889
0.003865
0.001407
0.000909
0.001535
0.000756
0.003192
0.001087
0.002147
0.002620
0.001268
0.000218
0.000256
0.002218
0.000844
0.003349
0.002944
0.000867
0.001427
0.001369
0.001116
0.000493
0.001398
0.001149
0.000687
0.001273
0.001059
0.001358
0.000827
0.000709
0.001237
0.001455
0.001035
0.001424
0.001113
0.001167
0.002192
0.000975
0.002414
0.002067
0.003790
0.001642
0.001844
0.002184
0.002179
0.001146
0.001877
0.002246
0.000882
0.001237
0.001833
0.001432
0.001738
0.000866
0.001508
0.001802
0.001143
0.002117
0.002081
0.001881
0.001171
0.002141
0.000424
0.003414
0.001041
0.001034
0.001032
0.002009
0.001918
0.001656
0.001458
0.001446
0.001822
0.000456
0.000472
0.002542
0.001469
0.002506
0.002124
0.002048
0.001119
0.002420
0.001701
0.000764
0.002320
0.000791
0.000352
0.000835
0.003002
0.003026
0.000935
0.000970
0.001197
0.002345
0.002355
0.002020
0.001019
0.001930
0.002956
0.000826
0.001051
0.001479
0.000559
0.002135
0.000780
0.001457
0.000587
0.001143
0.001143
0.000852
0.002289
0.000738
0.001344
0.002174
0.000428
0.002070
0.002116
0.002076
0.001118
0.002164
0.000953
0.002112
0.002225
0.001946
0.000432
0.002445
0.002214
0.002215
0.002407
0.001450
0.000837
0.001753
0.001797
0.001958
0.001993
0.001209
0.000991
0.001525
0.002032
0.002191
0.002982
0.000999
0.001899
0.001510
0.000475
0.001054
0.002132
0.000497
0.001366
0.001838
0.002125
0.000612
0.001277
0.001212
0.000434
0.002137
0.001446
0.002309
0.000856
0.001667
0.002473
0.001530
0.000591
0.001005
0.001083
0.000811
0.000577
0.001358
0.003312
0.001563
0.000443
0.001378
0.000941
0.000927
0.001433
0.000749
0.001125
0.001331
0.000480
0.002362
0.002193
0.001916
0.001784
0.002094
0.002405
0.000939
0.001797
0.001910
0.001276
0.002174
0.001047
0.002204
0.001624
0.000833
0.003100
0.000429
0.001277
0.001396
0.001163
0.001125
0.000419
0.001213
0.001380
0.002644
0.000446
0.000758
0.001468
0.001024
0.003663
0.001425
0.002058
0.000413
0.002485
0.001230
0.001061
0.002257
0.002051
0.002153
0.000729
0.002823
0.002381
0.002001
0.002169
0.001945
0.002229
0.002040
0.002311
0.000338
0.001951
0.001800
0.002662
0.000915
0.001328
0.002261
0.001073
0.000992
0.003373
0.002161
0.001242
0.000920
0.002135
0.000914
0.003450
0.000928
0.000424
0.003783
0.000398
0.000791
0.002042
0.001015
0.002214
0.000567
0.000711
0.002057
0.002098
0.001006
0.000931
0.001869
0.001681
0.003487
0.002212
0.001526
0.001002
0.002545
0.002091
0.000419
0.003305
0.000291
0.002102
0.002401
0.002244
0.001005
0.000417
0.001532
0.002140
0.003940
0.001742
0.003043
0.002213
