0.001732
0.001736
0.001476
0.001472
0.001690
0.001352
0.001749
0.001565
0.001631
0.001613
0.001384
0.001745
0.001388
0.001578
0.001400
0.001927
0.001642
0.001651
0.001560
0.001484
0.001475
0.001544
0.001568
0.001468
0.001463
0.001572
0.001802
0.001529
0.001441
0.001491
0.001645
0.001426
0.001791
0.001496
0.001470
0.001378
0.001817
0.001554
0.001811
0.001688
0.001682
0.001627
0.001511
0.001909
0.001826
0.001655
0.001748
0.001979
0.001272
0.001805
0.001486
0.001956
0.001353
0.001662
0.001629
0.001474
0.001609
0.001508
0.001666
0.002166
0.001504
0.001610
0.001802
0.001481
0.001560
0.001266
0.001456
0.001426
0.001804
0.001517
0.001419
0.001439
0.001638
0.001555
0.001577
0.001702
0.001545
0.001978
0.001569
0.001574
0.001375
0.001525
0.001648
0.001558
0.001773
0.001661
0.001515
0.001573
0.001551
0.001692
0.001811
0.001746
0.001607
0.001897
0.001266
0.001627
0.001176
0.001691
0.001447
0.001588
0.001455
0.001569
0.001778
0.001940
0.001677
0.001672
0.001832
0.001450
0.001446
0.001468
0.001873
0.001802
0.001300
0.001354
0.001671
0.001641
0.001647
0.001485
0.001524
0.002253
0.001865
0.001450
0.001555
0.001541
0.001518
0.001532
0.001523
0.001462
0.001811
0.001780
0.001348
0.001648
0.001481
0.001919
0.001433
0.001587
0.001865
0.001615
0.001462
0.001513
0.001461
0.001704
0.001445
0.001642
0.001759
0.001715
0.001766
0.001493
0.001672
0.001855
0.001581
0.001727
0.001446
0.001736
0.001720
0.001552
0.001736
0.001448
0.001560
0.001475
0.001363
0.001527
0.001470
0.001739
0.001959
0.001431
0.002014
0.001847
0.001732
0.001590
0.001419
0.001415
0.001632
0.001577
0.001651
0.001676
0.001663
0.001667
0.001505
0.001742
0.001832
0.001933
0.001530
0.001732
0.001638
0.001385
0.001429
0.001831
0.001638
0.001713
0.001559
0.001564
0.002176
0.001436
0.001700
0.001498
0.001766
0.001685
0.001551
0.001431
0.001493
0.001484
0.001648
0.001474
0.002077
0.001448
0.001733
0.001462
0.001371
0.001723
0.001643
0.001678
0.001739
0.001614
0.001908
0.001487
0.001576
0.001742
0.001459
0.001503
0.001647
0.001432
0.002343
0.001648
0.001701
0.001848
0.001612
0.001571
0.001887
0.001362
0.001452
0.002057
0.001607
0.001756
0.001644
0.001470
0.001569
0.001735
0.001901
0.001766
0.001438
0.001755
0.001658
0.001560
0.001486
0.001378
0.001738
0.001969
0.001552
0.001669
0.001746
0.001398
0.001670
0.001407
0.002045
0.001743
0.001597
0.001521
0.002025
0.001403
0.001555
0.001317
0.001770
0.001625
0.001667
0.001791
0.001659
0.001397
0.001738
0.001476
0.001640
0.001826
0.001801
0.001612
0.001549
0.001518
0.001596
0.001773
0.001649
0.001608
0.001402
0.001509
0.001470
0.001597
0.001581
0.001607
0.001538
0.001600
0.001757
0.001618
0.001907
0.001689
0.001471
0.001896
0.001504
0.001486
0.001615
0.001493
0.001918
0.001258
0.001958
0.001410
0.001443
0.001481
0.001559
0.001423
0.001756
0.001478
0.001600
0.001520
0.001723
0.001568
0.001491
0.001601
0.001554
0.001517
0.001441
0.001358
0.001445
0.001410
0.001439
0.001535
0.001850
0.002063
0.001549
0.001445
0.001537
0.001733
0.001698
0.001618
0.001666
0.001681
0.001856
0.001605
0.001544
0.001413
0.001630
0.001450
0.001368
0.001625
0.001402
0.001572
0.001532
0.001430
0.001480
0.001501
0.001551
0.001529
0.001537
0.001495
0.001275
0.001396
0.001484
0.001615
0.001807
0.002104
0.001435
0.001724
0.001745
0.001572
0.001779
0.001441
0.001697
0.001370
0.001474
0.001474
0.002003
0.001658
0.001704
0.001880
0.001677
0.001559
0.001768
0.001576
0.001562
0.001490
0.001588
0.001551
0.001584
0.001537
0.001730
0.001824
0.001547
0.001478
0.001410
0.001643
0.001481
0.001549
0.001518
0.001331
0.001419
0.001700
0.001847
0.001661
0.001813
0.001458
0.001961
0.001644
0.001584
0.001482
0.001695
0.001549
0.001468
0.001538
0.001497
0.001628
0.001597
0.001431
0.001745
0.001636
0.001648
0.001660
0.001700
0.001498
0.001561
0.001495
0.001355
0.001777
0.001430
0.001958
0.001610
0.001473
0.001426
0.001601
0.001669
0.001641
0.001591
0.001577
0.001522
0.001552
0.001403
0.001702
0.001667
0.001424
0.001562
0.001514
0.001533
0.001422
0.001262
0.001572
0.001558
0.001513
0.001446
0.001479
0.001517
0.001543
0.001686
0.001626
0.001444
0.001460
0.001739
0.002074
0.002143
0.002703
0.002198
0.001830
0.001989
0.002185
0.001875
0.001980
0.002243
0.002054
0.001910
0.002051
0.001967
0.002222
0.001867
0.002124
0.001983
0.001863
0.001823
0.001924
0.001784
0.001473
0.001924
0.001672
0.002312
0.002380
0.001937
0.001990
0.002029
0.001937
0.002031
0.001799
0.002101
0.002193
0.002477
0.002460
0.002172
0.002124
0.002169
0.001757
0.002102
0.001960
0.002144
0.002765
0.002577
0.002224
0.002822
0.001916
0.001910
0.001805
0.002359
0.002033
0.002063
0.001938
0.001914
0.002005
0.001923
0.002120
0.002221
0.002373
0.002009
0.001876
0.002083
0.002125
0.001945
0.001718
0.002007
0.002134
0.002094
0.002140
0.001922
0.002258
0.002073
0.002760
0.002061
0.002096
0.002030
0.001896
0.002354
0.002147
0.001783
0.002218
0.002028
0.001874
0.001756
0.002102
0.002197
0.002540
0.001723
0.002395
0.001943
0.002060
0.002023
0.002100
0.001921
0.002002
0.002161
0.002052
0.002192
0.002123
0.002128
0.002149
0.002034
0.002142
0.002173
0.001821
0.001976
0.001975
0.002271
0.002154
0.001944
0.002325
0.002067
0.001952
0.001992
0.002053
0.002070
0.001868
0.001908
0.001875
0.002091
0.001644
0.002078
0.001929
0.001969
0.002063
0.002130
0.001912
0.001830
0.001879
0.002062
0.001841
0.001970
0.001856
0.001912
0.002298
0.001953
0.002092
0.002045
0.002414
0.002386
0.002063
0.002099
0.002003
0.002367
0.002087
0.002067
0.001953
0.001913
0.002028
0.001826
0.002026
0.001982
0.001884
0.001846
0.002059
0.001901
0.001998
0.002327
0.001775
0.001914
0.001997
0.001941
0.001878
0.001980
0.001674
0.001943
0.002216
0.001806
0.001850
0.002229
0.002173
0.002044
0.002061
0.001832
0.002042
0.002352
0.002252
0.001968
0.001946
0.002431
0.002309
0.002475
0.002005
0.001924
0.001939
0.002070
0.001480
0.002147
0.002115
0.002293
0.002023
0.002315
0.002190
0.002214
0.002287
0.001941
0.001964
0.002025
0.002413
0.001881
0.001860
0.001828
0.002360
0.002437
0.001829
0.001996
0.001863
0.001798
0.002381
0.002248
0.002628
0.002026
0.002313
0.001642
0.002276
0.002014
0.002032
0.002147
0.001861
0.001978
0.001982
0.002197
0.002115
0.002162
0.002226
0.002099
0.001983
0.002015
0.002281
0.001988
0.002106
0.001866
0.002003
0.001994
0.002114
0.002060
0.001971
0.001749
0.001896
0.001818
0.001941
0.002281
0.002161
0.001927
0.002271
0.002178
0.002313
0.002093
0.001889
0.001828
0.002111
0.002137
0.002037
0.002136
0.002018
0.002098
0.002093
0.001901
0.001862
0.002038
0.002014
0.002213
0.002123
0.002282
0.001893
0.001939
0.001964
0.002303
0.001766
0.001884
0.001867
0.001858
0.001995
0.001947
0.001908
0.002103
0.001793
0.001943
0.001908
0.002028
0.002038
0.001927
0.002224
0.001889
0.002091
0.002071
0.002070
0.002121
0.001884
0.002021
0.002053
0.001872
0.002245
0.002268
0.002018
0.002082
0.002390
0.001982
0.002018
0.001787
0.001926
0.002143
0.002101
0.001982
0.002098
0.001913
0.002279
0.001962
0.002362
0.001752
0.002151
0.001447
0.001851
0.001978
0.002020
0.001951
0.001988
0.002253
0.001951
0.002251
0.002022
0.001892
0.001969
0.001932
0.002010
0.001963
0.001912
0.001959
0.001989
0.002131
0.002222
0.001948
0.001981
0.001934
0.001731
0.001994
0.002245
0.001998
0.002059
0.001762
0.001756
0.002315
0.001938
0.002391
0.002000
0.002143
0.001973
0.002327
0.001987
0.002298
0.002383
0.002505
0.001811
0.002003
0.002036
0.001884
0.001984
0.001806
0.001918
0.002406
0.001844
0.001977
0.002145
0.002066
0.002082
0.002110
0.002062
0.002822
0.001992
0.001974
0.002072
0.002011
0.002349
0.001990
0.001795
0.001878
0.001698
0.002077
0.001955
0.002503
0.002157
0.001760
0.002266
0.001845
0.001965
0.002034
0.002049
0.001922
0.002064
0.001996
0.001884
0.002007
0.001889
0.002227
0.001990
0.001939
0.001967
0.001965
0.002045
0.001857
0.002028
0.002401
0.001802
0.002067
0.002382
0.001799
0.001909
0.002007
0.002160
0.002036
0.002053
0.002041
0.002301
0.001911
0.001901
0.002016
0.002143
0.001962
0.001963
0.001780
0.001950
0.001870
0.001737
0.002211
0.001977
0.002050
0.002039
0.004880
0.001854
0.002053
0.001882
0.002013
0.002570
0.002521
0.002036
0.001942
0.001888
0.001899
0.001984
0.001824
0.001998
0.002122
0.002116
0.001797
0.002012
0.001985
0.001959
0.001996
0.002049
0.001972
0.001787
0.002058
0.002039
0.002084
0.002157
0.002045
0.002024
0.002180
0.002032
0.002458
0.002388
0.001664
0.002117
0.001985
0.002128
0.002300
0.002131
0.002053
0.001988
0.001701
0.002264
0.001901
0.002099
0.001931
0.002217
0.001833
0.002148
0.002049
0.002046
0.001881
0.001945
0.001880
0.002277
0.002281
0.002280
0.002153
0.001910
0.001587
0.001944
0.002304
0.001978
0.001765
0.002156
0.001883
0.001963
0.002000
0.002224
0.001918
0.001955
0.001985
0.001967
0.002015
0.002346
0.001822
0.002152
0.002267
0.002317
0.001854
0.002166
0.001644
0.001825
0.002184
0.002392
0.001995
0.002368
0.002301
0.002018
0.001898
0.002497
0.002181
0.002026
0.001896
0.002079
0.002137
0.002413
0.002009
0.002138
0.002479
0.002459
0.001803
0.002025
0.002436
0.001966
0.002080
0.001856
0.001974
0.002026
0.002292
0.001811
0.001923
0.002010
0.001892
0.001840
0.002296
0.002187
0.001815
0.002085
