0.003235
0.003853
0.002964
0.002919
0.004624
0.003706
0.002944
0.003566
0.002026
0.003970
0.002334
0.002235
0.000873
0.002469
0.003361
0.003493
0.003577
0.002070
0.004242
0.003160
0.001718
0.002728
0.004036
0.001640
0.003291
0.004235
0.002867
0.002293
0.003238
0.001079
0.002578
0.004377
0.004674
0.004355
0.005039
0.003179
0.002172
0.004653
0.002972
0.002430
0.000640
0.002230
0.002746
0.002372
0.002806
0.002234
0.002842
0.002688
0.002224
0.002245
0.001978
0.003142
0.002405
0.002464
0.002284
0.000459
0.002323
0.005386
0.002302
0.002303
0.003579
0.002667
0.002574
0.001805
0.001211
0.002450
0.001984
0.001508
0.000769
0.001608
0.000381
0.000393
0.002093
0.000953
0.003555
0.001158
0.002941
0.000779
0.003154
0.002863
0.002079
0.001515
0.002548
0.002342
0.002152
0.001219
0.002778
0.003490
0.004590
0.003050
0.005067
0.000459
0.002389
0.001640
0.002039
0.003894
0.002443
0.001708
0.000386
0.002483
0.002943
0.002198
0.002649
0.003149
0.002791
0.002231
0.002528
0.001848
0.002537
0.003972
0.003894
0.002331
0.001808
0.003069
0.000883
0.002405
0.002137
0.002561
0.000468
0.001578
0.001311
0.003250
0.001727
0.002562
0.001594
0.002400
0.001390
0.003568
0.003907
0.003237
0.001794
0.000342
0.004250
0.002222
0.001906
0.003896
0.002095
0.003286
0.002811
0.002787
0.000615
0.002163
0.003066
0.002681
0.000410
0.001488
0.001757
0.002893
0.002390
0.002327
0.000891
0.002982
0.003157
0.002533
0.000561
0.002557
0.002273
0.001726
0.003022
0.003256
0.004686
0.004731
0.002403
0.000401
0.002445
0.002117
0.000646
0.001453
0.001617
0.001736
0.003533
0.002274
0.002741
0.001496
0.000368
0.000471
0.001175
0.005271
0.001428
0.000606
0.002734
0.001732
0.000848
0.002450
0.001289
0.003276
0.003303
0.004919
0.003865
0.001765
0.001491
0.003682
0.000621
0.001452
0.003342
0.004321
0.000305
0.003034
0.003163
0.000338
0.002393
0.001418
0.002698
0.003142
0.002205
0.001993
0.002849
0.001677
0.003736
0.002694
0.004054
0.003312
0.003129
0.004075
0.000621
0.002338
0.000654
0.001731
0.003952
0.002824
0.004394
0.003085
0.001719
0.002811
0.001781
0.003576
0.002767
0.001881
0.002323
0.000577
0.002417
0.001740
0.003209
0.002750
0.000815
0.001871
0.000378
0.002047
0.002749
0.001162
0.004915
0.001970
0.003069
0.001423
0.001578
0.002502
0.003141
0.003254
0.002498
0.002800
0.000865
0.003431
0.001795
0.001787
0.000883
0.001999
0.004032
0.001716
0.003261
0.002002
0.002944
0.002062
0.003387
0.002425
0.004433
0.003586
0.002931
0.000472
0.001283
0.002013
0.002300
0.004161
0.002303
0.001301
0.003502
0.002937
0.003354
0.001691
0.003320
0.000454
0.002143
0.002460
0.000512
0.002156
0.003824
0.001482
0.002156
0.002807
0.000879
0.001916
0.003639
0.002282
0.005046
0.003243
0.003133
0.002290
0.003278
0.000812
0.002292
0.000415
0.003041
0.002772
0.002036
0.001503
0.002472
0.002475
0.003587
0.000660
0.002716
0.001276
0.004368
0.003771
0.002027
0.004335
0.003007
0.000356
0.002715
0.001604
0.002464
0.002162
0.002169
0.000619
0.002947
0.004073
0.002235
0.003609
0.005184
0.002708
0.000479
0.001800
0.003435
0.002562
0.001927
0.004245
0.000527
0.003519
0.002120
0.004120
0.000434
0.004082
0.003015
0.004061
0.002639
0.003333
0.001982
0.002121
0.003524
0.003184
0.002329
0.002725
0.001801
0.004236
0.002508
0.000480
0.002833
0.002890
0.001806
0.001618
0.002328
0.003466
0.004466
0.002249
0.003312
0.002551
0.003026
0.001869
0.000971
0.003605
0.002108
0.003228
0.004404
0.000583
0.002352
0.000496
0.002377
0.003822
0.002533
0.000383
0.001645
0.000337
0.003331
0.002231
0.003287
0.001801
0.002830
0.005297
0.003007
0.001823
0.000531
0.001566
0.002219
0.001858
0.005114
0.000755
0.002750
0.002840
0.001117
0.002774
0.002847
0.003003
0.003499
0.000748
0.001719
0.001918
0.001584
0.003040
0.002366
0.000967
0.001787
0.000740
0.002284
0.004175
0.002831
0.003065
0.001395
0.003688
0.004080
0.003780
0.003690
0.002355
0.002240
0.002327
0.002435
0.002239
0.001464
0.003620
0.002147
0.002383
0.004078
0.003617
0.003650
0.002595
0.002348
0.002708
0.003143
0.001644
0.002390
0.003188
0.003926
0.004353
0.001959
0.003041
0.002429
0.002313
0.001979
0.003162
0.002129
0.002096
0.001807
0.002074
0.002178
0.000347
0.002440
0.002470
0.002619
0.001229
0.000606
0.003486
0.002301
0.002214
0.000574
0.002296
0.003016
0.001750
0.002418
0.004233
0.002785
0.003094
0.002634
0.002535
0.003117
0.002930
0.003162
0.001828
0.003274
0.002680
0.004383
0.002403
0.001082
0.003207
0.001486
0.002619
0.002353
0.002031
0.000387
0.002629
0.003552
0.001900
0.000467
0.002190
0.003197
0.000454
0.002671
0.000608
0.002112
0.000543
0.001630
0.000487
0.002567
0.003219
0.003844
0.002991
0.002348
0.003364
0.004165
0.003104
0.002995
0.002824
0.002344
0.002598
0.002168
0.001559
0.002600
0.004949
0.001871
0.002478
0.002820
0.003387
0.001830
0.000627
0.001881
0.001710
0.004491
0.002827
0.002417
0.001689
0.003656
0.000573
0.001128
0.003283
0.002323
0.002188
0.003666
0.002801
0.004500
0.002477
0.003418
0.004882
0.001494
0.003364
0.002569
0.002501
0.002328
0.004050
0.002800
0.000657
0.002117
0.002681
0.001741
0.000809
0.001866
0.002410
0.003036
0.001600
0.002834
0.000764
0.002072
0.002178
0.002304
0.003358
0.002951
0.000611
0.003239
0.004504
0.002058
0.002548
0.002974
0.003645
0.001724
0.003598
0.003185
0.003620
0.000386
0.001905
0.002182
0.002014
0.000617
0.004847
0.004565
0.001640
0.003273
0.001842
0.003047
0.003884
0.001950
0.000425
0.000439
0.001609
0.004093
0.002337
0.001341
0.001753
0.003052
0.002463
0.003370
0.002307
0.004294
0.003489
0.002382
0.003294
0.000571
0.002201
0.003530
0.003796
0.002281
0.006189
0.003242
0.003217
0.002743
0.000768
0.003545
0.001756
0.001986
0.003774
0.001738
0.002261
0.002222
0.003108
0.003228
0.005141
0.003998
0.003014
0.001873
0.001824
0.003084
0.003399
0.000607
0.003341
0.002150
0.002270
0.002220
0.002530
0.003238
0.002460
0.003484
0.000819
0.003539
0.001003
0.004253
0.000439
0.001424
0.000410
0.002028
0.000671
0.002445
0.003343
0.001344
0.001459
0.002329
0.003213
0.002165
0.003849
0.003856
0.003980
0.004198
0.001582
0.003613
0.002318
0.003109
0.002353
0.004164
0.002567
0.003096
0.002021
0.003285
0.003051
0.004103
0.002559
0.003759
0.002865
0.002879
0.002670
0.002258
0.002054
0.002290
0.001681
0.003185
0.002904
0.002783
0.000456
0.002199
0.001937
0.002338
0.001889
0.001522
0.002541
0.002116
0.003209
0.000384
0.002466
0.003350
0.003189
0.002456
0.005351
0.004524
0.003609
0.001098
0.005026
0.000954
0.002559
0.004953
0.002833
0.002888
0.001523
0.003702
0.002955
0.002479
0.003667
0.002809
0.002977
0.001929
0.004384
0.002958
0.002673
0.001349
0.000341
0.004408
0.003731
0.003182
0.002778
0.004065
0.002508
0.002187
0.003115
0.003368
0.002967
0.000379
0.001805
0.003039
0.000659
0.002273
0.004433
0.003655
0.003636
0.001180
0.000425
0.003582
0.004171
0.001731
0.004244
0.001476
0.001176
0.002468
0.003387
0.000413
0.003661
0.001264
0.003429
0.003352
0.003365
0.003285
0.001237
0.002411
0.003650
0.001601
0.004776
0.002266
0.003443
0.002605
0.002209
0.002005
0.001885
0.002644
0.002274
0.000879
0.003594
0.003477
0.004220
0.004464
0.003505
0.002419
0.002483
0.003477
0.002197
0.003040
0.003883
0.002068
0.000841
0.002692
0.002681
0.000455
0.002110
0.003167
0.001790
0.002750
0.001780
0.003359
0.004047
0.000416
0.002038
0.003873
0.001830
0.000889
0.002707
0.003327
0.002676
0.003966
0.000546
0.002766
0.003018
0.002479
0.002160
0.001104
0.002888
0.001867
0.001563
0.003868
0.002274
0.000495
0.002002
0.003134
0.004002
0.003318
0.002945
0.003203
0.001972
0.003104
0.003128
0.001709
0.004062
0.002046
0.001617
0.003542
0.002121
0.000699
0.002318
0.003462
0.003090
0.000597
0.002683
0.002970
0.003639
0.004691
0.002894
0.002693
0.002692
0.004666
0.000962
0.005260
0.001882
0.003740
0.002116
0.001180
0.000767
0.002702
0.002996
0.002506
0.003302
0.002972
0.001750
0.003773
0.003897
0.003785
0.003641
0.004025
0.004833
0.001816
0.004667
0.002547
0.004058
0.002467
0.001907
0.002946
0.002227
0.002188
0.001828
0.003598
0.002077
0.002179
0.003177
0.003882
0.004143
0.003074
0.002382
0.002647
0.003250
0.001961
0.000689
0.001437
0.003093
0.002917
0.002687
0.002051
0.000623
0.001858
0.003329
0.004093
0.003182
0.002386
0.002990
0.001572
0.002984
0.002313
0.001779
0.001968
0.002581
0.000563
0.001790
0.002963
0.002535
0.002061
0.002239
0.002667
0.002079
0.003420
0.003543
0.002725
0.004967
0.000504
0.002883
0.003803
0.003118
0.003170
0.004675
0.001866
0.001848
0.003878
0.002266
0.003270
0.003769
0.004743
0.002570
0.003929
0.002247
0.000409
0.002334
0.003391
0.001522
0.003927
0.002343
0.000975
0.002196
0.001794
0.002720
0.001874
0.001809
0.002814
0.002227
0.001812
0.001817
0.001935
0.001475
0.003061
0.000544
0.002216
0.002381
0.003349
0.002360
0.002199
0.002781
0.002691
0.003591
0.002472
0.002076
0.002668
0.001301
0.001733
0.002612
0.002991
0.002228
0.001965
0.004169
0.002611
0.002321
0.002098
0.002739
0.002909
0.001227
0.002330
0.003294
0.001380
0.002043
0.001981
0.001044
0.003412
0.000913
0.000551
0.001737
0.004561
0.002612
0.000382
0.001546
0.002170
0.002581
0.002046
0.001739
0.003950
0.002590
0.001530
0.000658
0.002806
0.003688
0.002488
0.002524
0.003342
0.003116
0.005023
0.001350
0.002234
0.001405
