0.000851
0.000790
0.000756
0.000773
0.000782
0.000866
0.004265
0.000773
0.003502
0.002049
0.002653
0.003127
0.000854
0.000782
0.000984
0.001300
0.003218
0.001034
0.000771
0.000779
0.001367
0.000801
0.001295
0.000786
0.001287
0.000820
0.000782
0.000825
0.001464
0.000802
0.000756
0.002061
0.000814
0.000848
0.001799
0.000820
0.000858
0.000843
0.002260
0.001285
0.000776
0.001911
0.001728
0.000781
0.001647
0.000815
0.003436
0.000780
0.000785
0.002814
0.000788
0.001500
0.000816
0.000826
0.000923
0.002775
0.002794
0.000811
0.000860
0.000834
0.004169
0.000805
0.002681
0.000778
0.002876
0.000760
0.000807
0.000847
0.001971
0.000756
0.000816
0.000773
0.005203
0.000806
0.001816
0.002627
0.000861
0.002493
0.000831
0.001859
0.005102
0.000852
0.001699
0.002864
0.001017
0.000820
0.000836
0.002442
0.000764
0.000829
0.000838
0.000978
0.001191
0.003543
0.000802
0.001917
0.000746
0.000795
0.000812
0.000985
0.000789
0.000801
0.000845
0.000759
0.000813
0.000844
0.000793
0.001567
0.000792
0.003472
0.000790
0.003035
0.000828
0.000819
0.000789
0.000787
0.002784
0.000760
0.002448
0.000789
0.000845
0.000999
0.001423
0.003711
0.000788
0.000801
0.000803
0.000813
0.000758
0.000790
0.001910
0.000831
0.000834
0.000794
0.000796
0.000754
0.000820
0.000856
0.000781
0.000769
0.001768
0.000777
0.000859
0.000844
0.000803
0.003293
0.001372
0.000782
0.002898
0.000757
0.000876
0.000812
0.001246
0.001376
0.003516
0.000786
0.000892
0.000782
0.000793
0.000863
0.000812
0.000813
0.000758
0.000809
0.000814
0.002290
0.000847
0.000797
0.000771
0.000760
0.000788
0.000784
0.000811
0.000819
0.000811
0.002275
0.000799
0.000805
0.000832
0.000927
0.000905
0.000804
0.002352
0.000778
0.000911
0.002229
0.000745
0.003069
0.000823
0.000801
0.000769
0.002194
0.000831
0.000944
0.000812
0.000829
0.000752
0.000776
0.002634
0.000768
0.001301
0.001505
0.000823
0.000867
0.000926
0.000906
0.000836
0.000789
0.000791
0.000784
0.003319
0.002859
0.000783
0.005813
0.000825
0.006933
0.000758
0.001167
0.000798
0.000797
0.000790
0.000813
0.000790
0.000856
0.001549
0.005525
0.000803
0.000813
0.001477
0.000873
0.000771
0.002746
0.000847
0.000837
0.000812
0.000792
0.000829
0.000778
0.000754
0.002259
0.003008
0.000835
0.003625
0.002726
0.000755
0.000782
0.000791
0.001196
0.000804
0.000794
0.000768
0.001305
0.001793
0.003228
0.000801
0.001508
0.000803
0.000803
0.000781
0.001278
0.001299
0.003628
0.000775
0.000897
0.000820
0.001905
0.005638
0.000788
0.000792
0.001210
0.000811
0.001801
0.000801
0.002902
0.000861
0.002769
0.000800
0.003766
0.000837
0.002878
0.001368
0.000780
0.004582
0.001140
0.000777
0.002009
0.000835
0.000889
0.000789
0.003189
0.002313
0.003723
0.004750
0.000798
0.002024
0.000831
0.000817
0.000797
0.000794
0.005161
0.001633
0.000857
0.001238
0.000840
0.002505
0.000781
0.003651
0.000805
0.000783
0.000868
0.002024
0.000752
0.004249
0.003502
0.001325
0.000829
0.000826
0.000820
0.000825
0.000807
0.000801
0.000828
0.000811
0.000774
0.000818
0.000786
0.000788
0.000764
0.000840
0.000807
0.000801
0.003297
0.000846
0.000750
0.000801
0.000826
0.000847
0.000784
0.000777
0.003532
0.000792
0.001974
0.000871
0.000807
0.000903
0.000797
0.000873
0.001316
0.000876
0.000816
0.000782
0.004083
0.000805
0.000973
0.001258
0.000781
0.000827
0.000895
0.000750
0.000945
0.001298
0.002068
0.000824
0.002627
0.000772
0.002161
0.000793
0.000834
0.003200
0.000781
0.000789
0.000759
0.000787
0.000764
0.001169
0.000810
0.002592
0.003616
0.000787
0.003137
0.000941
0.002912
0.002859
0.000833
0.004550
0.000804
0.002568
0.000927
0.001423
0.000815
0.001582
0.002801
0.001030
0.000806
0.000775
0.000831
0.000802
0.000939
0.001619
0.000809
0.000824
0.004014
0.000800
0.002317
0.000789
0.000809
0.000851
0.002166
0.000790
0.000840
0.000795
0.000799
0.000801
0.001267
0.001388
0.000810
0.000855
0.000782
0.000790
0.000780
0.000796
0.000807
0.000778
0.000839
0.004113
0.002150
0.000845
0.000779
0.000813
0.001774
0.000794
0.000775
0.000806
0.000763
0.002991
0.001278
0.000836
0.006195
0.000790
0.003720
0.002194
0.000786
0.000814
0.000998
0.000787
0.000818
0.000819
0.000817
0.000792
0.000750
0.001724
0.000803
0.002402
0.000803
0.000807
0.000772
0.000786
0.004006
0.000799
0.000823
0.000783
0.000823
0.001951
0.002664
0.000796
0.000803
0.000780
0.000786
0.000790
0.000811
0.000792
0.001900
0.000932
0.000797
0.000822
0.003125
0.000773
0.000791
0.000799
0.004294
0.000851
0.000970
0.000803
0.000765
0.002214
0.000768
0.005755
0.000759
0.000771
0.000783
0.000784
0.000776
0.000827
0.002287
0.000788
0.000792
0.000787
0.002239
0.000811
0.000782
0.002142
0.000840
0.000781
0.003281
0.001734
0.000907
0.000820
0.000775
0.001333
0.000803
0.000770
0.002915
0.000815
0.000742
0.004515
0.000820
0.000799
0.000823
0.000827
0.000876
0.000781
0.000864
0.000830
0.000829
0.000742
0.000769
0.000770
0.000780
0.003521
0.000767
0.000819
0.001643
0.002328
0.002094
0.000790
0.003121
0.000800
0.000770
0.000773
0.000860
0.000756
0.000802
0.000792
0.000807
0.001894
0.002375
0.000829
0.000793
0.000781
0.000782
0.000850
0.002245
0.000816
0.002713
0.000750
0.001845
0.000771
0.000793
0.002385
0.001215
0.000751
0.003067
0.003416
0.000788
0.000796
0.000852
0.003390
0.002831
0.000779
0.002070
0.000794
0.004249
0.000842
0.003148
0.000758
0.000838
0.003652
0.001939
0.000806
0.002473
0.000781
0.002859
0.000776
0.000786
0.000827
0.000786
0.000853
0.002600
0.000754
0.002114
0.000848
0.002363
0.000761
0.002133
0.000826
0.000810
0.003480
0.000822
0.000776
0.001729
0.000809
0.002148
0.000803
0.000769
0.000770
0.000864
0.002282
0.000806
0.000852
0.000784
0.000782
0.000792
0.000805
0.000749
0.002823
0.000784
0.000779
0.000796
0.000808
0.000801
0.000831
0.001618
0.001433
0.000833
0.000869
0.002016
0.000787
0.000788
0.000779
0.002414
0.001207
0.000780
0.000792
0.001195
0.000796
0.002509
0.000793
0.000783
0.000882
0.000800
0.001772
0.000787
0.000791
0.001614
0.000787
0.002195
0.000756
0.001694
0.003037
0.000808
0.000791
0.000828
0.001445
0.000784
0.000766
0.000797
0.002486
0.000779
0.000863
0.000814
0.000938
0.000824
0.000832
0.000807
0.002274
0.000828
0.001614
0.000759
0.000833
0.000803
0.000817
0.000754
0.001396
0.000821
0.001223
0.000775
0.000823
0.002656
0.002219
0.003259
0.003547
0.000869
0.002156
0.003496
0.000783
0.002652
0.000810
0.000766
0.000811
0.000830
0.000780
0.000798
0.003638
0.000791
0.002261
0.004124
0.000786
0.001969
0.002122
0.000792
0.000787
0.000786
0.002146
0.003008
0.001657
0.000781
0.000775
0.000838
0.000816
0.000773
0.000791
0.001221
0.000811
0.000795
0.001428
0.000795
0.001376
0.001398
0.002955
0.002443
0.000794
0.000818
0.000823
0.000800
0.003927
0.002431
0.000745
0.000829
0.000740
0.000808
0.000736
0.000825
0.000800
0.000841
0.000755
0.004792
0.000787
0.003377
0.003510
0.000770
0.000839
0.000744
0.000778
0.000793
0.001653
0.000774
0.000791
0.001400
0.001754
0.000774
0.001686
0.003538
0.000861
0.000781
0.000847
0.001693
0.000792
0.000846
0.000846
0.000783
0.000867
0.003586
0.000790
0.002138
0.000796
0.000746
0.000890
0.000800
0.001366
0.001263
0.000765
0.002728
0.000835
0.000791
0.000830
0.000769
0.000802
0.001375
0.000815
0.000821
0.000763
0.002338
0.003665
0.000753
0.003651
0.002516
0.000818
0.002343
0.000815
0.001485
0.004703
0.001312
0.002060
0.000786
0.001790
0.000792
0.000828
0.000836
0.000795
0.001920
0.002504
0.001927
0.000761
0.001726
0.000865
0.000748
0.000788
0.000848
0.000813
0.000780
0.000796
0.000791
0.000786
0.000815
0.000801
0.000932
0.000817
0.000781
0.002316
0.000777
0.000830
0.000840
0.001010
0.000929
0.002490
0.000773
0.000788
0.001169
0.000787
0.002548
0.000789
0.000809
0.000803
0.000786
0.000786
0.000791
0.001218
0.000779
0.000790
0.000981
0.000806
0.002328
0.000790
0.000915
0.000784
0.000859
0.004680
0.000789
0.002287
0.003879
0.002349
0.001119
0.002523
0.000782
0.003294
0.000834
0.000831
0.001180
0.000785
0.002223
0.002229
0.000788
0.000775
0.000816
0.000861
0.000764
0.000849
0.004474
0.000763
0.002294
0.001336
0.000756
0.000784
0.000773
0.002045
0.002322
0.001672
0.000822
0.000830
0.000860
0.000852
0.000773
0.000750
0.000806
0.000803
0.001698
0.000797
0.000769
0.000823
0.001218
0.004218
0.000801
0.000806
0.000788
0.003004
0.000762
0.000780
0.000832
0.000792
0.000790
0.000784
0.001684
0.001576
0.000781
0.000807
0.001175
0.000820
0.002036
0.000860
0.000773
0.004367
0.000803
0.000774
0.000791
0.000777
0.000800
0.000822
0.000746
0.000816
0.000838
0.000823
0.000783
0.000789
0.001482
0.004302
0.000805
0.002053
0.000790
0.002416
0.001150
0.000900
0.000890
0.003364
0.000794
0.000785
0.000800
0.000809
0.000794
0.000821
0.003801
0.000780
0.003945
0.000842
0.001625
0.003277
0.001074
0.000810
0.000821
0.002269
0.002309
0.000753
0.002264
0.000993
0.000849
0.000755
0.000859
0.000801
0.000812
0.000846
0.000838
0.000751
0.000801
0.000782
0.000819
0.000812
0.000811
0.000787
0.000797
0.000819
0.000796
0.000841
0.004660
0.000803
0.001827
0.002849
0.000942
0.000880
0.000773
0.003414
0.000830
0.002791
0.000863
0.000822
0.000784
0.000755
0.002490
0.000852
0.003355
0.002118
0.000824
0.000791
0.002809
0.000805
0.002006
0.000826
0.003817
0.000841
0.002658
0.001618
0.000787
