0.001642
0.001897
0.001688
0.001656
0.001802
0.001613
0.001945
0.001689
0.001570
0.001537
0.001658
0.001808
0.001614
0.001638
0.001454
0.001591
0.001805
0.001703
0.001613
0.001586
0.001551
0.001800
0.001571
0.001546
0.001523
0.001535
0.001906
0.001455
0.001566
0.001715
0.001616
0.001604
0.001697
0.001578
0.001588
0.001730
0.001688
0.001380
0.001959
0.001737
0.001677
0.001542
0.001719
0.001724
0.001800
0.001544
0.001884
0.001571
0.001532
0.001852
0.002972
0.001951
0.001766
0.001650
0.001554
0.001603
0.001626
0.001679
0.001616
0.002109
0.001579
0.001783
0.001570
0.001295
0.001503
0.001322
0.001611
0.001681
0.001802
0.001415
0.001314
0.001782
0.001677
0.001813
0.001559
0.001586
0.001644
0.001836
0.001521
0.001659
0.001616
0.001670
0.001413
0.001682
0.001843
0.001619
0.001816
0.001839
0.001787
0.001888
0.001858
0.001794
0.001539
0.001871
0.001304
0.001620
0.001371
0.001634
0.001671
0.001744
0.001413
0.001702
0.001464
0.001821
0.001680
0.001789
0.001820
0.001537
0.001613
0.001756
0.001825
0.001725
0.001182
0.001530
0.001604
0.001802
0.001893
0.001568
0.001697
0.002330
0.002000
0.001680
0.001542
0.001615
0.001517
0.001444
0.001640
0.001540
0.001801
0.001973
0.001461
0.001617
0.001413
0.002003
0.001709
0.001620
0.001782
0.001516
0.001481
0.001823
0.001672
0.001785
0.001492
0.001599
0.001906
0.002017
0.001796
0.001500
0.001581
0.001792
0.001380
0.001935
0.001697
0.001645
0.001604
0.001533
0.001743
0.001647
0.001613
0.001448
0.001660
0.001633
0.001812
0.001976
0.001968
0.001494
0.001918
0.001871
0.001692
0.001678
0.001839
0.001596
0.001436
0.001817
0.001600
0.001598
0.001657
0.001387
0.001740
0.001425
0.001750
0.001449
0.001713
0.001610
0.001484
0.001572
0.001636
0.001808
0.001879
0.001881
0.001677
0.001619
0.002154
0.001534
0.001486
0.001678
0.001836
0.001586
0.001596
0.001722
0.001601
0.001494
0.001612
0.001568
0.001617
0.001808
0.002032
0.001642
0.001653
0.001571
0.001620
0.001494
0.001987
0.001498
0.001880
0.001628
0.001687
0.001839
0.001639
0.001534
0.001707
0.001538
0.002181
0.001513
0.001523
0.001906
0.001775
0.001641
0.001766
0.001398
0.001706
0.001984
0.001559
0.001626
0.001710
0.001691
0.001687
0.001865
0.001954
0.001653
0.001807
0.002117
0.001871
0.001681
0.001848
0.001656
0.001751
0.001719
0.001499
0.001510
0.001922
0.001584
0.001482
0.001847
0.001850
0.002037
0.001544
0.001508
0.002124
0.001295
0.001692
0.001542
0.001846
0.002010
0.001638
0.001947
0.001763
0.001481
0.001748
0.001723
0.001726
0.002128
0.001903
0.001687
0.001572
0.001359
0.001478
0.001859
0.001679
0.001742
0.001675
0.001813
0.001624
0.001730
0.001750
0.001769
0.001598
0.001798
0.001845
0.001603
0.001980
0.001763
0.001769
0.001830
0.001541
0.001675
0.001697
0.001494
0.001742
0.001588
0.001768
0.001593
0.001921
0.001541
0.001691
0.001853
0.001567
0.001699
0.001707
0.001591
0.001870
0.001703
0.001811
0.001498
0.001513
0.001356
0.001593
0.001781
0.001712
0.001493
0.001677
0.001482
0.001699
0.002811
0.001718
0.001617
0.001499
0.001880
0.001583
0.001539
0.001894
0.001698
0.001954
0.001303
0.001695
0.001597
0.001626
0.001486
0.001454
0.001847
0.001527
0.001678
0.001755
0.001693
0.001712
0.001564
0.001430
0.001490
0.001569
0.001523
0.001281
0.001617
0.001764
0.001478
0.001852
0.002230
0.001586
0.001457
0.001584
0.001564
0.001741
0.001561
0.001540
0.001372
0.001563
0.001708
0.002046
0.001523
0.001591
0.002033
0.001640
0.001729
0.001831
0.001448
0.001934
0.001603
0.001663
0.001622
0.001681
0.001611
0.001526
0.002040
0.001725
0.001645
0.001597
0.001519
0.001780
0.001565
0.001585
0.001639
0.001560
0.001518
0.001879
0.001587
0.002044
0.001203
0.001929
0.001510
0.001694
0.001711
0.001636
0.001538
0.001629
0.001690
0.001630
0.001954
0.001765
0.001578
0.001728
0.001624
0.001860
0.001697
0.001951
0.001579
0.001647
0.001759
0.001657
0.001641
0.001623
0.001982
0.001663
0.001777
0.001614
0.001579
0.001569
0.001619
0.001465
0.001525
0.001534
0.001692
0.001718
0.001589
0.001831
0.001534
0.001577
0.001632
0.001476
0.001483
0.001292
0.001638
0.001560
0.001207
0.001644
0.001665
0.001577
0.001507
0.001961
0.001531
0.001838
0.001544
0.001805
0.002212
0.002285
0.002519
0.001798
0.001850
0.001759
0.002044
0.001937
0.002052
0.002359
0.001885
0.001974
0.002152
0.002199
0.002351
0.001959
0.001780
0.001912
0.001862
0.002015
0.001869
0.001860
0.001549
0.001888
0.001677
0.001981
0.002169
0.002110
0.001994
0.001850
0.002087
0.002055
0.001925
0.002132
0.002016
0.002241
0.002603
0.002115
0.002033
0.002241
0.002071
0.002114
0.002114
0.002510
0.002772
0.001949
0.002115
0.002702
0.001941
0.002067
0.001836
0.001966
0.002047
0.001893
0.001880
0.002067
0.002046
0.001882
0.001875
0.001969
0.002161
0.001737
0.001959
0.002077
0.001934
0.001978
0.001603
0.001965
0.001876
0.001770
0.002155
0.002040
0.002024
0.002076
0.002670
0.002210
0.002095
0.001878
0.002103
0.002267
0.001913
0.001897
0.001996
0.001800
0.001913
0.001859
0.001904
0.001932
0.002214
0.001582
0.002203
0.001703
0.001864
0.002035
0.001969
0.001896
0.002052
0.001851
0.001985
0.002168
0.001921
0.001917
0.001937
0.001897
0.001931
0.001876
0.001935
0.002185
0.001746
0.002218
0.002047
0.001951
0.002216
0.001854
0.002125
0.001891
0.001920
0.002104
0.001973
0.002039
0.001796
0.001809
0.001578
0.001825
0.001918
0.001705
0.001889
0.002102
0.002154
0.001847
0.002062
0.001905
0.001901
0.001823
0.002203
0.001795
0.002062
0.001858
0.002012
0.001752
0.002657
0.002278
0.001992
0.002005
0.002030
0.002301
0.002056
0.001892
0.001925
0.001898
0.001979
0.001985
0.001955
0.001873
0.001879
0.001903
0.001904
0.002181
0.001867
0.002225
0.001879
0.001943
0.001898
0.002079
0.002015
0.001873
0.001931
0.001951
0.002430
0.001713
0.001997
0.002013
0.002069
0.001858
0.001947
0.002060
0.002019
0.001807
0.002138
0.001838
0.001971
0.002297
0.002274
0.002268
0.001936
0.001931
0.002044
0.002026
0.001609
0.001929
0.002063
0.001943
0.001907
0.001832
0.001903
0.001856
0.002323
0.001961
0.001923
0.001931
0.002845
0.002240
0.001940
0.002118
0.002354
0.002362
0.001846
0.002060
0.002120
0.001879
0.002051
0.002197
0.002729
0.001861
0.002346
0.001687
0.002325
0.002484
0.001993
0.001945
0.002028
0.001880
0.001918
0.002113
0.001902
0.002106
0.002169
0.001788
0.001861
0.001851
0.002322
0.001933
0.001919
0.001873
0.002010
0.001823
0.002039
0.001979
0.001827
0.001848
0.002087
0.001934
0.002186
0.002369
0.002146
0.001971
0.002291
0.002339
0.002113
0.002051
0.002062
0.001923
0.002048
0.001982
0.001969
0.002075
0.002175
0.002194
0.001918
0.001899
0.001841
0.001811
0.001884
0.002430
0.002011
0.002168
0.001981
0.002170
0.001886
0.002277
0.002510
0.002143
0.001706
0.001841
0.001902
0.001987
0.002001
0.002069
0.002047
0.002118
0.002135
0.001915
0.002016
0.002059
0.002298
0.002115
0.002001
0.002108
0.002238
0.001871
0.001816
0.001882
0.001975
0.001827
0.001858
0.002272
0.002062
0.002014
0.002221
0.002032
0.002052
0.001995
0.002058
0.002031
0.001909
0.001693
0.002030
0.002045
0.002231
0.001940
0.002278
0.001922
0.002043
0.001682
0.002026
0.001942
0.002036
0.001957
0.001837
0.001928
0.001830
0.002170
0.001842
0.001851
0.002034
0.001875
0.001751
0.002042
0.002035
0.001840
0.002016
0.001862
0.002398
0.001882
0.001981
0.001987
0.001991
0.002310
0.002223
0.001799
0.001996
0.001809
0.001979
0.001986
0.001892
0.002185
0.001948
0.001769
0.001995
0.002240
0.001840
0.002192
0.002334
0.002313
0.001804
0.002055
0.002140
0.002093
0.001903
0.002104
0.001833
0.002620
0.001977
0.002026
0.001769
0.001972
0.002100
0.002164
0.001976
0.002640
0.001956
0.001780
0.001954
0.001808
0.002441
0.001863
0.001850
0.002580
0.001641
0.002051
0.002178
0.002271
0.002289
0.001564
0.002240
0.001866
0.001962
0.001943
0.001939
0.002011
0.002001
0.001825
0.001948
0.001939
0.002089
0.002124
0.001961
0.001928
0.002051
0.001957
0.001801
0.002070
0.002129
0.002414
0.001969
0.002010
0.002094
0.002126
0.002126
0.002020
0.002109
0.002031
0.002034
0.001943
0.002196
0.001873
0.001827
0.002046
0.001809
0.001889
0.001883
0.001960
0.001980
0.002024
0.001983
0.001769
0.001848
0.002127
0.001862
0.001915
0.001836
0.001876
0.001868
0.001989
0.002304
0.002314
0.002022
0.001962
0.002003
0.001962
0.001724
0.001974
0.001732
0.001785
0.001791
0.001987
0.001966
0.002003
0.001789
0.001964
0.002267
0.001925
0.001745
0.002016
0.001773
0.001839
0.002031
0.001900
0.001882
0.002129
0.002074
0.002364
0.002027
0.001544
0.002071
0.001868
0.002233
0.002272
0.002168
0.001832
0.002008
0.001592
0.002257
0.002498
0.001909
0.002108
0.002148
0.001993
0.001887
0.001997
0.002002
0.001900
0.002081
0.002083
0.002299
0.002184
0.001932
0.001894
0.001850
0.001467
0.001839
0.002218
0.001888
0.001458
0.002022
0.002064
0.001989
0.001875
0.002868
0.001904
0.001802
0.001974
0.002078
0.002035
0.002273
0.001907
0.001997
0.002276
0.002233
0.001946
0.001815
0.001672
0.001938
0.002321
0.002179
0.002795
0.002408
0.001931
0.002024
0.002180
0.002418
0.001828
0.002308
0.001830
0.002012
0.001803
0.002287
0.001862
0.001998
0.002364
0.002415
0.001778
0.001893
0.002315
0.002115
0.001959
0.001882
0.001879
0.002187
0.002283
0.002265
0.001929
0.001912
0.002104
0.002242
0.002326
0.002353
0.002096
0.001979
