0.000566
0.000641
0.002060
0.001402
0.000509
0.000832
0.001075
0.000517
0.000588
0.001740
0.000516
0.001540
0.000572
0.000559
0.000964
0.000583
0.002898
0.000574
0.000595
0.003189
0.000508
0.000756
0.000525
0.000969
0.000712
0.000705
0.002786
0.006046
0.001984
0.000899
0.000547
0.000748
0.000584
0.000762
0.000949
0.000588
0.002590
0.000570
0.000703
0.000559
0.000514
0.002002
0.000858
0.000678
0.000904
0.001587
0.000612
0.000837
0.002219
0.001040
0.002084
0.000626
0.001268
0.000547
0.001415
0.002354
0.000554
0.000699
0.000618
0.002719
0.000593
0.000556
0.000732
0.003129
0.000870
0.000630
0.001962
0.001149
0.000721
0.001672
0.000516
0.001031
0.000534
0.000776
0.000641
0.003378
0.000643
0.000840
0.000540
0.002174
0.000579
0.002085
0.000603
0.001620
0.000855
0.000546
0.000523
0.000863
0.000632
0.001329
0.003531
0.004097
0.000623
0.001001
0.000578
0.001819
0.003602
0.001316
0.004426
0.000545
