0.001285
0.002016
0.002011
0.001454
0.001325
0.001361
0.001596
0.001947
0.002164
0.001734
0.001427
0.001913
0.001556
0.002073
0.001361
0.002005
0.001699
0.001519
0.001909
0.002058
0.001488
0.001594
0.001286
0.001893
0.001669
0.001155
0.001573
0.001702
0.002198
0.001569
0.001465
0.001573
0.001626
0.001503
0.001701
0.001789
0.001765
0.001793
0.001844
0.001944
0.001577
0.001954
0.001516
0.001840
0.002425
0.001691
0.002061
0.001560
0.002142
0.003142
0.002680
0.001717
0.003592
0.002506
0.002468
0.001912
0.001744
0.001955
0.002224
0.001578
0.001683
0.001893
0.002074
0.002126
0.001903
0.002064
0.001695
0.002174
0.001619
0.002145
0.002539
0.002402
0.001786
0.001719
0.001969
0.002097
0.001628
0.001951
0.001884
0.002240
0.001949
0.002476
0.002063
0.001840
0.001996
0.001949
0.001715
0.001538
0.001668
0.002312
0.002048
0.002212
0.002071
0.002428
0.002373
0.001851
0.002269
0.002996
0.001533
0.001952
0.001650
0.001380
0.001909
0.002237
0.002132
0.002036
0.001915
0.001940
0.001687
0.001973
0.002049
0.002092
0.002137
0.001463
0.001882
0.002266
0.002263
0.002144
0.002343
0.002549
0.001608
0.001625
0.002571
0.002383
0.001883
0.002092
0.001409
0.001527
0.002518
0.002248
0.002203
0.002089
0.002065
0.001772
0.001580
0.001912
0.002231
0.002485
0.001556
0.001839
0.002018
0.002438
0.001675
0.001886
0.001667
0.001833
0.001680
0.002178
0.001977
0.001635
0.002363
0.001749
0.001780
0.002088
0.002526
0.001389
0.002115
0.001981
0.002255
0.001626
0.002573
0.002313
0.002281
0.002327
0.002067
0.001916
0.003134
0.002463
0.002266
0.002457
0.001730
0.002038
0.001644
0.001945
0.002230
0.001992
0.002137
0.002005
0.001518
0.001600
0.002018
0.002521
0.002031
0.001567
0.002377
0.002361
0.002360
0.002285
0.002080
0.002047
0.002227
0.001874
0.002124
0.001990
0.001540
0.001841
0.001942
0.002074
0.002367
0.001526
0.002451
0.002302
0.001899
0.002448
0.002403
0.002246
0.001950
0.001546
0.003366
0.003420
0.002467
0.002352
0.002242
0.001894
0.002331
0.001885
0.002248
0.002381
0.002072
0.002286
0.001943
0.002088
0.002360
0.001805
0.002192
0.001667
0.002309
0.002338
0.001922
0.002468
0.001757
0.002956
0.002226
0.002507
0.001748
0.002168
0.002241
0.002336
0.001801
0.001727
0.001952
0.002519
0.001833
0.002286
0.001906
0.001879
0.002036
0.001822
0.002291
0.001930
0.001754
0.002538
0.002380
0.002711
0.001788
0.002025
0.001893
0.002079
0.002198
0.002077
0.001951
0.001907
0.002129
0.002026
0.002184
0.002383
0.002423
0.002098
0.002343
0.002258
0.002427
0.002049
0.001913
0.002292
0.002336
0.002136
0.001478
0.001393
0.002294
0.002133
0.001841
0.001592
0.002348
0.002089
0.002022
0.002277
0.002362
0.002036
0.002073
0.002157
0.001504
0.001984
0.001845
0.002467
0.002297
0.002240
0.001924
0.001838
0.001589
0.002316
0.001879
0.001502
0.002192
0.002416
0.002180
0.002056
0.001759
0.001962
0.002598
0.002137
0.002176
0.001883
0.001617
0.001464
0.002403
0.002348
0.002040
0.002176
0.002078
0.002270
0.001611
0.002425
0.001667
0.002264
0.001567
0.001466
0.003123
0.001908
0.001903
0.002092
0.002059
0.002363
0.002328
0.001805
0.002154
0.001687
0.002315
0.002393
0.001463
0.002314
0.001718
0.002294
0.002419
0.002367
0.001811
0.002187
0.002405
0.001583
0.002153
0.001705
0.001739
0.002307
0.001899
0.001871
0.001865
0.002020
0.002465
0.002299
0.002240
0.002272
0.001990
0.002081
0.001733
0.002217
0.001494
0.001962
0.001854
0.002186
0.002529
0.002451
0.001868
0.002248
0.002039
0.002383
0.001877
0.001689
0.002280
0.001719
0.001865
0.002075
0.001444
0.002367
0.001943
0.001504
0.001957
0.002094
0.001799
0.001304
0.002245
0.001680
0.001572
0.002031
0.002078
0.002438
0.001915
0.002448
0.002220
0.002075
0.001693
0.002058
0.001946
0.001660
0.001939
0.002459
0.001819
0.002254
0.002217
0.001954
0.002392
0.001907
0.001990
0.002343
0.001821
0.002257
0.002638
0.001834
0.002310
0.001788
0.001511
0.001907
0.002061
0.001750
0.001619
0.002241
0.002018
0.001465
0.002135
0.002191
0.002054
0.001682
0.001592
0.002899
0.002152
0.001632
0.002237
0.002422
0.001632
0.001988
0.002048
0.002301
0.001618
0.002236
0.001569
0.001838
0.001977
0.002157
0.002343
0.002181
0.002266
0.002634
0.002365
0.002183
0.002310
0.001837
0.002437
0.001908
0.002112
0.001933
0.002428
0.002054
0.002288
0.002336
0.002038
0.001680
0.001985
0.002440
0.001966
0.001587
0.002207
0.002469
0.002024
0.001900
0.002168
0.001433
0.002267
0.001596
0.001931
0.002096
0.002328
0.002027
0.002450
0.001721
0.001703
0.001611
0.002610
0.001974
0.002381
0.002385
0.002348
0.002430
0.001654
0.001635
0.002334
0.001901
0.001810
0.001951
0.001942
0.002180
0.002373
0.002086
0.002430
0.002252
0.001875
0.001792
0.002098
0.002184
0.002190
0.001773
0.002320
0.002156
0.001932
0.002159
0.002451
0.002138
0.001803
0.002121
0.002353
0.002336
0.001773
0.001983
0.002061
0.001848
0.001686
0.002447
0.001884
0.001947
0.002345
0.002072
0.002028
0.002110
0.002133
0.002039
0.001835
0.002335
0.001996
0.001940
0.002005
0.001774
0.001995
0.001876
0.001983
0.001589
0.001588
0.001478
0.001720
0.001956
0.002366
0.001622
0.002141
0.002278
0.002114
0.002049
0.002359
0.001908
0.002462
0.002336
0.002357
0.001463
0.001945
0.002124
0.002329
0.002061
0.002373
0.001839
0.002229
0.001496
0.001884
0.001506
0.002312
0.002043
0.002445
0.001437
0.002134
0.002673
0.002007
0.002398
0.001570
0.001676
0.002309
0.001698
0.002157
0.001891
0.001910
0.001703
0.001717
0.002321
0.001981
0.001673
0.001814
0.002258
0.002331
0.001653
0.001651
0.002319
0.001845
0.002480
0.002130
0.001366
0.001974
0.002088
0.002080
0.002022
0.001848
0.001666
0.001957
0.001969
0.002096
0.002389
0.002165
0.002295
0.002194
0.002234
0.002608
0.001895
0.001559
0.003015
0.001452
0.002465
0.002197
0.001991
0.002032
0.001983
0.002456
0.002173
0.002436
0.001831
0.001885
0.002204
0.002445
0.002182
0.002413
0.002845
0.002307
0.002460
0.001958
0.002826
0.002193
0.002310
0.002234
0.001810
0.002284
0.002335
0.002497
0.002081
0.002066
0.001762
0.002005
0.002482
0.002387
0.002096
0.002283
0.002483
0.002568
0.002456
0.002947
0.002490
0.001614
0.002196
0.002103
0.001691
0.002367
0.002594
0.001885
0.002007
0.001498
0.002073
0.001783
0.002440
0.002241
0.001982
0.001967
0.002132
0.001678
0.002260
0.001821
0.002068
0.001600
0.002232
0.001913
0.001981
0.002110
0.002087
0.002206
0.002188
0.001638
0.002173
0.002120
0.001686
0.001866
0.002526
0.002486
0.001992
0.001538
0.002400
0.001759
0.002021
0.002406
0.002058
0.002442
0.002366
0.001990
0.002397
0.001736
0.002430
0.001736
0.001820
0.002006
0.002011
0.002219
0.001916
0.002339
0.002432
0.002090
0.002555
0.002017
0.002371
0.001660
0.001841
0.002237
0.002354
0.002180
0.002076
0.001906
0.002288
0.002369
0.002273
0.001854
0.001948
0.002072
0.001758
0.001695
0.001834
0.002048
0.002313
0.002290
0.002184
0.002084
0.001815
0.001575
0.002047
0.001709
0.002333
0.002116
0.002047
0.002194
0.002104
0.001898
0.001863
0.002219
0.002410
0.002039
0.002183
0.001933
0.001967
0.002432
0.001854
0.001840
0.002442
0.002058
0.002387
0.001737
0.002006
0.001961
0.002142
0.001927
0.002133
0.001467
0.001942
0.002277
0.002164
0.002020
0.001694
0.002029
0.001762
0.001639
0.002095
0.002013
0.002145
0.002020
0.002221
0.002155
0.002210
0.002044
0.002117
0.002334
0.001754
0.002148
0.002492
0.001744
0.002208
0.001427
0.001706
0.001959
0.001617
0.001769
0.001891
0.002061
0.002515
0.002248
0.002033
0.002051
0.002189
0.001453
0.002341
0.002058
0.002367
0.001750
0.002318
0.001369
0.001861
0.001972
0.002046
0.002294
0.002456
0.002219
0.001924
0.001809
0.002073
0.002282
0.001696
0.002341
0.002134
0.001742
0.002528
0.002187
0.001709
0.002322
0.001724
0.001938
0.001914
0.001401
0.001991
0.001877
0.001578
0.002494
0.002351
0.002381
0.001601
0.002385
0.002134
0.002181
0.002053
0.001911
0.001959
0.001988
0.002269
0.002073
0.001971
0.001678
0.001585
0.001545
0.002503
0.002269
0.001952
0.002230
0.001750
0.001772
0.002351
0.002378
0.001718
0.002159
0.002254
0.002422
0.002192
0.001936
0.002201
0.002376
0.001923
0.001745
0.002069
0.002736
0.002265
0.001582
0.002305
0.002189
0.001915
0.001701
0.001617
0.002614
0.001743
0.002380
0.001839
0.002471
0.001458
0.002118
0.002164
0.001517
0.001654
0.001925
0.002394
0.001476
0.002423
0.002278
0.002096
0.001643
0.002455
0.002016
0.002213
0.001375
0.001430
0.001687
0.002221
0.002052
0.002048
0.001938
0.002193
0.002168
0.002103
0.002257
0.002137
0.002147
0.002071
0.002152
0.001767
0.001861
0.002050
0.001974
0.002177
0.002595
0.001973
0.001924
0.002245
0.002135
0.002431
0.002439
0.002455
0.001580
0.002224
0.001728
0.002395
0.002353
0.002056
0.001492
0.002284
0.001874
0.002288
0.002385
0.002029
0.001709
0.002336
0.001811
0.001509
0.001541
0.002483
0.002461
0.002243
0.001860
0.002293
0.002040
0.002886
0.001683
0.001698
0.002362
0.002079
0.001733
0.001969
0.002113
0.001753
0.002122
0.002484
0.002389
0.002248
0.002099
0.002053
0.002067
0.002198
0.001861
0.001843
0.001567
0.002437
0.002329
0.001435
0.002519
0.001642
0.002194
0.002325
0.002060
0.001667
0.002417
0.002098
0.001815
0.001828
0.002941
0.001927
0.001661
0.001980
0.002001
0.001860
0.002455
0.002226
0.002512
0.002336
0.002006
0.002164
0.001530
0.001989
0.002172
0.001894
0.002350
0.001912
