0.002235
0.001979
0.002167
0.001881
0.001953
0.001626
0.002112
0.001950
0.001599
0.002127
0.002019
0.001950
0.001710
0.001976
0.002177
0.001521
0.002059
0.002047
0.002060
0.001934
0.002085
0.002116
0.001895
0.002066
0.002060
0.001852
0.002145
0.002074
0.002323
0.001675
0.002395
0.001634
0.002214
0.002006
0.001527
0.001869
0.001925
0.002082
0.001867
0.002160
0.002063
0.002034
0.002314
0.002127
0.001855
0.002050
0.002159
0.001859
0.002079
0.001936
0.002021
0.001998
0.002203
0.001972
0.002157
0.001847
0.002156
0.001851
0.001861
0.001892
0.001932
0.001712
0.002030
0.001655
0.001939
0.001958
0.001891
0.002036
0.002123
0.001987
0.002687
0.002039
0.002241
0.002057
0.002030
0.001943
0.002139
0.002326
0.002411
0.002346
0.001907
0.001729
0.001904
0.002118
0.001978
0.002039
0.002011
0.002063
0.002056
0.001818
0.002069
0.002040
0.001733
0.001919
0.001765
0.001999
0.001811
0.002008
0.001690
0.001943
0.001947
0.002078
0.002066
0.001920
0.002124
0.001511
0.002010
0.001638
0.001962
0.002164
0.001989
0.001964
0.002287
0.002111
0.001744
0.002094
0.002217
0.002082
0.002051
0.002207
0.001948
0.002268
0.002086
0.001953
0.001935
0.001815
0.001848
0.001827
0.001993
0.001910
0.002092
0.002095
0.002107
0.002337
0.002297
0.002010
0.002047
0.001780
0.001989
0.002083
0.001959
0.001603
0.002034
0.001589
0.001925
0.001837
0.002056
0.001810
0.002096
0.001924
0.002209
0.001966
0.001925
0.002051
0.002062
0.002081
0.001892
0.001460
0.002263
0.002120
0.001965
0.002082
0.001877
0.001961
0.002245
0.002247
0.002027
0.001935
0.001921
0.002301
0.002049
0.001909
0.001984
0.001939
0.001776
0.001931
0.001857
0.001868
0.001936
0.001900
0.002226
0.001968
0.002134
0.001909
0.002095
0.002182
0.002476
0.002170
0.002229
0.002058
0.002282
0.002147
0.002030
0.001864
0.002034
0.002239
0.002303
0.001491
0.002272
0.001965
0.001766
0.001762
0.002105
0.001912
0.001931
0.002693
0.002076
0.001910
0.001946
0.002048
0.001812
0.002132
0.002292
0.001938
0.001883
0.002420
0.002601
0.001924
0.001892
0.002091
0.002046
0.002169
0.001960
0.002446
0.001638
0.002099
0.001980
0.001667
0.002182
0.001942
0.001828
0.001585
0.002062
0.002038
0.001817
0.002272
0.001892
0.002041
0.002171
0.001993
0.002175
0.001822
0.001813
0.002195
0.001964
0.002106
0.002110
0.001550
0.002115
0.002202
0.001975
0.002086
0.002126
0.002119
0.002303
0.002376
0.002273
0.002036
0.001671
0.001924
0.002414
0.001781
0.002091
0.002220
0.001647
0.001715
0.001936
0.002081
0.002114
0.002096
0.001872
0.002123
0.001675
0.001650
0.001952
0.003200
0.002383
0.001544
0.001638
0.001891
0.002300
0.002132
0.001604
0.001733
0.002239
0.001999
0.001939
0.001658
0.001872
0.002034
0.001925
0.002197
0.001612
0.001731
0.002087
0.002032
0.002189
0.002137
0.001958
0.002273
0.002201
0.002058
0.002116
0.001947
0.001959
0.001885
0.001624
0.001789
0.001640
0.001512
0.001800
0.001657
0.002111
0.001675
0.002206
0.001715
0.001953
0.002180
0.001737
0.002001
0.002255
0.002076
0.002148
0.002168
0.002162
0.002266
0.002205
0.002059
0.002099
0.002074
0.003140
0.001978
0.002079
0.002032
0.002013
0.002114
0.001492
0.002173
0.002141
0.002288
0.002111
0.002018
0.002034
0.001977
0.002128
0.002176
0.002072
0.001814
0.002118
0.002044
0.002486
0.002137
0.002220
0.001682
0.002190
0.002005
0.001868
0.002077
0.002236
0.002061
0.001940
0.001979
0.002033
0.002275
0.002165
0.001852
0.001969
0.002098
0.002131
0.001967
0.002216
0.002255
0.002160
0.002072
0.002129
0.001975
0.002005
0.002123
0.001980
0.002140
0.002018
0.001903
0.001828
0.002365
0.001977
0.001963
0.002030
0.002338
0.001784
0.001855
0.002040
0.001245
0.001912
0.002093
0.002340
0.001983
0.002024
0.002017
0.001877
0.001780
0.001958
0.001979
0.002076
0.002145
0.002080
0.001992
0.001936
0.002046
0.001695
0.001690
0.002003
0.002091
0.002023
0.001823
0.001895
0.002083
0.001565
0.002277
0.002258
0.001926
0.001987
0.002029
0.002128
0.002074
0.002101
0.001823
0.002060
0.001944
0.002043
0.002097
0.001971
0.001933
0.002130
0.001860
0.002105
0.001854
0.002227
0.001416
0.002163
0.002189
0.001895
0.001838
0.002308
0.002282
0.001664
0.002058
0.002203
0.001743
0.001627
0.002700
0.002067
0.001870
0.002198
0.002251
0.002006
0.001843
0.002127
0.002130
0.001982
0.002103
0.002033
0.001962
0.001920
0.002062
0.001992
0.002343
0.001965
0.002123
0.002016
0.002187
0.001906
0.001962
0.001846
0.002132
0.002387
0.002126
0.002101
0.001854
0.001802
0.001989
0.001772
0.002132
0.001726
0.001689
0.001853
0.001997
0.001862
0.002217
0.001763
0.001925
0.002302
0.002027
0.001459
0.002309
0.002171
0.002056
0.001935
0.002153
0.001901
0.002326
0.001764
0.001878
0.002609
0.002005
0.002429
0.001880
0.002087
0.001799
0.001722
0.002591
0.001986
0.002315
0.002103
0.002120
0.001846
0.001495
0.001796
0.002096
0.001880
0.002369
0.001957
0.002344
0.001836
0.002306
0.002116
0.002191
0.002074
0.002107
0.001983
0.002168
0.001873
0.003591
0.001920
0.002350
0.001776
0.002658
0.002059
0.002010
0.002220
0.001711
0.002113
0.001807
0.002151
0.002080
0.002040
0.002015
0.002231
0.002067
0.001909
0.002105
0.001968
0.002146
0.002093
0.001978
0.002846
0.001829
0.002383
0.001753
0.002165
0.001989
0.001874
0.002122
0.002117
0.001817
0.002079
0.001731
0.001729
0.002288
0.001832
0.001999
0.001548
0.001946
0.002094
0.002059
0.001967
0.001768
0.002138
0.002127
0.001773
0.002162
0.001929
0.002159
0.001867
0.002235
0.001944
0.002301
0.001837
0.001899
0.001539
0.002090
0.001984
0.001998
0.001895
0.001797
0.002193
0.001897
0.002186
0.001977
0.002133
0.002107
0.002131
0.002301
0.002074
0.002037
0.001777
0.002394
0.002161
0.002068
0.002130
0.002059
0.001927
0.001882
0.001976
0.002279
0.002157
0.001719
0.002158
0.002166
0.002157
0.001982
0.001938
0.002132
0.002187
0.001783
0.002027
0.002168
0.001895
0.002205
0.002149
0.001596
0.001965
0.002035
0.002035
0.001650
0.002075
0.002158
0.002262
0.002133
0.001669
0.002142
0.001947
0.002062
0.002005
0.002123
0.002029
0.001706
0.001899
0.002119
0.001884
0.002196
0.002582
0.001610
0.002298
0.002045
0.002104
0.002186
0.001896
0.002237
0.003190
0.002742
0.002523
0.002097
0.002277
0.002719
0.002393
0.002550
0.003213
0.003195
0.002546
0.002372
0.002600
0.002771
0.003597
0.002705
0.002632
0.002412
0.002270
0.002578
0.002658
0.002383
0.002647
0.002644
0.002562
0.002366
0.002730
0.002558
0.002764
0.002926
0.002619
0.002264
0.001489
0.003354
0.002845
0.002649
0.002961
0.002662
0.002349
0.002366
0.003074
0.002797
0.002743
0.002754
0.002302
0.002686
0.002838
0.002935
0.002550
0.002619
0.002484
0.002363
0.002775
0.002802
0.002749
0.002465
0.002411
0.002794
0.002327
0.002520
0.002597
0.002380
0.002734
0.002851
0.002837
0.002652
0.002930
0.002392
0.002941
0.002420
0.001973
0.002684
0.002558
0.002212
0.002642
0.002654
0.002568
0.002416
0.002359
0.002575
0.002477
0.002977
0.002638
0.002385
0.002614
0.002450
0.002598
0.002222
0.002753
0.002662
0.002718
0.002912
0.002656
0.002210
0.002489
0.002764
0.002404
0.003358
0.002640
0.002619
0.002144
0.002530
0.002781
0.002829
0.002053
0.002920
0.002553
0.002665
0.002456
0.002277
0.002069
0.002711
0.002861
0.002474
0.002395
0.002740
0.002256
0.002253
0.002848
0.002637
0.003050
0.002413
0.002619
0.002626
0.002619
0.002650
0.002434
0.002577
0.002551
0.002608
0.002600
0.002554
0.002448
0.002217
0.002403
0.002015
0.002636
0.002564
0.002150
0.002401
0.002662
0.002262
0.002635
0.002522
0.002499
0.002611
0.002997
0.002719
0.002627
0.002400
0.002466
0.002504
0.002889
0.002492
0.002800
0.002443
0.002949
0.002690
0.002769
0.002758
0.002671
0.002573
0.002910
0.001781
0.002508
0.002502
0.002835
0.002486
0.002712
0.002396
0.002064
0.002890
0.002647
0.002145
0.001715
0.002774
0.002924
0.002879
0.002423
0.002468
0.002951
0.002471
0.002917
0.002739
0.002084
0.003016
0.002838
0.002452
0.002658
0.002562
0.002459
0.002898
0.002736
0.002331
0.002079
0.002512
0.002556
0.002783
0.002638
0.002308
0.002788
0.002872
0.002727
0.002716
0.002722
0.002864
0.002364
0.002708
0.002836
0.002405
0.002781
0.002392
0.002795
0.002656
0.002597
0.002579
0.002790
0.002615
0.002642
0.002411
0.002826
0.003033
0.002710
0.002571
0.002540
0.002455
0.003326
0.002382
0.002309
0.002470
0.002625
0.003162
0.002715
0.002510
0.002290
0.002641
0.001879
0.002777
0.002646
0.002821
0.002486
0.002692
0.002641
0.002279
0.002751
0.002799
0.002223
0.002418
0.002146
0.002468
0.002815
0.002545
0.002595
0.002421
0.003097
0.002676
0.002240
0.002630
0.002789
0.002661
0.002592
0.003728
0.003013
0.002631
0.002861
0.002717
0.002307
0.002439
0.002687
0.002705
0.002648
0.002640
0.002913
0.002648
0.002857
0.002585
0.002574
0.002351
0.002492
0.003408
0.002328
0.002290
0.002446
0.002460
0.002947
0.002459
0.002718
0.002224
0.002850
0.002744
0.002967
0.002473
0.002821
0.003387
0.003103
0.002569
0.002486
0.002419
0.002697
0.002557
0.003180
0.002654
0.002713
0.002616
0.002681
0.002535
0.002193
0.002238
0.002909
0.002127
0.002445
0.002595
0.002753
0.002998
0.002519
0.002638
0.002776
0.002537
0.002372
0.002756
0.002704
0.002603
0.002540
0.002558
0.002680
0.002584
0.002387
0.002371
0.003281
0.002639
0.002708
0.002687
0.002645
0.002561
0.002518
0.002747
0.002548
0.002583
0.002483
0.002625
0.002503
0.002586
