0.005418
0.002065
0.002117
0.002324
0.001688
0.004288
0.002585
0.002167
0.002481
0.001933
0.001573
0.001410
0.001852
0.002092
0.001732
0.002784
0.002223
0.001577
0.002947
0.002595
0.001642
0.002043
0.002304
0.001870
0.001786
0.002562
0.002955
0.001603
0.001731
0.002039
0.002840
0.002636
0.001812
0.002102
0.001487
0.001643
0.001645
0.002229
0.002295
0.001546
0.001512
0.002377
0.001515
0.002335
0.001930
0.002852
0.002100
0.002463
0.002128
0.001772
0.002923
0.001791
0.001787
0.001636
0.002350
0.001642
0.003799
0.002853
0.001312
0.001851
0.001522
0.000942
0.001823
0.001768
0.002551
0.002783
0.002123
0.001516
0.003453
0.002432
0.002050
0.002031
0.001242
0.001809
0.002071
0.000994
0.004367
0.002352
0.001116
0.002918
0.001580
0.003197
0.004109
0.001413
0.001690
0.002072
0.001925
0.003223
0.001610
0.001566
0.001944
0.002065
0.001921
0.002368
0.002101
0.001398
0.001586
0.001434
0.002004
0.002662
0.002098
0.003405
0.001690
0.001625
0.001958
0.001703
0.001877
0.002243
0.003643
0.001915
0.002502
0.002149
0.003005
0.002156
0.002701
0.001809
0.001979
0.002934
0.001314
0.002292
0.001755
0.002298
0.001773
0.002440
0.001419
0.002466
0.001534
0.001768
0.001719
0.002170
0.002850
0.002381
0.001503
0.001535
0.001359
0.002051
0.001952
0.001858
0.002086
0.002247
0.002035
0.001666
0.000912
0.002076
0.002703
0.000807
0.001295
0.001410
0.003709
0.001785
0.001898
0.001960
0.002805
0.001822
0.003176
0.002871
0.002656
0.002650
0.001835
0.001745
0.001833
0.000960
0.001549
0.001858
0.002619
0.001988
0.002926
0.001787
0.001961
0.001457
0.002801
0.005467
0.001731
0.001819
0.002680
0.002254
0.002215
0.002083
0.001957
0.001327
0.003086
0.002012
0.003040
0.001393
0.001655
0.002440
0.001861
0.002876
0.001963
0.002763
0.002183
0.001021
0.002010
0.002174
0.001838
0.001560
0.001542
0.002970
0.001275
0.002120
0.001939
0.002110
0.002720
0.001214
0.002765
0.001766
0.002406
0.001222
0.002506
0.001357
0.002110
0.001406
0.003538
0.003076
0.001549
0.001816
0.001986
0.002558
0.002142
0.002982
0.002240
0.003373
0.002655
0.001603
0.001900
0.001711
0.001622
0.001533
0.001580
0.002278
0.001840
0.002037
0.001550
0.001574
0.001987
0.002022
0.004363
0.001625
0.001701
0.001455
0.001448
0.001487
0.001572
0.002145
0.002045
0.001675
0.002330
0.003257
0.002382
0.002680
0.001185
0.002356
0.002033
0.001477
0.001452
0.001266
0.001380
0.001914
0.002154
0.001968
0.001002
0.001771
0.001739
0.002662
0.001961
0.001668
0.001958
0.002079
0.001791
0.001470
0.001876
0.003191
0.001760
0.002428
0.001599
0.001449
0.001660
0.002583
0.000507
0.002128
0.001305
0.002738
0.001126
0.001519
0.001401
0.001491
0.002470
0.001910
0.002726
0.001453
0.002367
0.001517
0.001432
0.001287
0.001306
0.001977
0.002787
0.001926
0.002050
0.002088
0.003147
0.001768
0.002092
0.002336
0.001808
0.001937
0.001828
0.002017
0.001561
0.001287
0.001363
0.001796
0.001941
0.001337
0.002118
0.003018
0.002599
0.002518
0.001930
0.001976
0.001908
0.001879
0.001660
0.001443
0.001451
0.001999
0.001975
0.001300
0.002867
0.002109
0.001934
0.001711
0.002232
0.002411
0.002822
0.001752
0.001260
0.001164
0.001461
0.001248
0.002319
0.002702
0.001528
0.002259
0.001664
0.002417
0.002100
0.002288
0.002859
0.001972
0.001879
0.004731
0.001880
0.001219
0.001637
0.002026
0.002343
0.001943
0.001324
0.001789
0.001568
0.001355
0.002191
0.002358
0.003350
0.002789
0.001526
0.002549
0.001531
0.001762
0.001279
0.001734
0.001351
0.001951
0.002915
0.002598
0.002350
0.002285
0.001985
0.002146
0.002788
0.001177
0.002038
0.002188
0.001499
0.001695
0.001536
0.003739
0.003741
0.001835
0.003789
0.001866
0.002389
0.001299
0.002240
0.001918
0.002081
0.001925
0.001630
0.001951
0.001309
0.001293
0.001038
0.000527
0.001135
0.001563
0.001866
0.001987
0.002312
0.001808
0.001916
0.003677
0.002183
0.002719
0.002319
0.002024
0.001718
0.001678
0.001893
0.001404
0.001759
0.001860
0.002514
0.001785
0.002105
0.001863
0.002672
0.002233
0.001697
0.001417
0.001899
0.002316
0.002680
0.002656
0.002035
0.002459
0.002474
0.002322
0.001800
0.001973
0.001534
0.001768
0.002780
0.001723
0.001466
0.002805
0.001637
0.001439
0.002201
0.004063
0.002054
0.001853
0.001728
0.001839
0.001279
0.001545
0.002176
0.001990
0.001465
0.003487
0.003586
0.002481
0.001943
0.001630
0.002041
0.001033
0.001546
0.001543
0.003628
0.001616
0.001682
0.001582
0.003776
0.002417
0.001426
0.002201
0.002051
0.001679
0.001598
0.001349
0.001637
0.002449
0.002448
0.002501
0.002314
0.002259
0.003061
0.001774
0.002144
0.001942
0.002118
0.002790
0.001953
0.001920
0.003276
0.006002
0.002297
0.002034
0.002195
0.002645
0.001387
0.002406
0.001065
0.002113
0.001775
0.002286
0.001823
0.000865
0.001727
0.001754
0.002060
0.001845
0.002610
0.002828
0.002351
0.002300
0.001347
0.002340
0.001698
0.002411
0.001429
0.002579
0.002484
0.001732
0.002119
0.002110
0.002068
0.001733
0.003352
0.001632
0.002433
0.001737
0.001867
0.001720
0.003274
0.002329
0.001785
0.002204
0.002041
0.002762
0.001818
0.003637
0.001854
0.002380
0.000823
0.002353
0.001916
0.001958
0.001864
0.001415
0.002120
0.002234
0.001595
0.002109
0.002126
0.002179
0.002846
0.002485
0.000818
0.002738
0.001968
0.002448
0.002177
0.001393
0.001667
0.001761
0.002798
0.001581
0.001765
0.003119
0.002291
0.002601
0.001807
0.002133
0.002553
0.002011
0.001800
0.001336
0.000554
0.004527
0.001493
0.002542
0.003483
0.001980
0.001651
0.003015
0.002569
0.001587
0.001521
0.001843
0.001890
0.001968
0.001733
0.002020
0.002209
0.002206
0.001540
0.002499
0.001576
0.001313
0.000689
0.002897
0.001338
0.002394
0.001531
0.002552
0.004020
0.002859
0.002944
0.002620
0.002692
0.003464
0.002354
0.002217
0.001424
0.002319
0.001612
0.002726
0.002074
0.001691
0.002051
0.002290
0.001699
0.001453
0.001330
0.002747
0.001776
0.003118
0.001309
0.002532
0.002388
0.001733
0.003517
0.002886
0.002187
0.001261
0.002645
0.001735
0.002880
0.002196
0.001532
0.002011
0.003241
0.003733
0.002602
0.001973
0.003688
0.001630
0.001488
0.001537
0.003694
0.001926
0.002437
0.001943
0.001571
0.001537
0.002273
0.002034
0.001981
0.001930
0.002155
0.002135
0.001679
0.001678
0.001306
0.002253
0.001911
0.000670
0.001375
0.001602
0.001427
0.002241
0.002532
0.001581
0.001305
0.002579
0.001694
0.002766
0.003361
0.002643
0.001993
0.003003
0.002115
0.001721
0.002294
0.001968
0.001107
0.001668
0.001921
0.004098
0.002122
0.001601
0.002747
0.001891
0.002672
0.002612
0.002627
0.001854
0.001025
0.002332
0.002095
0.002193
0.002237
0.001942
0.001970
0.002165
0.002643
0.001844
0.002607
0.002209
0.001145
0.001155
0.001889
0.001364
0.003597
0.002063
0.003183
0.001440
0.001088
0.001387
0.001263
0.002296
0.002010
0.001334
0.002357
0.003380
0.002183
0.001240
0.001676
0.002647
0.001707
0.002004
0.002168
0.001601
0.002047
0.002920
0.002672
0.003385
0.002533
0.001564
0.002211
0.003022
0.002891
0.001553
0.001443
0.001489
0.001945
0.003026
0.001866
0.001386
0.001519
0.001329
0.003382
0.002033
0.001530
0.003545
0.001293
0.002195
0.002765
0.003305
0.001805
0.001599
0.001599
0.003336
0.002378
0.002194
0.002000
0.001758
0.002261
0.001067
0.002464
0.002017
0.002150
0.002077
0.001940
0.001673
0.002758
0.001873
0.004013
0.001903
0.001787
0.001658
0.001579
0.002306
0.004083
0.001833
0.001778
0.003608
0.001982
0.002179
0.002727
0.002301
0.002021
0.002023
0.002227
0.001830
0.002043
0.001103
0.003136
0.002931
0.002198
0.002632
0.001734
0.001946
0.001871
0.001882
0.001830
0.001873
0.001397
0.001320
0.001593
0.001475
0.002111
0.002091
0.002718
0.001421
0.001215
0.002912
0.001351
0.002728
0.001558
0.001681
0.001988
0.001897
0.001923
0.001855
0.001992
0.002022
0.002013
0.001859
0.002473
0.002850
0.002824
0.002953
0.002477
0.001845
0.002221
0.002566
0.002374
0.002209
0.002821
0.001519
0.002480
0.003036
0.001362
0.002688
0.002450
0.001418
0.000771
0.001126
0.002065
0.001161
0.001509
0.001659
0.001830
0.002175
0.002096
0.002151
0.003589
0.002372
0.001534
0.001544
0.002381
0.002144
0.001346
0.003721
0.002046
0.001734
0.002727
0.001840
0.002210
0.000975
0.001861
0.004493
0.002079
0.002174
0.002274
0.001789
0.002540
0.003703
0.001776
0.002314
0.002577
0.001808
0.002297
0.002492
0.001424
0.001421
0.001977
0.002838
0.002893
0.001725
0.002666
0.001627
0.002908
0.001848
0.001373
0.003121
0.002274
0.001309
0.001538
0.002363
0.002205
0.001702
0.001564
0.001880
0.002307
0.001723
0.000821
0.001658
0.001278
0.001419
0.004567
0.002690
0.001649
0.002001
0.001970
0.001796
0.003047
0.001151
0.002558
0.000974
0.001560
0.002155
0.001355
0.002093
0.001743
0.002081
0.001949
0.002122
0.001772
0.001996
0.001548
0.001701
0.001544
0.003974
0.003720
0.003837
0.002674
0.001714
0.001702
0.001417
0.002381
0.002609
0.002353
0.001723
0.001997
0.002080
0.001560
0.001415
0.001687
0.002307
0.002297
0.001630
0.001849
0.002698
0.001038
0.002729
0.001916
0.001720
0.002216
0.003481
0.001603
0.000712
0.002200
0.002519
0.001261
0.001547
0.002295
0.003756
0.001671
0.002651
0.001569
0.002299
0.002053
0.002121
0.001917
0.001551
0.002146
0.002202
0.002290
0.001345
0.004092
0.001751
0.001325
0.002981
0.002262
0.001329
0.001855
0.001468
0.002410
0.002875
0.002269
0.001875
0.001647
0.001385
0.002449
0.002913
0.001451
0.001298
