0.002996
0.004346
0.002034
0.002512
0.002609
0.001808
0.003738
0.002134
0.001801
0.004011
0.001992
0.002166
0.002318
0.003662
0.003442
0.004989
0.002589
0.002315
0.004246
0.002273
0.004914
0.001836
0.002533
0.003592
0.002163
0.002154
0.001128
0.001577
0.002332
0.003553
0.003993
0.003611
0.002245
0.001753
0.002134
0.002302
0.002206
0.002105
0.002026
0.002258
0.005277
0.001321
0.001417
0.003467
0.002618
0.001770
0.003539
0.002812
0.002476
0.002627
0.001981
0.003437
0.003006
0.001910
0.003050
0.001716
0.001618
0.001964
0.001727
0.002969
0.001559
0.003799
0.002068
0.002679
0.002273
0.003083
0.004096
0.003822
0.003765
0.003179
0.002482
0.001462
0.002144
0.003949
0.002070
0.002449
0.001386
0.001551
0.002043
0.001784
0.002566
0.001672
0.003850
0.003296
0.002574
0.002547
0.002011
0.003059
0.001930
0.004430
0.001754
0.002559
0.002174
0.001947
0.003357
0.001392
0.004082
0.003993
0.001157
0.001959
0.002072
0.002935
0.002478
0.002423
0.001973
0.002735
0.002159
0.001691
0.002122
0.001741
0.003455
0.001805
0.002046
0.002181
0.002593
0.001926
0.001666
0.002298
0.001605
0.001590
0.002278
0.001718
0.002525
0.002727
0.001108
0.002360
0.003467
0.003687
0.002450
0.002011
0.003458
0.001796
0.003788
0.001117
0.002587
0.001124
0.001984
0.003048
0.002355
0.002655
0.002576
0.002361
0.001131
0.002821
0.002079
0.002283
0.004512
0.002153
0.003329
0.003596
0.002230
0.002171
0.002921
0.004017
0.002013
0.002469
0.003018
0.001186
0.002667
0.002411
0.004870
0.001902
0.003872
0.001333
0.002343
0.001321
0.001690
0.002053
0.003804
0.001996
0.004437
0.001996
0.001544
0.001999
0.001635
0.002042
0.002450
0.005563
0.001350
0.003164
0.002981
0.001110
0.001868
0.001942
0.003365
0.002208
0.002367
0.001739
0.002419
0.001729
0.002947
0.002778
0.001817
0.002993
0.001778
0.002099
0.001824
0.002211
0.002287
0.004726
0.002042
0.003087
0.004986
0.002095
0.002340
0.002882
0.002567
0.002172
0.001609
0.003734
0.001245
0.001398
0.002496
0.001872
0.002736
0.001900
0.001559
0.002082
0.002033
0.002440
0.001678
0.002057
0.001279
0.002946
0.002113
0.002133
0.001064
0.002073
0.002612
0.002014
0.001708
0.003238
0.002793
0.002859
0.002083
0.001357
0.002135
0.001668
0.002329
0.002832
0.002872
0.002569
0.003832
0.002967
0.001849
0.003023
0.001828
0.003377
0.002338
0.003103
0.002743
0.002042
0.001770
0.001999
0.002302
0.003445
0.003986
0.002484
0.002638
0.003546
0.004575
0.004828
0.002354
0.003366
0.002069
0.004107
0.002002
0.002029
0.001729
0.001819
0.002053
0.001428
0.002470
0.003958
0.002469
0.001780
0.002529
0.001641
0.002014
0.002578
0.003346
0.002440
0.001290
0.002187
0.002667
0.001947
0.003793
0.003203
0.001634
0.001532
0.001737
0.001226
0.001715
0.003733
0.002364
0.001954
0.002222
0.001778
0.003484
0.002909
0.002671
0.002623
0.001507
0.002506
0.002099
0.001810
0.000755
0.002549
0.001413
0.001713
0.002021
0.001921
0.002117
0.002354
0.001583
0.001401
0.001603
0.004267
0.001992
0.002519
0.001965
0.002907
0.001100
0.002539
0.002704
0.002844
0.002599
0.002176
0.004470
0.001697
0.003674
0.001909
0.002252
0.003616
0.002431
0.001822
0.002916
0.002506
0.001554
0.002107
0.001704
0.002325
0.002204
0.002657
0.002015
0.002278
0.001986
0.002337
0.002499
0.001557
0.003442
0.002787
0.003065
0.003110
0.002009
0.002258
0.001735
0.003992
0.002330
0.001333
0.002240
0.001792
0.001783
0.001913
0.003447
0.001739
0.001931
0.003176
0.002461
0.002098
0.002915
0.003096
0.001997
0.002052
0.002371
0.002124
0.001774
0.003502
0.002188
0.001738
0.001417
0.001632
0.003153
0.002234
0.002470
0.002129
0.001489
0.002766
0.003413
0.001742
0.001079
0.002396
0.002250
0.003454
0.001285
0.002549
0.001893
0.001868
0.002428
0.002493
0.001810
0.002354
0.001107
0.001982
0.002007
0.003513
0.002357
0.002210
0.003989
0.003456
0.002602
0.001964
0.002673
0.002313
0.003248
0.003946
0.002762
0.002525
0.002122
0.001127
0.001502
0.002389
0.001127
0.002350
0.002035
0.002345
0.002262
0.002563
0.002307
0.001720
0.003665
0.003548
0.002237
0.003804
0.003239
0.003433
0.002701
0.004123
0.001961
0.003824
0.001696
0.002163
0.001353
0.003866
0.002809
0.005087
0.001806
0.002165
0.001779
0.001831
0.003377
0.001113
0.001372
0.003270
0.002084
0.003844
0.002570
0.000514
0.002172
0.001284
0.003548
0.001279
0.002041
0.004009
0.001513
0.003294
0.003432
0.002578
0.002032
0.003145
0.001871
0.002632
0.003383
0.001869
0.001840
0.002498
0.002077
0.002742
0.003339
0.003985
0.002651
0.001878
0.002108
0.002096
0.001964
0.002334
0.001083
0.002462
0.002802
0.002171
0.003758
0.001764
0.002877
0.003800
0.001148
0.003528
0.000776
0.002368
0.001702
0.002344
0.002153
0.001910
0.002243
0.002732
0.001632
0.002130
0.002026
0.002272
0.002081
0.002735
0.004919
0.001406
0.002224
0.002339
0.002285
0.003614
0.002899
0.002381
0.001592
0.002616
0.003194
0.001788
0.001148
0.002521
0.003696
0.000837
0.003291
0.001764
0.003637
0.001414
0.003709
0.003747
0.002941
0.002632
0.002930
0.002957
0.002614
0.005091
0.002794
0.003456
0.001780
0.001173
0.002446
0.001874
0.002225
0.002105
0.003579
0.002003
0.001645
0.001192
0.002032
0.003151
0.003135
0.002296
0.002009
0.003181
0.001850
0.001942
0.002391
0.002878
0.003261
0.002183
0.004051
0.001733
0.003423
0.001723
0.002591
0.001928
0.001881
0.002256
0.001134
0.003303
0.001730
0.002796
0.002064
0.001752
0.001872
0.002375
0.002624
0.003907
0.002449
0.003672
0.001362
0.002160
0.002252
0.001628
0.002679
0.001995
0.002124
0.001398
0.003294
0.002031
0.003081
0.002235
0.002918
0.002758
0.001525
0.003295
0.002279
0.003331
0.004009
0.001910
0.002094
0.001956
0.000947
0.001967
0.004575
0.001867
0.002926
0.001715
0.002491
0.001473
0.001997
0.002673
0.001956
0.002021
0.002391
0.002569
0.002186
0.002512
0.002684
0.002402
0.002478
0.003935
0.003268
0.002653
0.001937
0.001496
0.002500
0.002077
0.002758
0.004226
0.003157
0.002330
0.001243
0.002225
0.001744
0.002531
0.001322
0.002197
0.002218
0.002360
0.003459
0.003985
0.001250
0.004649
0.001433
0.003262
0.003583
0.002469
0.002182
0.001700
0.001705
0.004382
0.002289
0.003163
0.002283
0.003932
0.002175
0.001370
0.001821
0.001585
0.002279
0.001695
0.001536
0.005161
0.001110
0.001501
0.001981
0.003047
0.001903
0.002819
0.003891
0.002451
0.004287
0.002677
0.001943
0.001912
0.002262
0.002689
0.002018
0.001800
0.001553
0.003412
0.002437
0.002415
0.002190
0.001625
0.001784
0.002344
0.002225
0.001919
0.002072
0.001778
0.001940
0.001936
0.002015
0.001992
0.003549
0.001829
0.001802
0.002077
0.001532
0.001391
0.002307
0.001793
0.001043
0.000937
0.001458
0.003265
0.002286
0.003316
0.002460
0.001631
0.002653
0.003466
0.002062
0.001853
0.001556
0.002592
0.004667
0.001868
0.002981
0.002123
0.001299
0.003776
0.003027
0.002591
0.002339
0.001302
0.002198
0.003272
0.001773
0.004368
0.002557
0.002575
0.001753
0.001848
0.001816
0.002608
0.002046
0.004646
