0.005038
0.004871
0.004859
0.004887
0.005002
0.004891
0.004739
0.004629
0.004857
0.004740
0.004868
0.004594
0.004457
0.004985
0.005343
0.004849
0.004872
0.004488
0.004874
0.004961
0.004631
0.004607
0.004727
0.004677
0.005058
0.004466
0.004898
0.004808
0.004479
0.005074
0.005408
0.004653
0.004747
0.005115
0.004864
0.004636
0.004788
0.004662
0.005020
0.004621
0.005041
0.004813
0.004905
0.005168
0.004754
0.004833
0.004806
0.004641
0.005000
0.004424
0.004648
0.004492
0.004938
0.004455
0.004742
0.004670
0.004682
0.004384
0.004731
0.004786
0.005189
0.004766
0.004659
0.004891
0.005087
0.004548
0.005017
0.004991
0.005021
0.004883
0.004665
0.004907
0.004559
0.005199
0.004894
0.004539
0.004691
0.004481
0.004744
0.004440
0.004728
0.004681
0.006209
0.004579
0.004361
0.004511
0.004707
0.004652
0.005140
0.005078
0.004887
0.004506
0.004784
0.004541
0.005063
0.004974
0.004948
0.004955
0.004759
0.004701
0.004486
0.004630
0.004501
0.004733
0.005058
0.004450
0.004498
0.004693
0.004830
0.005042
0.004876
0.004799
0.005044
0.004701
0.005076
0.004417
0.004666
0.004619
0.004670
0.004940
0.005181
0.005026
0.004807
0.005048
0.004847
0.004834
0.004999
0.004433
0.004808
0.004601
0.004742
0.004474
0.004724
0.004875
0.004713
0.004633
0.004747
0.004523
0.005035
0.004884
0.004497
0.004844
0.004680
0.004908
0.004545
0.004887
0.004445
0.004918
0.004906
0.004446
0.004838
0.005037
0.004862
0.004537
0.005556
0.004435
0.005063
0.005089
0.004709
0.005081
0.004855
0.004765
0.004531
0.004884
0.005202
0.004973
0.004849
0.004575
0.004831
0.004333
0.004845
0.004514
0.004779
0.004781
0.005283
0.004608
0.005472
0.004620
0.004886
0.004528
0.004951
0.004715
0.004555
0.004822
0.005116
0.005102
0.004635
0.004334
0.005200
0.004857
0.004972
0.004721
0.004979
0.004599
0.004604
0.005109
0.005066
0.004588
0.004747
0.004532
0.004832
0.004508
0.005050
0.004885
0.005210
0.004624
0.004742
0.004616
0.004991
0.005279
0.004880
0.004779
0.004905
0.004678
0.004999
0.004633
0.004805
0.005062
0.004488
0.004866
0.004750
0.004520
0.004621
0.005022
0.004656
0.005076
0.004982
0.005058
0.004949
0.004834
0.004927
0.004901
0.004799
0.004946
0.004785
0.004805
0.004566
0.004670
0.005095
0.004946
0.005074
0.004816
0.004607
0.005002
0.005014
0.004835
0.004855
0.004848
0.004841
0.004795
0.004648
0.004579
0.004939
0.004898
0.004905
0.004799
0.004835
0.005063
0.004950
0.005061
0.005045
0.004635
0.004808
0.004914
0.004651
0.004544
0.004762
0.005005
0.005314
0.004715
0.004394
0.004763
0.004760
0.004744
0.005304
0.004948
0.004794
0.004747
0.004734
0.004403
0.004836
0.004523
0.004784
0.004905
0.004748
0.004642
0.004720
0.004714
0.004735
0.004384
0.004409
0.004882
0.005075
0.004576
0.005010
0.004608
0.004747
0.005022
0.004626
0.005065
0.004556
0.004782
0.004758
0.004589
0.004941
0.004786
0.004897
0.004542
0.004601
0.004620
0.004930
0.004821
0.004926
0.005021
0.004556
0.004916
0.004854
0.004445
0.004893
0.005035
0.004812
0.004748
0.004839
0.004895
0.004651
0.004474
0.004963
0.004957
0.005103
0.004776
0.004793
0.004932
0.004654
0.004889
0.004930
0.004688
0.005088
0.005602
0.004691
0.005046
0.005061
0.004810
0.004493
0.004617
0.004557
0.004509
0.004835
0.004574
0.005214
0.004702
0.005944
0.004774
0.004832
0.004800
0.004870
0.004555
0.004607
0.004705
0.004594
0.004776
0.005143
0.004633
0.004610
0.005109
0.004906
0.004968
0.004865
0.004534
0.004740
0.005232
0.004676
0.004717
0.005240
0.004823
0.004826
0.004642
0.004841
0.004749
0.004642
0.004609
0.004495
0.005107
0.004780
0.004943
0.004819
0.004763
0.004948
0.004754
0.004656
0.005133
0.005052
0.004718
0.004804
0.004843
0.005070
0.004718
0.005022
0.005362
0.004968
0.004667
0.004826
0.004858
0.004839
0.004736
0.004825
0.004741
0.004920
0.004868
0.004675
0.005664
0.004736
0.004879
0.004710
0.004884
0.004519
0.004501
0.005069
0.004390
0.004836
0.004782
0.005031
0.004806
0.004527
0.004728
0.005150
0.004855
0.004555
0.005434
0.004959
0.004960
0.004938
0.004649
0.004637
0.004630
0.004870
0.005026
0.004860
0.004802
0.004775
0.004914
0.004863
0.004989
0.004932
0.005280
0.004718
0.004865
0.004498
0.004484
0.004680
0.004488
0.004639
0.004819
0.004536
0.004600
0.005443
0.004615
0.004895
0.004911
0.004875
0.005106
0.005293
0.004896
0.004933
0.004731
0.004825
0.004391
0.004530
0.004928
0.004632
0.004530
0.004824
0.004527
0.005027
0.004524
0.005032
0.004501
0.004968
0.004897
0.004930
0.005128
0.004829
0.004466
0.005030
0.005001
0.005008
0.004566
0.004801
0.004704
0.004541
0.005146
0.004827
0.004488
0.005224
0.004637
0.004488
0.004629
0.004829
0.004904
0.004882
0.005216
0.004924
0.004730
0.004758
0.004227
0.004782
0.004860
0.004848
0.004928
0.004765
0.004753
0.004692
0.004943
0.004633
0.004707
0.005034
0.005023
0.004849
0.004775
0.004805
0.004893
0.004989
0.004779
0.004772
0.004838
0.004865
0.004816
0.004821
0.005033
0.004875
0.004429
0.004439
0.004811
0.004802
0.004602
0.004729
0.004403
0.005221
0.004721
0.005018
0.004567
0.004821
0.004730
0.004682
0.005092
0.005107
0.004969
0.005078
0.004902
0.004604
0.005247
0.004825
0.004540
0.004941
0.004629
0.004583
0.004765
0.004649
0.004745
0.004440
0.004785
0.004722
0.004933
0.004731
0.004886
0.004934
0.004743
0.005146
0.004818
0.004847
0.004773
0.004786
0.004541
0.004735
0.004725
0.004872
0.004608
0.004824
0.004940
0.005681
0.004740
0.004707
0.004877
0.004981
0.004861
0.004780
0.004780
0.004648
0.004831
0.004903
0.005040
0.004806
0.004874
0.004514
0.004586
0.005597
0.005211
0.005008
0.004918
0.004843
0.005024
0.004873
0.004730
0.005033
0.005569
0.005031
0.006716
0.004890
0.005193
0.004831
0.005083
0.004776
0.004818
0.005136
0.004765
0.004730
0.004600
0.005142
0.004522
0.004582
0.004858
0.004696
0.004730
0.005032
0.004542
0.005058
0.004915
0.004408
0.004902
0.004414
0.004773
0.004939
0.005050
0.004627
0.004592
0.005096
0.004581
0.005018
0.004707
0.004848
0.005531
0.004849
0.005146
0.004624
0.004856
0.005118
0.004627
0.005196
0.004910
0.005036
0.004790
0.005096
0.004677
0.005107
0.004751
0.004808
0.004920
0.004923
0.004968
0.005160
0.004764
0.004879
0.005468
0.005272
0.005164
0.004733
0.004997
0.005221
0.004628
0.004498
0.005067
0.005003
0.004676
0.004960
0.005117
0.004687
0.004576
0.005025
0.004821
0.004693
0.004873
0.004695
0.004512
0.004797
0.004834
0.004656
0.004975
0.004728
0.004301
0.004589
0.004678
0.004890
0.004917
0.005053
0.004410
0.005036
0.004851
0.004676
0.005086
0.005084
0.004648
0.004743
0.004952
0.005351
0.004603
0.005075
0.004556
0.004966
0.005018
0.004903
0.005101
0.005394
0.004763
0.004888
0.004903
0.004607
0.004881
0.004634
0.004851
0.004805
0.004980
0.004905
0.004575
0.004555
0.004757
0.004783
0.004888
0.004781
0.005203
0.004646
0.004952
0.004931
0.004759
0.004611
0.004861
0.004985
0.004806
0.004988
0.004992
0.004700
0.004857
0.004915
0.004636
0.004467
0.004869
0.004799
0.005058
0.004711
0.004757
0.004947
0.004724
0.005025
0.004945
0.004586
0.004792
0.004764
0.004588
0.004529
0.004853
0.004622
0.005038
0.004626
0.005204
0.005487
0.004936
0.005057
0.004602
0.004772
0.005545
0.004919
0.004777
0.004638
0.005515
0.004842
0.004644
0.004998
0.004629
0.005003
0.005188
0.004561
0.004951
0.005712
0.004612
0.004782
0.004773
0.004565
0.004703
0.005029
0.004768
0.004693
0.004926
0.004949
0.004518
0.004624
0.005041
0.004913
0.004630
0.005288
0.004728
0.004922
0.004724
0.004549
0.004770
0.004846
0.004749
0.004936
0.004876
0.004950
0.004732
0.004461
0.004547
0.004788
0.004468
0.004797
0.004711
0.005745
0.004724
0.004744
0.004739
0.004913
0.004562
0.004892
0.004497
0.004669
0.004469
0.004587
0.004730
0.005532
0.004760
0.004614
0.004486
0.004677
0.004622
0.005020
0.004590
0.004691
0.004696
0.004589
0.005001
0.004524
0.004832
0.005023
0.004699
0.005106
0.004730
0.004619
0.004866
0.005112
0.004778
0.005020
0.004826
0.004522
0.004898
0.004694
0.004857
0.004586
0.004588
0.004959
0.004994
0.004767
0.004492
0.004667
0.004514
0.004529
0.004790
0.004985
0.004591
0.004748
0.005523
0.004626
0.004664
0.005137
0.004499
0.005036
0.005022
0.005151
0.005044
0.005108
0.004615
0.004953
0.005143
0.005124
0.004830
0.004565
0.005153
0.004926
0.005004
0.004812
0.004985
0.004544
0.004591
0.004541
0.004850
0.004460
0.004747
0.004772
0.004970
0.004959
0.004694
0.005193
0.004499
0.004794
0.004845
0.004728
0.005043
0.004730
0.004656
0.004546
0.004571
0.004450
0.004640
0.005210
0.005475
0.005213
0.004740
0.004809
0.004440
0.004574
0.004714
0.004577
0.004789
0.004798
0.004744
0.004834
0.005095
0.004905
0.005158
0.004491
0.004763
0.004581
0.005089
0.004895
0.005098
0.004808
0.004866
0.004794
0.004809
0.004634
0.004955
0.004503
0.004895
0.004775
0.004505
0.004918
0.004997
0.004939
0.004741
0.005197
0.004859
0.004960
0.004980
0.004885
0.004818
0.004378
0.005376
0.004925
0.004758
0.004958
0.004874
0.004988
0.004931
0.004635
0.004640
0.005113
0.004733
0.004409
0.004748
0.005042
0.004420
0.004904
0.004927
0.004915
0.004502
0.004403
0.004833
0.004450
0.004447
0.004462
0.004690
0.004570
0.004656
0.004876
0.004694
0.005221
0.004657
0.004830
0.005153
0.004768
0.004485
0.004672
0.004954
0.004617
0.004806
0.004644
0.004409
0.005075
0.004588
0.005558
0.004777
0.004608
0.004388
0.005974
0.006316
0.005870
0.005944
0.005776
0.005833
0.005593
0.006100
0.006153
0.006232
0.005830
0.006038
0.006274
0.006268
0.005743
0.005754
0.005403
0.005671
0.006221
0.007296
0.006217
0.005851
0.006061
0.005845
0.006174
0.006210
0.006047
0.005839
0.005791
0.005933
0.005796
0.006039
0.005961
0.005664
0.005929
0.005899
0.005856
0.006044
0.005710
0.005973
0.005938
0.006001
0.006109
0.006013
0.006211
0.005900
0.009969
0.006692
0.005791
0.006126
0.005738
0.006422
0.005752
0.006071
0.005945
0.006216
0.005954
0.006037
0.006060
0.005829
0.005837
0.005840
0.005551
0.006303
0.005741
0.005872
0.006212
0.005598
0.006087
0.005953
0.005740
0.005649
0.006481
0.006222
0.006042
0.005870
0.006230
0.007397
0.005776
0.005980
0.005935
0.005712
0.005893
0.006295
0.005486
0.005982
0.006096
0.005635
0.005922
0.006060
0.005900
0.006006
0.006167
0.005719
0.006243
0.005878
0.006166
0.006099
0.006044
0.005778
0.005953
0.006609
0.005783
0.006116
0.006129
0.006270
0.006126
0.006004
0.005852
0.005628
0.005944
0.005900
0.005910
0.006083
0.006208
0.005797
0.006638
0.005914
0.005959
0.005579
0.006156
0.005867
0.006014
0.005917
0.005801
0.006110
0.005931
0.005949
0.005896
0.005548
0.006108
0.006224
0.005982
0.006183
0.005551
0.005602
0.006114
0.005880
0.006095
0.006294
0.006243
0.005671
0.006367
0.006005
0.006576
0.005565
0.005848
0.006021
0.005914
0.005728
0.006017
0.005813
0.005897
0.005998
0.005950
0.006248
0.006004
0.005991
0.005734
0.006822
0.005713
0.006072
0.006091
0.006264
0.006230
0.005572
0.006280
0.005917
0.005876
0.006091
0.005880
0.006809
0.005575
0.006151
0.005531
0.006145
0.005972
0.005950
0.006103
0.005578
0.005979
0.005836
0.005858
0.006049
0.005682
0.006275
0.005603
0.005928
0.005718
0.005810
0.005454
0.006736
0.005914
0.006118
0.005348
0.006217
0.006049
0.006078
0.005902
0.006030
0.006244
0.006151
0.006083
0.006225
0.006273
0.006039
0.005892
0.005814
0.006270
0.005974
0.005909
0.005579
0.005419
0.005832
0.006110
0.005940
0.006507
0.006250
0.006201
0.006372
0.005770
0.005947
0.005562
0.005825
0.005709
0.005903
0.005798
0.005899
0.006415
0.006200
0.005768
0.005708
0.005819
0.005603
0.005991
0.005966
0.005912
0.005936
0.005973
0.006079
0.006235
0.006014
0.006221
0.006038
0.005669
0.005904
0.005852
0.006243
0.005912
0.005946
0.005799
0.005506
0.005984
0.006049
0.005580
0.006088
0.005713
0.005678
0.005968
0.006377
0.006377
0.005782
0.006589
0.006129
0.005565
0.005980
0.005941
0.006365
0.005890
0.005842
0.006168
0.006185
0.005930
0.005764
0.006099
0.006144
0.005853
0.005996
0.005953
0.005855
0.005985
0.005851
0.005872
0.006128
0.005783
0.005956
0.006448
0.006040
0.005751
0.005592
0.006048
0.005552
0.005580
0.006358
0.006125
0.005998
0.006303
0.005511
0.005447
0.005923
0.005911
0.005722
0.005534
0.006191
0.006242
0.006453
0.005906
0.005390
0.005869
0.006097
0.005916
0.005887
0.006318
0.006138
0.005945
0.006199
0.005927
0.005889
0.005799
0.005751
0.006050
0.006152
0.006296
0.005934
0.005840
0.006284
0.005657
0.005690
0.005943
0.006000
0.006451
0.005985
0.005879
0.006072
0.006090
0.005422
0.006061
0.005855
0.006206
0.005953
0.005925
0.005510
0.005654
0.005492
0.006445
0.006023
0.006018
0.005873
0.005973
0.006141
0.006324
0.005986
0.005880
0.005844
0.005848
0.005904
0.005720
0.005767
0.006092
0.005695
0.005697
0.005620
0.006078
0.006037
0.005925
0.005892
0.006084
0.006125
0.005908
0.006291
0.006058
0.005880
0.006000
0.006792
0.005927
0.005925
0.005590
0.005750
0.006029
0.006454
0.006048
0.005821
0.005743
0.005734
0.006199
0.006078
0.006585
0.005922
0.006089
0.006062
0.006110
0.006433
0.005857
0.006260
0.005604
0.006114
0.006907
0.005814
0.006042
0.005976
0.005651
0.006117
0.005421
0.005247
0.006310
0.005895
0.005914
0.005977
0.005823
0.006075
0.006216
0.006018
0.005693
0.005861
0.005876
0.006133
0.005873
0.005909
0.006073
0.005988
0.005585
0.005930
0.005637
0.006168
0.005807
0.006208
0.005551
0.005646
0.006239
0.005437
0.005663
0.005525
0.005895
0.005581
0.005869
0.005966
0.005930
0.005557
0.006589
0.005755
0.005753
0.005752
0.005633
0.005773
0.006102
0.005537
0.005955
0.005997
0.005473
0.006103
0.006180
0.005518
0.005755
0.005604
0.005332
0.005846
0.005615
0.005944
0.005715
0.005610
0.005840
0.005675
0.005537
0.005760
0.006255
0.005934
0.005900
0.005955
0.005688
0.005650
0.005778
0.005855
0.005924
0.006014
0.005893
0.005504
0.006153
0.005543
0.005885
0.005888
0.005539
0.005629
0.005643
0.006255
0.005876
0.006127
0.005916
0.006038
0.005929
0.006232
0.005978
0.005829
0.005751
0.006060
0.005737
0.005672
0.005972
0.005824
0.005846
0.005476
0.006120
0.006077
0.005552
0.005876
0.005673
0.005550
0.005833
0.005896
0.006013
0.005897
0.005784
0.005749
0.005902
0.005716
0.006194
0.006079
0.005782
0.005933
0.005888
0.005509
0.005981
0.006327
0.006459
0.005469
0.005856
0.005776
0.006126
0.005828
0.005570
0.005866
0.005900
0.005833
0.005525
0.006164
0.006110
0.006062
0.006037
0.006337
0.006180
0.005921
0.005819
0.006861
0.005909
0.006139
0.006309
0.005642
0.006028
0.006073
0.005665
0.006162
0.005877
0.005792
0.006041
0.006022
0.005733
0.005907
0.005766
0.005930
0.005971
0.005847
0.006030
0.005644
0.006037
0.006087
0.006130
0.006161
0.006265
0.006297
0.006158
0.005964
0.005713
0.005717
0.006475
0.006106
0.005935
0.006129
0.005983
0.005837
0.006358
0.005880
0.005909
0.006243
0.005662
0.006083
0.006086
0.005939
0.005839
0.006233
0.005873
0.005869
0.005940
0.005431
0.007189
0.005992
0.006098
0.006972
0.014799
0.006245
0.006298
0.005922
0.006853
0.005813
0.005967
0.005379
0.005845
0.006100
0.006290
0.006013
0.006110
0.006038
0.006132
0.005619
0.005519
0.005383
0.005886
0.005761
0.005850
0.006004
0.006033
0.005808
0.005458
0.005927
0.006327
0.006016
0.005440
0.006277
0.005619
0.005890
0.005927
0.005575
0.006353
0.005935
0.006319
0.005722
0.006089
0.006061
0.005962
0.005972
0.005806
0.006114
0.006255
0.005196
0.005555
0.005961
0.005597
0.005712
0.005897
0.005966
0.005637
0.006116
0.009867
0.006564
0.005760
0.006035
0.005892
0.006086
0.005528
0.005639
0.006027
0.005718
0.005705
0.005824
0.005535
0.005796
0.006043
0.005772
0.005850
0.005887
0.006046
0.006041
0.005815
0.005883
0.005779
0.005526
0.006001
0.005870
0.005664
0.006230
0.006207
0.006035
0.006217
0.005568
0.006223
0.005962
0.005583
0.005696
0.006053
0.005523
0.005915
0.005769
0.005520
0.005485
0.005402
0.006167
0.005423
0.005741
0.006202
0.005985
0.005843
0.006288
0.006015
0.005746
0.005868
0.006047
0.006175
0.005983
0.005575
0.005807
0.006088
0.005966
0.005449
0.005947
0.006596
0.005812
0.005804
0.005938
0.005509
0.005950
0.006003
0.005967
0.007090
0.006142
0.005622
0.005890
0.006052
0.005763
0.005629
0.005737
0.007047
0.005761
0.005914
0.005591
0.005896
0.005848
0.005549
0.005525
0.005875
0.005873
0.005503
0.005848
0.005730
0.005573
0.005790
0.005869
0.005810
0.006087
0.005689
0.005663
0.005827
0.005401
0.005926
0.005808
0.005511
0.006317
0.006259
0.005654
0.006049
0.005853
0.005819
0.005845
0.006292
0.005445
0.005907
0.005798
0.006022
0.005959
0.005909
0.005554
0.005946
0.006036
0.005801
0.006260
0.006077
0.006035
0.005901
0.005873
0.006259
0.005853
0.006343
0.005835
0.005905
0.005828
0.005578
0.005989
0.005494
0.006387
0.006025
0.006064
0.006069
0.006561
0.005791
0.005572
0.005997
0.005676
0.005967
0.005899
0.005789
0.006258
0.006164
0.006023
0.005760
0.005947
0.006025
0.006015
0.006127
0.005960
0.005765
0.005992
0.005513
0.005637
0.006577
0.006257
0.005838
0.005924
0.006238
0.006144
0.005624
0.005832
0.005472
0.006028
0.005836
0.005789
0.005448
0.006460
0.005946
0.005887
0.005818
0.006064
0.005720
0.005969
0.005607
0.005766
0.005553
0.007756
0.007099
0.005730
0.006203
0.006299
0.005852
0.005901
0.005980
0.005853
0.006003
0.005855
0.006109
0.006113
0.005490
0.005542
0.005515
0.005865
0.006017
0.005873
0.006085
0.005999
0.006066
0.005833
0.005643
0.005439
0.006187
0.006131
0.006087
0.005776
0.005596
0.006032
0.005874
0.005619
0.006352
0.005783
0.005826
0.005664
0.005629
0.006182
0.005653
0.005602
0.005622
0.006012
0.006011
0.005596
0.006168
0.005830
0.005485
0.005712
0.006229
0.006125
0.005786
0.005865
0.005629
0.005969
0.006399
0.005910
0.005757
0.005821
0.005611
0.006772
0.005736
0.005934
0.006191
0.005870
0.005857
0.005759
0.005902
0.006035
0.005930
0.005830
0.005591
0.006524
0.006057
0.005945
0.006364
0.005918
0.005633
0.006274
0.006231
0.006169
0.006379
0.005927
0.006278
0.005975
0.014490
0.005935
0.005783
0.006409
0.005796
0.005585
0.006040
0.006000
0.006274
0.006066
0.005758
0.005767
0.005820
0.005750
0.005709
0.005650
0.006909
0.006329
0.006168
0.005735
0.006087
0.005726
0.005784
0.005932
0.005980
0.006494
0.005621
0.005855
0.006128
0.005895
0.006077
0.006106
0.005611
0.006059
0.006034
0.006232
0.005794
0.005952
0.006104
0.006059
0.006028
0.006130
0.005695
0.005919
0.005831
0.005590
0.006032
0.006714
0.005993
0.006019
0.005872
0.007968
0.005870
0.006093
0.005751
0.006027
0.007125
0.006952
0.007044
0.006469
0.006080
0.005916
0.005963
0.006504
0.005991
0.007555
0.006011
0.006237
0.005479
0.005878
0.005715
0.005793
0.005740
0.005623
0.005907
0.005571
0.005830
0.006265
0.006504
0.006289
0.006528
0.006119
