0.010646
0.009644
0.010181
0.010754
0.010792
0.010520
0.018226
0.010267
0.009922
0.009841
0.009960
0.010500
0.011001
0.009925
0.011010
0.011318
0.010833
0.010764
0.010939
0.010530
0.010730
0.010341
0.010008
0.010734
0.010174
0.009900
0.010536
0.011137
0.011874
0.010406
0.012817
0.010835
0.010175
0.009940
0.010468
0.010641
0.010308
0.010457
0.010597
0.020219
0.010376
0.011118
0.010086
0.024952
0.010405
0.009987
0.011205
0.010916
0.010096
0.010519
0.011661
0.011180
0.010930
0.009846
0.011348
0.009829
0.011282
0.010077
0.010865
0.011858
0.011109
0.010996
0.012332
0.009828
0.013233
0.009913
0.010065
0.010687
0.010374
0.017957
0.010711
0.010972
0.010814
0.010774
0.011150
0.010249
0.010064
0.011142
0.010952
0.011197
0.009857
0.010353
0.010659
0.018112
0.009985
0.009919
0.011218
0.010684
0.010562
0.010005
0.012909
0.010478
0.010535
0.010512
0.010697
0.010212
0.010615
0.010940
0.011457
0.010088
0.009790
0.011560
0.010400
0.009958
0.011006
0.010025
0.010821
0.018241
0.025898
0.010537
0.010818
0.011261
0.010075
0.010619
0.011260
0.009999
0.010327
0.010651
0.010107
0.010272
0.011348
0.010177
0.024230
0.011957
0.010889
0.010195
0.009885
0.010242
0.010255
0.010705
0.010491
0.009989
0.010975
0.012239
0.010333
0.009855
0.031289
0.010493
0.011516
0.010258
0.009466
0.014262
0.011060
0.010254
0.010773
0.010966
0.011470
0.010572
0.014213
0.010644
0.009979
0.009744
0.010267
0.011139
0.009923
0.009998
0.011282
0.010834
0.010332
0.011437
0.010499
0.010547
0.010512
0.010261
0.010989
0.011345
0.009934
0.017757
0.011103
0.010766
0.010139
0.010449
0.010626
0.010739
0.010853
0.010103
0.011374
0.009870
0.010478
0.016907
0.012073
0.010436
0.012184
0.009859
0.010042
0.010220
0.010665
0.010718
0.010259
0.010210
0.010903
0.010501
0.011946
0.010437
0.010333
0.011114
0.010448
0.011058
0.010064
0.009782
0.009675
0.010199
0.010012
0.011441
0.010672
0.010453
0.022983
0.010619
0.010422
0.011183
0.009898
0.010421
0.011292
0.010334
0.010230
0.010388
0.011279
0.010653
0.009776
0.010914
0.011851
0.019240
0.012544
0.010448
0.009992
0.010466
0.010576
0.010581
0.010630
0.011360
0.012460
0.009642
0.010870
0.011295
0.010663
0.013032
0.010555
0.010326
0.010876
0.011206
0.010027
0.010289
0.021187
0.014438
0.011120
0.011548
0.010532
0.009530
0.013636
0.015496
0.010264
0.010713
0.011071
0.010315
0.010904
0.009984
0.010136
0.009727
0.011636
0.010300
0.011257
0.012834
0.009569
0.010605
0.010477
0.010299
0.011591
0.011064
0.010665
0.010062
0.010511
0.011028
0.010568
0.010421
0.012764
0.010165
0.011102
0.010874
0.010421
0.010489
0.009859
0.022835
0.011033
0.010902
0.017396
0.010394
0.010966
0.010008
0.010879
0.015821
0.010941
0.018298
0.010448
0.009862
0.011145
0.009974
0.009745
0.010642
0.010302
0.010688
0.010466
0.021339
0.010612
0.010248
0.010379
0.010576
0.010413
0.010281
0.009289
0.014219
0.009874
0.013212
0.010895
0.011892
0.010182
0.009912
0.017850
0.011345
0.010168
0.010140
0.010341
0.010131
0.010458
0.011482
0.010617
0.010476
0.009912
0.010114
0.010695
0.011626
0.016522
0.010577
0.021717
0.009863
0.010094
0.010534
0.011436
0.013287
0.010160
0.011973
0.010989
0.010624
0.010075
0.010529
0.021888
0.018082
0.011497
0.010245
0.010929
0.010448
0.010637
0.009922
0.010043
0.010608
0.011724
0.012932
0.010064
0.011153
0.010447
0.011193
0.009752
0.010245
0.011324
0.010659
0.011014
0.011950
0.011490
0.010624
0.010642
0.010998
0.013791
0.010646
0.012431
0.010694
0.018116
0.009453
0.011026
0.009778
0.010701
0.011792
0.010633
0.010222
0.012509
0.011053
0.011407
0.010215
0.011272
0.010876
0.010340
0.010653
0.010900
0.010391
0.010753
0.010590
0.010859
0.011017
0.010325
0.014515
0.010188
0.010012
0.011300
0.010364
0.010055
0.013679
0.012297
0.011008
0.011960
0.010004
0.010761
0.011313
0.010945
0.010203
0.010252
0.010984
0.022268
0.010941
0.010197
0.010406
0.010777
0.011357
0.010471
0.011788
0.011773
0.014605
0.010065
0.009891
0.010658
0.010156
0.011904
0.010456
0.010037
0.010665
0.010728
0.009869
0.010853
0.010463
0.010639
0.011378
0.014248
0.010667
0.011359
0.012925
0.010544
0.011004
0.010780
0.010095
0.010110
0.010085
0.010591
0.011836
0.010575
0.014085
0.009821
0.011175
0.010900
0.013177
0.010515
0.010519
0.010437
0.010465
0.010877
0.010665
0.010579
0.010716
0.014924
0.010780
0.011560
0.010723
0.010217
0.011385
0.010747
0.016498
0.010842
0.011011
0.012964
0.011178
0.011590
0.010240
0.009983
0.010414
0.011227
0.022155
0.012981
0.010681
0.010793
0.010024
0.010591
0.010311
0.009717
0.010063
0.010253
0.010535
0.013461
0.016500
0.011173
0.017102
0.010766
0.010353
0.010019
0.010870
0.010017
0.010580
0.011749
0.014930
0.010479
0.014652
0.011137
0.010517
0.014915
0.010687
0.010389
0.011644
0.010898
0.010827
0.011377
0.010650
0.020436
0.010682
0.010050
0.011077
0.011167
0.010473
0.011016
0.010956
0.010376
0.010191
0.015525
0.014188
0.009695
0.010324
0.010156
0.011135
0.009899
0.011083
0.010836
0.010685
0.010445
0.013056
0.010845
0.010949
0.035864
0.010637
0.010262
0.010808
0.014795
0.010540
0.010035
0.010084
0.011417
0.011360
0.010859
0.010313
0.014355
0.009987
0.015282
0.011207
0.009623
0.010430
0.015246
0.022693
0.012541
0.012044
0.010574
0.009803
0.010778
0.010608
0.010906
0.010153
0.009745
0.010086
0.010283
0.010957
0.010287
0.010465
0.010680
0.010243
0.011452
0.010261
0.010307
0.010368
0.010109
0.010302
0.010355
0.011885
0.011984
0.010675
0.010304
0.011455
0.011158
0.012974
0.018800
0.011516
0.010746
0.009512
0.010457
0.010650
0.012029
0.011069
0.011042
0.010618
0.012634
0.010281
0.013728
0.012329
0.013550
0.011377
0.010310
0.010358
0.010064
0.009933
0.010131
0.011672
0.010108
0.009518
0.010373
0.013666
0.010389
0.010905
0.013094
0.010610
0.010857
0.011095
0.010170
0.018381
0.010714
0.011443
0.009916
0.010856
0.025262
0.010108
0.011100
0.010510
0.010778
0.010058
0.010676
0.010189
0.009773
0.010754
0.010246
0.010653
0.010577
0.012208
0.010260
0.010825
0.010499
0.011210
0.010449
0.010702
0.010490
0.010951
0.010897
0.010547
0.010052
0.011933
0.014530
0.011676
0.010221
0.009981
0.010826
0.010157
0.024774
0.021778
0.010952
0.010998
0.009645
0.013057
0.010640
0.010644
0.012272
0.011437
0.010594
0.010518
0.017377
0.010825
0.013327
0.009628
0.010915
0.010121
0.009698
0.015391
0.010636
0.010872
0.012083
0.010498
0.010000
0.010802
0.011474
0.019749
0.010951
0.010446
0.010735
0.010632
0.013402
0.010287
0.010659
0.011177
0.010244
0.010958
0.011091
0.011179
0.010159
0.010179
0.011334
0.010777
0.009866
0.011756
0.011855
0.020752
0.010775
0.010228
0.010422
0.010469
0.010814
0.011888
0.010795
0.010998
0.011024
0.010109
0.015385
0.010110
0.010568
0.009626
0.012036
0.010224
0.010414
0.011102
0.010039
0.009975
0.009888
0.010909
0.011382
0.009750
0.010598
0.014525
0.011333
0.010568
0.010263
0.009798
0.011535
0.011114
0.010012
0.010866
0.009917
0.010620
0.010810
0.010317
0.010562
0.011135
0.009885
0.010774
0.010036
0.010363
0.010624
0.010370
0.009842
0.018276
0.010830
0.009893
0.010721
0.010687
0.009734
0.014254
0.010853
0.010645
0.010214
0.010356
0.011244
0.010283
0.011165
0.010756
0.010481
0.013088
0.010192
0.010349
0.010274
0.009814
0.010495
0.010027
0.009790
0.014432
0.010242
0.015359
0.015086
0.010472
0.009990
0.010880
0.011843
0.010732
0.010225
0.010424
0.010477
0.011321
0.009880
0.010814
0.011823
0.021143
0.011946
0.009956
0.013661
0.018508
0.010529
0.011118
0.010146
0.010331
0.016711
0.013260
0.022736
0.010367
0.009814
0.010852
0.017195
0.023373
0.009710
0.011603
0.014410
0.012753
0.010881
0.010945
0.009708
0.013399
0.011144
0.011499
0.022273
0.010807
0.010070
0.009956
0.010851
0.010098
0.010912
0.010677
0.010698
0.011411
0.011704
0.010891
0.009737
0.010139
0.010512
0.010163
0.011521
0.010389
0.010767
0.011263
0.011042
0.010951
0.009940
0.010864
0.011454
0.013252
0.011274
0.009627
0.010518
0.010870
0.010743
0.010845
0.010756
0.011703
0.010814
0.011593
0.010534
0.010508
0.009969
0.010223
0.010672
0.010143
0.010907
0.010483
0.011157
0.010739
0.010605
0.010444
0.013943
0.013358
0.010768
0.009793
0.009981
0.010636
0.010705
0.012869
0.010888
0.010575
0.020988
0.012436
0.019848
0.013377
0.010554
0.010573
0.010422
0.010294
0.009962
0.010103
0.010789
0.010163
0.010250
0.010690
0.010389
0.010481
0.010561
0.010183
0.010647
0.009976
0.010193
0.010084
0.010129
0.010748
0.009882
0.009912
0.011331
0.011543
0.010983
0.010517
0.010711
0.010570
0.013963
0.010336
0.009977
0.010390
0.012809
0.010042
0.009750
0.012956
0.010655
0.010802
0.010233
0.011386
0.010839
0.010550
0.010263
0.010693
0.010560
0.010240
0.009765
0.010815
0.010622
0.010804
0.010417
0.011372
0.011444
0.011539
0.009804
0.010333
0.010600
0.010238
0.010556
0.010490
0.011951
0.010377
0.010286
0.010809
0.010120
0.022287
0.010072
0.010054
0.010764
0.014468
0.010027
0.010652
0.017464
0.012344
0.010776
0.010270
0.010004
0.010659
0.021674
0.021434
0.011170
0.010710
0.010135
0.011862
0.009994
0.010652
0.010497
0.010782
0.010349
0.011159
0.010587
0.010175
0.009891
0.011245
0.011010
0.010950
0.010197
0.010795
0.010831
0.013782
0.013187
0.010288
0.011326
0.009976
0.010353
0.010186
0.010313
0.011083
0.010378
0.013989
0.010548
0.010011
0.010361
0.010846
0.009737
0.010202
