0.005476
0.005027
0.005462
0.005247
0.005291
0.004964
0.005390
0.005053
0.005203
0.005108
0.005008
0.005333
0.005345
0.005016
0.005296
0.005722
0.005164
0.005119
0.005280
0.005022
0.005591
0.005176
0.005530
0.005423
0.005211
0.005424
0.004974
0.005144
0.005278
0.005274
0.005797
0.005396
0.005670
0.005007
0.005304
0.006072
0.005073
0.004890
0.005037
0.005191
0.005091
0.004965
0.005098
0.004872
0.005374
0.005512
0.005334
0.005132
0.005626
0.005491
0.005510
0.005589
0.005522
0.005355
0.004592
0.005888
0.005075
0.005315
0.004945
0.005169
0.004744
0.005112
0.005045
0.004802
0.006080
0.005063
0.005313
0.005156
0.005123
0.005439
0.005567
0.005111
0.005022
0.004893
0.005531
0.004678
0.005463
0.004994
0.004902
0.004843
0.005212
0.005155
0.005406
0.005262
0.005476
0.004923
0.005302
0.005323
0.004926
0.005412
0.005391
0.005329
0.005566
0.005162
0.004698
0.005250
0.005149
0.005154
0.005328
0.005183
0.005290
0.005083
0.005098
0.004923
0.005109
0.005176
0.005134
0.005371
0.005834
0.005232
0.005529
0.005241
0.005434
0.005358
0.005646
0.005177
0.005154
0.005168
0.005295
0.005439
0.005718
0.005225
0.005180
0.005059
0.005184
0.005292
0.005206
0.005084
0.004666
0.005540
0.005457
0.005178
0.005096
0.005542
0.004998
0.005415
0.005200
0.005274
0.005366
0.005433
0.005072
0.006011
0.005323
0.005214
0.005236
0.005150
0.005256
0.005535
0.005185
0.004108
0.005466
0.005872
0.005463
0.005520
0.005998
0.005446
0.005204
0.005226
0.005442
0.005436
0.005252
0.005400
0.005104
0.005352
0.005381
0.005271
0.005010
0.004877
0.005796
0.005548
0.004985
0.005346
0.004879
0.004927
0.005380
0.005643
0.005235
0.005241
0.005262
0.005252
0.005190
0.004946
0.005287
0.005461
0.005129
0.005218
0.004898
0.005329
0.006116
0.005264
0.005191
0.005134
0.005308
0.004752
0.005212
0.005038
0.005304
0.005089
0.005012
0.005399
0.005696
0.005307
0.005347
0.006705
0.005835
0.005377
0.005180
0.005079
0.004651
0.005370
0.005729
0.005179
0.005243
0.005352
0.005112
0.005839
0.005410
0.005336
0.005362
0.005401
0.005304
0.005340
0.005178
0.005433
0.005386
0.005224
0.005293
0.005111
0.005604
0.005353
0.005340
0.005291
0.005024
0.005367
0.005380
0.005440
0.005280
0.005197
0.005163
0.005433
0.005470
0.005466
0.004987
0.005098
0.005486
0.005504
0.005328
0.005404
0.005520
0.005178
0.005629
0.005203
0.005114
0.005647
0.005424
0.005416
0.005248
0.005363
0.005405
0.005394
0.005785
0.005339
0.005044
0.005134
0.005456
0.005071
0.005258
0.005140
0.005700
0.005415
0.005160
0.005356
0.005369
0.005068
0.005257
0.005548
0.005193
0.005727
0.005263
0.005084
0.005362
0.005179
0.004688
0.005588
0.005480
0.005111
0.005273
0.005351
0.004994
0.005778
0.004640
0.005212
0.005169
0.004792
0.005249
0.004528
0.005158
0.005331
0.005554
0.005342
0.005300
0.005051
0.005697
0.005211
0.004986
0.006188
0.005202
0.005275
0.005138
0.005282
0.004683
0.005387
0.005196
0.005293
0.004977
0.005424
0.005319
0.005202
0.005218
0.006154
0.005255
0.005970
0.005473
0.005618
0.005347
0.005154
0.005208
0.005513
0.004947
0.005238
0.005942
0.005603
0.005323
0.005330
0.005658
0.005431
0.004931
0.006011
0.005183
0.005244
0.005380
0.005157
0.005085
0.005184
0.005231
0.005312
0.005435
0.005414
0.005237
0.005122
0.005214
0.005894
0.004478
0.005261
0.005796
0.005195
0.005291
0.005297
0.004885
0.005031
0.005352
0.005134
0.005214
0.005208
0.005259
0.005195
0.005642
0.005212
0.005237
0.004972
0.005043
0.005313
0.004952
0.005665
0.005371
0.005001
0.005280
0.005568
0.005054
0.004967
0.005179
0.006061
0.004971
0.005702
0.005674
0.005331
0.005268
0.005246
0.005538
0.005117
0.005505
0.005350
0.005238
0.005096
0.005098
0.005473
0.005601
0.005388
0.005685
0.005392
0.005574
0.005473
0.005388
0.005594
0.005505
0.005128
0.004985
0.005196
0.005159
0.005267
0.005386
0.005534
0.005267
0.005527
0.005209
0.005264
0.005160
0.005243
0.005266
0.005708
0.005170
0.004980
0.005330
0.005142
0.005221
0.004954
0.005379
0.005432
0.005444
0.005329
0.004738
0.005470
0.005309
0.005482
0.005232
0.005198
0.004618
0.005528
0.005277
0.005299
0.005369
0.005374
0.005420
0.005624
0.005394
0.005420
0.005236
0.005241
0.005218
0.005143
0.005104
0.005077
0.005069
0.005408
0.005348
0.005583
0.005107
0.005455
0.005142
0.005295
0.005391
0.004750
0.005173
0.005360
0.005322
0.005391
0.005163
0.005294
0.005125
0.005407
0.005229
0.005011
0.005372
0.005367
0.005464
0.005223
0.005658
0.005111
0.005609
0.005684
0.005357
0.004988
0.005474
0.005291
0.005343
0.005767
0.005320
0.005462
0.004560
0.005396
0.005131
0.005318
0.005233
0.005057
0.004927
0.005054
0.005036
0.005346
0.005137
0.005496
0.005127
0.004997
0.005261
0.005235
0.005480
0.005523
0.005787
0.005326
0.005560
0.005163
0.005277
0.005092
0.004812
0.005392
0.005488
0.005087
0.005046
0.005698
0.005516
0.005491
0.005427
0.005101
0.005391
0.005277
0.005155
0.005219
0.005389
0.005168
0.005421
0.005029
0.005452
0.004518
0.005189
0.005341
0.005498
0.004864
0.005173
0.005446
0.005449
0.005742
0.005496
0.005199
0.005454
0.005611
0.005153
0.004607
0.005347
0.005065
0.005296
0.005276
0.005466
0.004773
0.005190
0.005417
0.004959
0.005113
0.005416
0.005415
0.005210
0.005274
0.005327
0.005357
0.004885
0.005123
0.005520
0.004920
0.005775
0.005401
0.005406
0.005361
0.005266
0.004299
0.005144
0.005339
0.005099
0.005319
0.005528
0.005226
0.006594
0.005491
0.005475
0.004907
0.005953
0.005401
0.005049
0.005233
0.005532
0.005221
0.004890
0.006041
0.005232
0.005466
0.005527
0.005069
0.005306
0.005034
0.005623
0.005410
0.005190
0.005566
0.005467
0.005262
0.005558
0.005279
0.005732
0.005284
0.005211
0.005437
0.005873
0.004949
0.005209
0.005381
0.005499
0.005388
0.005366
0.005315
0.005162
0.004904
0.005017
0.005511
0.005124
0.004973
0.005586
0.005216
0.005270
0.005805
0.004888
0.005855
0.005362
0.005827
0.005720
0.005670
0.005391
0.005282
0.004907
0.005383
0.005609
0.004813
0.005406
0.004897
0.005272
0.005353
0.005312
0.005748
0.005391
0.005218
0.005180
0.005278
0.005647
0.005551
0.005275
0.006137
0.005187
0.005409
0.005513
0.005265
0.005466
0.005266
0.005412
0.005446
0.005629
0.006120
0.005225
0.005223
0.005066
0.005774
0.006360
0.005446
0.005491
0.004846
0.005173
0.005398
0.006131
0.005273
0.004916
0.005225
0.005138
0.005326
0.005318
0.005718
0.005466
0.005158
0.005561
0.005428
0.005327
0.005371
0.005002
0.005156
0.005689
0.004902
0.005312
0.005748
0.005420
0.005299
0.005744
0.005223
0.005096
0.004981
0.005366
0.005480
0.005219
0.005273
0.004999
0.005114
0.005529
0.004868
0.005727
0.005193
0.005713
0.005421
0.005455
0.005676
0.005452
0.004970
0.005017
0.005877
0.005362
0.005179
0.005472
0.004681
0.005040
0.005280
0.005177
0.005481
0.005502
0.004865
0.004844
0.005667
0.005186
0.005317
0.005440
0.005852
0.005414
0.005561
0.005318
0.005403
0.004913
0.005273
0.005593
0.005219
0.005465
0.006097
0.005385
0.005294
0.004926
0.005313
0.005255
0.005153
0.005547
0.005367
0.005688
0.005766
0.005273
0.005360
0.005642
0.005353
0.005218
0.005117
0.005180
0.005215
0.005186
0.005151
0.005216
0.005487
0.005193
0.005300
0.005638
0.005485
0.005367
0.004929
0.005523
0.005339
0.005288
0.005336
0.005661
0.005016
0.005730
0.005334
0.005161
0.005194
0.005277
0.005441
0.005318
0.005538
0.005117
0.005502
0.005328
0.005428
0.005162
0.004787
0.005172
0.005163
0.004966
0.005637
0.004861
0.005381
0.005024
0.005169
0.005298
0.004920
0.005202
0.005353
0.005354
0.005625
0.005483
0.005065
0.005211
0.005334
0.005074
0.005138
0.005029
0.004410
0.005045
0.005333
0.005106
0.005237
0.005368
0.005093
0.005611
0.005407
0.004838
0.005430
0.005053
0.005230
0.005617
0.005573
0.005242
0.005607
0.005318
0.005212
0.004743
0.005787
0.005138
0.005116
0.005374
0.005889
0.005217
0.005143
0.004779
0.005316
0.005317
0.005304
0.005265
0.005349
0.005226
0.004757
0.005279
0.005300
0.005206
0.005349
0.005253
0.005770
0.005434
0.005399
0.005140
0.005277
0.005386
0.005322
0.005653
0.005438
0.005388
0.005073
0.005422
0.005562
0.004994
0.005291
0.005384
0.005157
0.005087
0.005022
0.005222
0.005247
0.005439
0.005372
0.005282
0.005449
0.005239
0.005265
0.005186
0.005522
0.005309
0.005369
0.005097
0.004981
0.006132
0.005171
0.005241
0.005388
0.005263
0.005448
0.005118
0.005268
0.005439
0.005190
0.005309
0.005639
0.005335
0.005300
0.005008
0.005354
0.005310
0.005510
0.005381
0.005193
0.005190
0.005101
0.004916
0.005403
0.005149
0.005118
0.005086
0.004757
0.005004
0.005155
0.005411
0.005173
0.004255
0.005226
0.005185
0.005101
0.005150
0.005198
0.005202
0.004843
0.005263
0.005094
0.005092
0.005112
0.005247
0.005241
0.005516
0.005123
0.005194
0.005198
0.005596
0.005714
0.005249
0.005537
0.005196
0.005692
0.005320
0.005224
0.005211
0.005234
0.005076
0.005490
0.006065
0.005370
0.005458
0.005396
0.005002
0.005312
0.004734
0.005611
0.005170
0.004971
0.005112
0.005273
0.005387
0.005107
0.005142
0.005096
0.006063
0.005254
0.005114
0.004831
0.005600
0.004502
0.005253
0.005104
0.005173
0.005414
0.005244
0.005106
0.005105
0.004758
0.004965
0.005191
0.004982
0.005223
0.005360
0.005344
0.005272
0.005380
0.005277
0.005640
0.005313
0.005185
0.004950
0.005108
0.005130
0.005116
0.005257
0.005164
0.005210
0.005229
0.005870
0.005403
0.005167
0.005289
0.006367
0.007288
0.006555
0.006654
0.006287
0.006482
0.006492
0.006388
0.006925
0.006809
0.006949
0.006738
0.006468
0.006216
0.006633
0.006328
0.006585
0.006372
0.006361
0.006525
0.006505
0.005977
0.006979
0.006580
0.006672
0.006977
0.006356
0.006700
0.006117
0.007059
0.006668
0.006233
0.006002
0.006400
0.006110
0.006485
0.006451
0.006377
0.006526
0.007289
0.005984
0.006561
0.006491
0.005934
0.006279
0.006503
0.006999
0.006529
0.006145
0.006936
0.006408
0.006856
0.006787
0.006369
0.006527
0.006247
0.006175
0.006440
0.006446
0.006674
0.006529
0.006246
0.006157
0.006229
0.006286
0.006333
0.006464
0.006511
0.006950
0.006863
0.006684
0.006245
0.006399
0.006481
0.006384
0.006705
0.006371
0.006108
0.006665
0.006804
0.006841
0.006830
0.006663
0.006735
0.006746
0.006955
0.006207
0.006720
0.006322
0.005843
0.006616
0.006140
0.007114
0.006614
0.005780
0.006486
0.007520
0.006954
0.005917
0.006408
0.006373
0.006603
0.006336
0.006337
0.006478
0.006113
0.006591
0.006591
0.006030
0.006259
0.006537
0.006520
0.007091
0.006572
0.006414
0.006394
0.007413
0.006518
0.006456
0.006792
0.006418
0.006530
0.006342
0.005979
0.006671
0.006376
0.006579
0.006542
0.006334
0.006159
0.006354
0.006454
0.006777
0.006146
0.006511
0.006950
0.006214
0.007164
0.006162
0.006293
0.006274
0.006379
0.006499
0.006706
0.006902
0.006624
0.005958
0.006959
0.006551
0.006539
0.006149
0.006642
0.006651
0.006338
0.006253
0.007032
0.006348
0.006571
0.006667
0.006286
0.006935
0.006619
0.006382
0.006373
0.006478
0.005516
0.006517
0.006773
0.006344
0.006504
0.006474
0.006085
0.006407
0.006341
0.006601
0.006314
0.006672
0.006343
0.006323
0.006627
0.006511
0.006537
0.006831
0.006783
0.005863
0.006390
0.005581
0.006194
0.006535
0.006544
0.006596
0.006932
0.006371
0.006532
0.006667
0.007207
0.006352
0.006449
0.006719
0.006725
0.006768
0.006759
0.006457
0.006560
0.006318
0.006694
0.006534
0.006898
0.006546
0.006514
0.006962
0.006552
0.006524
0.006820
0.006167
0.006170
0.006446
0.006651
0.006431
0.006505
0.006464
0.006515
0.006132
0.006573
0.005897
0.006353
0.006178
0.006685
0.006391
0.006477
0.006559
0.006734
0.006588
0.006528
0.006674
0.006456
0.006496
0.006307
0.006558
0.006948
0.006596
0.006621
0.006198
0.006284
0.006618
0.006266
0.006313
0.006264
0.006090
0.006181
0.006072
0.006481
0.006690
0.006988
0.007018
0.006591
0.005916
0.007212
0.006582
0.007403
0.006563
0.006920
0.007062
0.006631
0.006585
0.006374
0.007271
0.006538
0.006427
0.006397
0.006329
0.006511
0.006438
0.006517
0.006582
0.006321
0.006301
0.006651
0.006413
0.006339
0.006698
0.006474
0.006524
0.006368
0.006322
0.006314
0.006636
0.006742
0.006667
0.006438
0.005980
0.006447
0.006111
0.006562
0.006364
0.006722
0.006479
0.006513
0.006369
0.007022
0.006126
0.006965
0.006517
0.005761
0.006674
0.006826
0.006349
0.006600
0.005980
0.006539
0.006024
0.006298
0.007083
0.006521
0.006686
0.006714
0.006532
0.006384
0.006412
0.006007
0.006909
0.006867
0.006923
0.006641
0.006241
0.007209
0.006757
0.006585
0.006674
0.006483
0.007182
0.006839
0.006777
0.006481
0.006687
0.006375
0.007006
0.006994
0.006175
0.006906
0.006580
0.006467
0.006691
0.006616
0.005844
0.006687
0.007047
0.006424
0.006516
0.006162
0.007169
0.006678
0.006794
0.006188
0.006252
0.006204
0.006615
0.006480
0.006938
0.005958
0.006703
0.006352
0.006633
0.006460
0.006598
0.006749
0.006550
0.005656
0.005777
0.006446
0.006365
0.006624
0.006696
0.006956
0.006467
0.006695
0.006416
0.005350
0.006540
0.007440
0.006441
0.006495
0.007237
0.006419
0.006512
0.006259
0.006987
0.006761
0.007426
0.006793
0.006615
0.006631
0.006716
0.006732
0.006434
0.006364
0.006078
0.006875
0.006611
0.006297
0.006652
0.006586
0.006716
0.006590
0.007158
0.006477
0.006645
0.006061
0.006632
0.005967
0.006499
0.006517
0.006681
0.006585
0.006629
0.006326
0.006560
0.007001
0.006204
0.007017
0.006573
0.006539
0.006526
0.006337
0.006612
0.006516
0.006506
0.006531
0.006380
0.006508
0.006274
0.006989
0.006897
0.006587
0.006413
0.006382
0.006285
0.006792
0.006434
0.006378
0.006994
0.006258
0.006270
0.006222
0.006272
0.006406
0.006493
0.006874
0.006379
0.006188
0.006771
0.006686
0.006556
0.006164
0.006121
0.006764
0.005389
0.006527
0.006768
0.005714
0.006485
0.007528
0.006670
0.006448
0.006849
0.006507
0.007020
0.006594
0.006635
0.006572
0.006806
0.006485
0.006875
0.006447
0.006179
0.006816
0.006411
0.006426
0.006992
0.006616
0.006499
0.006682
0.006417
0.005523
0.006359
0.006817
0.006669
0.006539
0.007033
0.006682
0.006288
0.006484
0.006703
0.006428
0.005897
0.006608
0.006399
0.005946
0.006899
0.006548
0.006953
0.006509
0.006005
0.005772
0.006964
0.006455
0.006108
0.006745
0.006660
0.006775
0.006096
0.006559
0.006594
0.006370
0.006192
0.006684
0.006079
0.006881
0.006672
0.006068
0.006720
0.006854
0.006996
0.006953
0.006415
0.005860
0.006473
0.006684
0.006377
0.006966
0.006643
0.006353
0.006478
0.006619
0.006625
0.006897
0.006485
0.006631
0.007133
0.006619
0.006219
0.006687
0.006109
0.006594
0.006654
0.006323
0.006132
0.006829
0.006662
0.006935
0.006591
0.006515
0.005983
0.006569
0.006685
0.006612
0.006828
0.006636
0.006597
0.006871
0.006422
0.006928
0.006290
0.006578
0.006988
0.006742
0.006663
0.006661
0.006666
0.006465
0.006390
0.006797
0.007184
0.006014
0.006566
0.005733
0.006140
0.006636
0.006580
0.006114
0.006656
0.006570
0.006595
0.004871
0.006555
0.006649
0.005462
0.006858
0.006631
0.006523
0.006697
0.006494
0.008629
0.006376
0.007027
0.007096
0.008102
0.006012
0.006985
0.005709
0.007061
0.007341
0.006274
0.006179
0.006845
0.006829
0.005792
0.006742
0.006660
0.006472
0.006223
0.005971
0.006391
0.006060
0.006816
0.006783
0.006637
0.006855
0.007259
0.006750
0.006319
0.006265
0.006195
0.006002
0.006336
0.006165
0.006590
0.006005
0.006465
0.006389
0.006458
0.006840
0.006807
0.006493
0.007181
0.006359
0.007233
0.006348
0.006433
0.006137
0.006638
0.006385
0.006283
0.007133
0.006600
0.006569
0.007134
0.005990
0.005685
0.006538
0.007935
0.006700
0.006401
0.006517
0.005694
0.007150
0.006841
0.005990
0.006305
0.006588
0.006773
0.006611
0.006946
0.005850
0.006447
0.006480
0.007090
0.005874
0.006116
0.006763
0.006679
0.005972
0.006475
0.005895
0.006664
0.006433
0.006505
0.006751
0.006313
0.006945
0.006729
0.006809
0.006535
0.006537
0.006167
0.006511
0.006086
0.006071
0.006496
0.005720
0.005849
0.006649
0.006586
0.006735
0.006762
0.006171
0.006306
0.006588
0.006576
0.006856
0.006918
0.006531
0.006078
0.006408
0.006373
0.006733
0.006186
0.006104
0.006345
0.006648
0.006012
0.006477
0.007430
0.006628
0.006252
0.006319
0.006633
0.006614
0.006783
0.006603
0.007250
0.006377
0.006377
0.006633
0.006747
0.006117
0.006522
0.006549
0.006029
0.006642
0.005883
0.006256
0.007209
0.006427
0.006167
0.006421
0.006242
0.006621
0.006491
0.006761
0.006696
0.006101
0.007216
0.006556
0.006433
0.006404
0.005687
0.006618
0.006595
0.006051
0.006726
0.006604
0.006445
0.006543
0.005920
0.006672
0.006433
0.005878
0.006766
0.006482
0.006604
0.006576
0.006519
0.006534
0.005924
0.006061
0.006452
0.006645
0.006364
0.006640
0.006863
0.006903
0.006393
0.006213
0.006572
0.007037
0.006284
0.006413
0.006353
0.007231
0.006875
0.006685
0.006137
0.006647
0.006465
0.006487
0.006157
0.006427
0.005851
0.007216
0.006938
0.006773
0.006605
0.006342
0.006828
0.006660
0.006267
0.005765
0.006279
0.006518
0.006792
0.006632
0.006995
0.006959
0.006444
0.006409
0.006649
0.006647
0.005876
0.006820
0.007143
0.007390
0.005563
0.006030
0.006410
0.006361
0.006603
0.007095
0.006601
0.006629
0.006492
0.006424
0.006570
0.006933
0.006811
0.006895
0.006413
0.006284
0.006443
0.006678
0.006721
0.006290
0.005751
0.007674
0.008453
0.006438
0.006117
0.006919
0.006815
0.006583
0.006126
0.006443
0.006511
0.006399
0.006729
0.006425
0.006382
0.006330
0.006041
0.006684
0.007340
0.006628
0.006501
0.006259
0.007031
0.006285
0.006263
0.006519
0.006574
0.006644
0.006464
0.006432
0.006410
0.006637
0.006929
0.006779
0.006884
0.006412
0.006709
0.006636
0.005984
0.005936
0.006041
0.006346
0.006116
0.006418
0.006790
0.006549
0.006651
0.006629
0.007046
0.006097
0.006163
0.006433
0.006693
0.006988
0.007004
0.007025
0.006261
0.006576
0.006663
0.006064
0.006364
0.007716
0.006662
0.006505
0.006842
0.006323
0.006530
0.006665
0.006665
0.006588
0.006581
0.006698
0.006261
0.006942
0.006790
0.006520
0.006958
0.006929
0.006361
0.006817
0.006492
0.005700
0.006277
0.007120
0.006700
0.005973
0.006954
0.006020
0.006029
0.006664
0.006542
0.006405
0.006173
0.006935
0.007145
0.006169
0.006427
0.006560
0.006559
0.005996
0.006778
0.006341
0.006714
0.006537
0.006605
0.006322
0.006369
0.006876
0.005854
0.006603
0.006780
0.006539
0.006461
0.006299
0.006564
0.006106
0.005771
0.007193
0.005694
0.006420
0.006385
0.006674
0.006468
0.006112
0.006635
0.006505
0.006830
0.006635
0.005671
0.006727
0.006444
0.006368
0.006524
0.006745
0.006498
0.006436
0.006316
0.007621
0.006802
0.006589
0.006582
0.006748
0.007987
0.006599
0.007263
0.007294
0.006987
0.006318
0.006866
0.006457
0.006515
0.007540
0.007046
0.006562
0.006249
0.007070
0.006508
0.006679
0.006284
0.006584
0.006067
0.006582
0.006410
0.006629
0.006440
0.006506
0.006582
0.006020
