0.000604
0.000417
0.000453
0.000433
0.000469
0.000290
0.000298
0.000582
0.000328
0.000292
0.000369
0.000302
0.000291
0.000829
0.000337
0.000351
0.000285
0.000294
0.001117
0.000424
0.000346
0.000510
0.000293
0.000302
0.000307
0.000336
0.000448
0.000333
0.000317
0.000298
0.000284
0.000291
0.000557
0.001742
0.000320
0.000281
0.000315
0.000400
0.000368
0.000332
0.000285
0.000344
0.000308
0.000475
0.000297
0.000311
0.000293
0.000338
0.000316
0.000322
0.000415
0.000292
0.000411
0.000358
0.000673
0.000327
0.000295
0.000305
0.000337
0.000470
0.000360
0.000324
0.000706
0.000350
0.000297
0.000309
0.003002
0.000351
0.000326
0.000412
0.000449
0.000470
0.000348
0.000367
0.000406
0.000364
0.000328
0.000340
0.000292
0.001517
0.000279
0.000317
0.000367
0.000655
0.000275
0.000324
0.000290
0.000316
0.000387
0.000313
0.000356
0.000283
0.000443
0.000386
0.000367
0.000359
0.000340
0.000354
0.000446
0.000290
