0.001574
0.000898
0.002105
0.001565
0.001599
0.001593
0.001566
0.001589
0.001589
0.001877
0.001989
0.001592
0.001574
0.001539
0.001584
0.000879
0.001693
0.001709
0.001645
0.001602
0.001579
0.001122
0.000761
0.000916
0.002729
0.001127
0.000884
0.001555
0.000893
0.000959
0.001632
0.002377
0.000830
0.001868
0.001738
0.000936
0.000887
0.000902
0.000911
0.000897
0.001460
0.000894
0.001573
0.000761
0.001008
0.000896
0.001587
0.001649
0.000971
0.001284
0.000866
0.000882
0.001583
0.000969
0.001601
0.000907
0.000871
0.000918
0.001126
0.000919
0.000943
0.000883
0.000743
0.002137
0.001164
0.000954
0.000952
0.000866
0.001690
0.001608
0.000748
0.000859
0.000757
0.000849
0.000933
0.000850
0.000903
0.000897
0.001632
0.000807
0.001004
0.000782
0.000779
0.000919
0.000833
0.001448
0.000887
0.001911
0.000802
0.000827
0.000761
0.001148
0.001494
0.000808
0.000788
0.002460
0.000806
0.000887
0.000859
0.001607
