0.001841
0.001690
0.001595
0.001669
0.001669
0.001602
0.001725
0.001898
0.001663
0.001603
0.001688
0.001662
0.001671
0.001619
0.001745
0.001599
0.001668
0.001656
0.001669
0.001758
0.002193
0.001721
0.001591
0.001690
0.001675
0.001699
0.001652
0.001552
0.001670
0.001622
0.001702
0.001612
0.002451
0.001676
0.001612
0.002080
0.001670
0.001907
0.002061
0.001668
0.001690
0.001547
0.001663
0.001728
0.001645
0.001640
0.001647
0.001792
0.001772
0.001178
0.001032
0.001713
0.001731
0.003293
0.001698
0.001879
0.001705
0.001657
0.001653
0.001727
0.001845
0.001680
0.001750
0.003269
0.001741
0.001666
0.001765
0.001919
0.001682
0.001674
0.001603
0.001684
0.001636
0.001716
0.001656
0.001688
0.001653
0.001676
0.001606
0.001626
0.001662
0.001744
0.001602
0.001353
0.002189
0.001666
0.001662
0.001627
0.001665
0.001668
0.001689
0.001670
0.001699
0.001717
0.001734
0.001603
0.001618
0.001672
0.001708
0.001677
0.001700
0.001921
0.001652
0.001783
0.001653
0.001708
0.001691
0.001865
0.001807
0.001680
0.002089
0.001694
0.001743
0.001687
0.001690
0.001566
0.001673
0.001690
0.001682
0.001681
0.001666
0.001629
0.001686
0.001612
0.001682
0.001805
0.001673
0.001650
0.001693
0.001668
0.001658
0.001624
0.001660
0.001686
0.001706
0.001695
0.001708
0.001681
0.001701
0.001679
0.001633
0.001681
0.001782
0.001735
0.001817
0.001672
0.002044
0.001874
0.001682
0.001627
0.001617
0.001669
0.001688
0.001670
0.001644
0.001628
0.001693
0.001671
0.001711
0.001675
0.001682
0.001678
0.001691
0.001708
0.001617
0.001685
0.001666
0.001626
0.001715
0.002635
0.001703
0.001736
0.001663
0.001739
0.001982
0.001669
0.001832
0.001486
0.001599
0.001602
0.001698
0.001656
0.001672
0.001677
0.001837
0.003537
0.001675
0.001669
0.001705
0.001686
0.001659
0.001606
0.001692
0.001664
0.001690
0.001724
0.001687
0.001600
0.001661
0.001633
0.001947
0.001682
0.001630
0.001671
0.001588
0.001700
0.001869
0.001658
0.001696
0.001627
0.001643
0.001746
0.001736
0.001679
0.001605
0.001703
0.001664
0.001639
0.001685
0.001638
0.001647
0.001691
0.001708
0.001890
0.001655
0.001637
0.001624
0.001650
0.001663
0.002004
0.000968
0.001666
0.001627
0.001594
0.002002
0.001611
0.001734
0.001644
0.001718
0.001669
0.001858
0.001761
0.001828
0.001702
0.001601
0.001761
0.001619
0.001597
0.001606
0.001725
0.001620
0.001603
0.001603
0.001567
0.001629
0.001685
0.001691
0.001924
0.002121
0.001660
0.001660
0.001577
0.001628
0.001609
0.001669
0.001689
0.001953
0.001649
0.001954
0.001646
0.001594
0.001681
0.001692
0.001730
0.003526
0.001659
0.001763
0.001598
0.001638
0.001856
0.001653
0.001722
0.001753
0.001597
0.001795
0.001682
0.001767
0.001621
0.001851
0.001719
0.001684
0.001963
0.001660
0.001660
0.001820
0.001686
0.001671
0.001725
0.001687
0.001678
0.001612
0.001664
0.001626
0.001665
0.001618
0.001636
0.001651
0.001663
0.001663
0.003240
0.001675
0.001746
0.001841
0.001215
0.001737
0.001650
0.001659
0.001679
0.000914
0.001668
0.001664
0.001690
0.001675
0.001677
0.001665
0.001653
0.001631
0.001684
0.002326
0.002976
0.001695
0.001701
0.001707
0.001665
0.001687
0.001665
0.001607
0.001605
0.001776
0.001591
0.001699
0.002303
0.001590
0.001550
0.001593
0.001725
0.001921
0.001694
0.001692
0.001613
0.001681
0.001737
0.001666
0.001685
0.001671
0.001630
0.001610
0.001625
0.001852
0.001699
0.001682
0.001690
0.001677
0.001950
0.001661
0.003231
0.001685
0.001586
0.001715
0.001756
0.001760
0.002461
0.001661
0.001734
0.001669
0.001630
0.001750
0.001604
0.001811
0.001684
0.001901
0.001662
0.001673
0.003123
0.001800
0.001020
0.001607
0.001677
0.001688
0.001669
0.001675
0.001683
0.001787
0.001680
0.001750
0.001618
0.001875
0.001861
0.001682
0.001766
