0.000408
0.000441
0.000286
0.000361
0.000323
0.000601
0.000485
0.000432
0.000415
0.000398
0.000326
0.000503
0.000332
0.000404
0.000328
0.000440
0.000442
0.000545
0.000495
0.000429
0.000799
0.000436
0.000335
0.000347
0.000403
0.000447
0.000318
0.000444
0.000452
0.000322
0.000411
0.000481
0.000329
0.000426
0.000327
0.000323
0.000444
0.000323
0.000450
0.000322
0.000435
0.000360
0.000433
0.000369
0.000437
0.000397
0.000358
0.000429
0.001208
0.000478
0.000467
0.000329
0.000323
0.000398
0.001153
0.000537
0.000367
0.000331
0.000347
0.000328
0.000545
0.000611
0.000329
0.000635
0.000342
0.000420
0.000436
0.000421
0.000799
0.000324
0.000326
0.001112
0.000436
0.000477
0.000619
0.000379
0.000456
0.000437
0.000862
0.000338
0.000311
0.000363
0.000331
0.000424
0.000438
0.000325
0.000481
0.000352
0.000516
0.000320
0.000481
0.000437
0.000638
0.000566
0.000450
0.000434
0.000342
0.000305
0.000329
0.000624
