0.000942
0.000877
0.000808
0.001111
0.001193
0.001050
0.001827
0.001086
0.001180
0.001114
0.001121
0.001075
0.001094
0.001098
0.001198
0.001176
0.001146
0.001106
0.001074
0.001163
0.001048
0.001155
0.001020
0.001113
0.001003
0.001201
0.001146
0.001117
0.001094
0.001086
0.001097
0.001083
0.001126
0.001060
0.001162
0.001194
0.001145
0.001104
0.001125
0.001146
0.001134
0.001155
0.001130
0.001128
0.001093
0.001120
0.001043
0.001032
0.001294
0.001090
0.001049
0.001078
0.001075
0.001081
0.001097
0.001151
0.001084
0.001130
0.001074
0.001075
0.001054
0.001084
0.001181
0.001091
0.001054
0.001100
0.001092
0.001102
0.001058
0.001285
0.001064
0.001177
0.001146
0.001125
0.001056
0.001093
0.001181
0.001129
0.001128
0.001108
0.001164
0.001131
0.001126
0.001088
0.001098
0.001132
0.001067
0.001163
0.001100
0.001108
0.001097
0.001110
0.001104
0.001033
0.001078
0.001055
0.001073
0.001058
0.001084
0.001137
0.001153
0.001067
0.001189
0.001105
0.001102
0.001107
0.001090
0.001110
0.001090
0.001040
0.001111
0.001134
0.001107
0.001022
0.001133
0.001140
0.001121
0.001065
0.001132
0.001082
0.001076
0.001119
0.001198
0.001042
0.001161
0.001860
0.001061
0.001077
0.001154
0.001402
0.001123
0.001090
0.001086
0.000997
0.001050
0.001177
0.001110
0.001096
0.001173
0.001038
0.001038
0.001039
0.001086
0.001099
0.001130
0.001135
0.001180
0.001108
0.001084
0.001086
0.001063
0.001139
0.001106
0.001118
0.001124
0.001072
0.001076
0.001189
0.001085
0.001139
0.001123
0.001158
0.001163
0.001083
0.001100
0.001096
0.001153
0.001061
0.001122
0.001105
0.001131
0.001092
0.001782
0.001158
0.001153
0.001145
0.001411
0.001171
0.001129
0.001128
0.001149
0.001059
0.001043
0.001076
0.001188
0.001106
0.001143
0.001117
0.001005
0.001107
0.001104
0.001123
0.001106
0.001103
0.001130
0.001052
0.001095
0.001119
0.001098
0.001151
0.001904
0.001110
0.001119
0.001075
0.001029
0.001105
0.001077
0.001057
0.001107
0.001191
0.001073
0.001166
0.001129
0.001094
0.001144
0.001086
0.001101
0.001100
0.001127
0.001091
0.001074
0.001065
0.001095
0.001098
0.001206
0.001161
0.001143
0.001115
0.001204
0.001096
0.001139
0.001239
0.001202
0.001139
0.001082
0.001088
0.001157
0.001138
0.001124
0.001088
0.001187
0.001091
0.001091
0.001073
0.001057
0.001118
0.001115
0.001130
0.001144
0.001114
0.001074
0.001131
0.001116
0.001098
0.001115
0.001876
0.001127
0.001100
0.001166
0.001104
0.001064
0.001113
0.001026
0.001115
0.001158
0.001088
0.001177
0.001142
0.001035
0.001065
0.001093
0.001088
0.001117
0.001087
0.001108
0.001141
0.001176
0.001122
0.001094
0.001087
0.001090
0.001151
0.001092
0.000981
0.001070
0.001113
0.001156
0.001116
0.001149
0.001132
0.000967
0.001081
0.001154
0.001131
0.001150
0.001139
0.001133
0.001203
0.001096
0.001128
0.001095
0.001111
0.001151
0.001079
0.001129
0.001171
0.001099
0.001121
0.001138
0.001059
0.001133
0.001055
0.001096
0.001148
0.001092
0.001074
0.001228
0.001117
0.001083
0.001075
0.001146
0.001072
0.001039
0.001136
0.001074
0.001151
0.001007
0.001106
0.001174
0.001141
0.001113
0.001064
0.001168
0.001164
0.001119
0.001118
0.001073
0.001125
0.001099
0.001118
0.001072
0.001065
0.001139
0.001100
0.001098
0.001100
0.001149
0.001094
0.001149
0.001113
0.001178
0.001118
0.001104
0.001563
0.001132
0.001063
0.001109
0.001111
0.001118
0.001059
0.001051
0.001063
0.001129
0.001179
0.001062
0.001126
0.001087
0.001126
0.001094
0.001107
0.001169
0.001134
0.001124
0.001560
0.001162
0.001148
0.001143
0.001108
0.001109
0.001126
0.001104
0.001168
0.001108
0.001143
0.001120
0.001164
0.001185
0.001139
0.001118
0.001221
0.001063
0.001173
0.001127
0.001105
0.001255
0.001142
0.001162
0.001154
0.001138
0.001145
0.001142
0.001108
0.001145
0.001131
0.001167
0.001141
0.001169
0.001121
0.001131
0.001136
0.001058
0.001106
0.001084
0.001164
0.001124
0.001114
0.001132
0.001175
0.001112
0.001142
0.001115
0.001089
0.001159
0.001584
0.001144
0.001194
0.001128
0.001152
0.001104
0.001271
0.001115
0.001096
0.001125
0.001111
0.001203
0.001169
0.001158
0.001111
0.001148
0.001155
0.001174
0.001222
0.001165
0.001169
0.001134
0.001159
0.001206
0.001190
0.001077
0.001082
0.001088
0.001146
0.001114
0.001068
0.001123
0.001182
0.001080
0.001097
0.001089
0.001218
0.001116
0.001064
0.001132
0.001130
0.001174
0.001153
0.001191
0.001068
0.001197
0.001184
0.001113
0.001133
0.001167
0.001085
0.001159
0.001127
0.001188
0.001158
0.001089
0.001116
0.001124
0.001096
0.001181
0.001147
0.001109
0.001267
0.001165
0.001122
0.001147
0.001101
0.001098
0.001173
0.001161
0.001077
0.001179
0.001173
0.001073
0.001106
0.001091
0.001188
0.001157
0.001143
0.001123
0.001138
0.001111
0.001080
0.001191
0.001185
0.001085
0.001089
0.001108
0.001137
0.001100
0.001162
0.001114
0.001070
0.001154
0.001119
0.001106
0.001135
0.001101
0.001163
0.001167
0.001123
0.001093
0.001122
0.001140
0.001096
0.001118
0.001133
0.001120
0.001097
0.001122
0.001128
0.001104
0.001088
0.001074
0.001154
0.001142
0.001187
0.001112
0.001164
0.001080
0.001093
0.001177
0.001008
0.001132
0.001139
0.001092
0.001112
0.001111
0.001085
0.001120
0.001175
0.001199
0.001153
0.001114
0.001158
0.001374
0.001066
0.001064
0.001112
0.001134
0.001170
0.001169
0.001160
0.001111
0.001096
0.001200
0.001174
0.001102
0.001166
0.001100
0.001142
0.001165
0.001150
0.001121
0.001127
0.001079
0.001136
0.001164
0.001150
0.001145
0.001219
0.001099
0.001175
0.001231
0.001124
0.001189
0.001095
0.001101
0.001055
0.001109
0.001106
0.001084
0.001109
0.001161
0.001103
0.001090
0.001095
0.001098
0.001090
0.001057
0.001071
0.001130
0.001225
0.001191
0.001099
0.001183
0.001101
0.001045
0.001108
0.001127
0.001126
0.001132
0.001421
0.001126
0.001163
0.001159
0.001151
0.001088
0.001109
0.001180
0.001167
0.001094
0.001001
0.001132
0.001125
0.001173
0.001141
0.001134
0.001095
0.001199
0.001106
0.001152
0.001097
0.001156
0.001157
0.001145
0.001146
0.001114
0.001166
0.001096
0.001140
0.001136
0.001111
0.001103
0.001145
0.001107
0.001141
0.001112
0.001150
0.001195
0.001120
0.001160
0.001158
0.001116
0.001151
0.001123
0.001172
0.001106
0.001144
0.001251
0.001126
0.001119
0.001153
0.001094
0.001176
0.001140
0.001153
0.001158
0.001222
0.001137
0.001184
0.001156
0.001169
0.001111
0.001182
0.001229
0.001382
0.001090
0.001091
0.001253
0.001106
0.001140
0.001148
0.001170
0.001153
0.001164
0.001167
0.001145
0.001116
0.001097
0.001128
0.001100
0.001116
0.001112
0.001079
0.001075
0.001171
0.001156
0.001157
0.001104
0.001189
0.001169
0.001152
0.001126
0.001160
0.001174
0.001246
0.001130
0.001303
0.001126
0.001181
0.001172
0.001133
0.001176
0.001111
0.002014
0.001156
0.001151
0.001171
0.001146
0.001119
0.001180
0.001227
0.001155
0.001221
0.001165
0.001178
0.001084
0.001145
0.001179
0.001166
0.001107
0.001128
0.001183
0.001134
0.001151
0.001100
0.001141
0.001199
0.001059
0.001118
0.001185
0.001098
0.001090
0.001079
0.001120
0.001154
0.001184
0.001085
0.001130
0.001198
0.001129
0.001075
0.001183
0.001170
0.001867
0.001149
0.001161
0.001158
0.001134
0.001147
0.001156
0.001101
0.001177
0.001117
0.001113
0.001130
0.001487
0.001150
0.001412
0.001138
0.001139
0.001131
0.001110
0.001147
0.001179
0.001097
0.001141
0.001909
0.001117
0.001109
0.001184
0.001163
0.001149
0.001110
0.001117
0.001131
0.001117
0.001125
0.001201
0.001162
0.001127
0.001163
0.001153
0.001140
0.001139
0.001138
0.001146
0.001115
0.001168
0.001120
0.001131
0.001138
0.001125
0.001151
0.001536
0.001102
0.001110
0.001148
0.001165
0.001116
0.001110
0.001108
0.001132
0.001124
0.001201
0.001185
0.001179
0.001187
0.001187
0.001099
0.001136
0.001095
0.001128
0.001097
0.001227
0.001151
0.001102
0.001091
0.001130
0.001168
0.001157
0.001121
0.001140
0.001925
0.001106
0.001079
0.001120
0.001204
0.001106
0.001204
0.001181
0.001182
0.001153
0.001113
0.001100
0.001186
0.001121
0.001134
0.001169
0.001162
0.001164
0.001210
0.001054
0.001086
0.001160
0.001103
0.001124
0.001189
0.001180
0.001180
0.001121
0.001158
0.001099
0.001147
0.001099
0.001201
0.001106
0.001193
0.001142
0.001194
0.001202
0.001184
0.001092
0.001144
0.001110
0.001135
0.001112
0.001101
0.001151
0.001077
0.001110
0.001096
0.001125
0.001139
0.001152
0.001120
0.001156
0.001177
0.001162
0.001151
0.001096
0.001201
0.001179
0.001083
0.001096
0.001215
0.001105
0.001143
0.001111
0.001169
0.001133
0.001129
0.001140
0.001114
0.001104
0.001121
0.001162
0.001085
0.001083
0.001093
0.001123
0.001080
0.001126
0.001116
0.001229
0.001143
0.001099
0.001066
0.001083
0.001163
0.001113
0.001192
0.001128
0.001086
0.001104
0.001092
0.001157
0.001147
0.001114
0.001440
0.001111
0.001088
0.001095
0.001082
0.001056
0.001088
0.001135
0.001158
0.001187
0.001130
0.001085
0.001098
0.001081
0.001136
0.001072
0.001103
0.001180
0.001071
0.001146
0.001134
0.001168
0.001128
0.001143
0.001101
0.001188
0.001138
0.001097
0.001129
0.001160
0.001165
0.001127
0.001105
0.001285
0.001102
0.001108
0.001085
0.001117
0.001147
0.001151
0.001091
0.001679
0.001067
0.001059
0.001111
0.001171
0.001046
0.001143
0.001123
0.001083
0.001039
0.001242
0.001176
0.001131
0.000913
0.000928
0.000864
0.000897
0.000915
0.000914
0.000822
0.000908
0.000906
0.000885
0.000884
0.000970
0.000936
