0.002072
0.002399
0.002232
0.002104
0.002414
0.002090
0.002014
0.002181
0.001958
0.002303
0.002354
0.002104
0.002554
0.002272
0.002249
0.002237
0.002330
0.003057
0.002463
0.002319
0.002380
0.002284
0.002344
0.002380
0.002191
0.002548
0.002054
0.002018
0.002229
0.002570
0.001988
0.002196
0.002123
0.002000
0.002126
0.002173
0.002360
0.001984
0.002205
0.002418
0.002245
0.002112
0.002617
0.002258
0.001914
0.002337
0.002282
0.002079
0.002494
0.002168
0.001943
0.001916
0.002136
0.002622
0.002241
0.003228
0.002455
0.002439
0.002472
0.002284
0.002258
0.002079
0.002209
0.002114
0.002277
0.002275
0.001587
0.002157
0.002153
0.002076
0.002207
0.002457
0.002089
0.002135
0.002477
0.002432
0.002951
0.001974
0.002069
0.002299
0.002243
0.002302
0.002049
0.002415
0.002027
0.001738
0.002317
0.001807
0.002343
0.002316
0.002095
0.002198
0.002526
0.002053
0.001962
0.002620
0.001977
0.002321
0.002058
0.001797
0.002138
0.002549
0.002321
0.002176
0.002281
0.002259
0.001997
0.002728
0.002211
0.002361
0.001883
0.002252
0.002320
0.002255
0.002044
0.002255
0.002159
0.002094
0.002273
0.002311
0.002227
0.002177
0.002181
0.002297
0.002510
0.001741
0.002389
0.002361
0.002208
0.002235
0.002281
0.002347
0.002247
0.002078
0.002356
0.002291
0.002220
0.002096
0.003046
0.002275
0.003620
0.002308
0.002396
0.002363
0.002272
0.002146
0.002337
0.003011
0.001941
0.001892
0.001730
0.002197
0.001967
0.002944
0.001929
0.002256
0.001962
0.002315
0.002260
0.002338
0.002186
0.002223
0.002041
0.002237
0.002118
0.002322
0.001952
0.002246
0.001918
0.002545
0.002259
0.002194
0.002281
0.002144
0.002375
0.002034
0.002065
0.002308
0.002446
0.002424
0.001966
0.002626
0.002510
0.002275
0.002066
0.002274
0.002282
0.002438
0.002334
0.002195
0.002213
0.002478
0.002416
0.002143
0.002258
0.002314
0.001964
0.002136
0.002293
0.002684
0.001948
0.002455
0.001923
0.002009
0.001891
0.002372
0.002393
0.001987
0.002321
0.002309
0.001961
0.002356
0.002178
0.002315
0.002147
0.002161
0.002237
0.002269
0.001964
0.001971
0.002146
0.002286
0.002279
0.001889
0.002279
0.002911
0.002301
0.002207
0.002312
0.003144
0.002343
0.002226
0.001958
0.002265
0.002141
0.002194
0.001797
0.002357
0.002139
0.001924
0.002468
0.002092
0.003355
0.002200
0.002311
0.002209
0.002036
0.002324
0.002416
0.002071
0.002279
0.002914
0.002399
0.002278
0.002378
0.002389
0.002363
0.002033
0.002486
0.002183
0.002226
0.002002
0.001753
0.002009
0.002404
0.002259
0.002200
0.002071
0.002429
0.002086
0.002186
0.002158
0.001933
0.002251
0.002376
0.002276
0.002403
0.002278
0.002301
0.002056
0.002379
0.002316
0.001927
0.001930
0.002201
0.002186
0.001940
0.002334
0.002106
0.001959
0.002163
0.002034
0.001820
0.002416
0.002197
0.002105
0.001990
0.002333
0.002151
0.002380
0.002411
0.002040
0.002126
0.002363
0.002517
0.002330
0.001899
0.002229
0.002251
0.001709
0.002296
0.002211
0.002213
0.001924
0.002344
0.001880
0.002274
0.002160
0.002231
0.002124
0.002438
0.002157
0.002339
0.002333
0.002240
0.002125
0.002275
0.002357
0.002234
0.002107
0.002381
0.002039
0.001959
0.002034
0.002549
0.002120
0.002228
0.002180
0.002403
0.001884
0.002049
0.001938
0.002757
0.002303
0.002277
0.001855
0.002392
0.002352
0.001962
0.002253
0.002281
0.002246
0.002126
0.002072
0.002251
0.001986
0.002314
0.002342
0.002139
0.002383
0.002300
0.002011
0.001894
0.001840
0.002409
0.002319
0.002123
0.002285
0.001764
0.001782
0.002210
0.002244
0.002172
0.002250
0.002175
0.002263
0.001999
0.002221
0.002204
0.002251
0.002182
0.001865
0.002275
0.002537
0.002042
0.002287
0.002415
0.002306
0.002368
0.003079
0.002297
0.002394
0.001932
0.001949
0.002307
0.002026
0.002572
0.002266
0.001983
0.002340
0.001949
0.002430
0.002345
0.002250
0.001998
0.002075
0.002510
0.002018
0.001878
0.002327
0.002146
0.002280
0.002180
0.002013
0.002048
0.002311
0.002342
0.001961
0.002299
0.002188
0.003307
0.002358
0.001622
0.002043
0.002285
0.002073
0.001905
0.002273
0.001862
0.002551
0.002044
0.001978
0.001994
0.002141
0.002400
0.001829
0.002313
0.002272
0.002373
0.002181
0.002246
0.002041
0.002508
0.002188
0.002188
0.002230
0.002090
0.002414
0.002206
0.001987
0.002387
0.002336
0.002296
0.002415
0.002170
0.002544
0.001964
0.002141
0.001932
0.002294
0.002194
0.002284
0.001954
0.002382
0.002050
0.002233
0.001944
0.002217
0.002174
0.002007
0.001989
0.002284
0.002070
0.002783
0.002531
0.002066
0.002082
0.002081
0.002121
0.002215
0.002359
0.002501
0.002057
0.002025
0.002739
0.002144
0.001890
0.001898
0.002363
0.002758
0.001514
0.002255
0.002059
0.001951
0.002695
0.001911
0.001912
0.002300
0.001762
0.001962
0.002008
0.002383
0.002313
0.002145
0.001873
0.002297
0.002232
0.002328
0.002216
0.002243
0.002259
0.002059
0.002168
0.002147
0.001952
0.002212
0.002125
0.002114
0.002363
0.002291
0.002156
0.002110
0.002286
0.001793
0.002085
0.002416
0.001978
0.002135
0.002385
0.001753
0.002081
0.002290
0.002069
0.002190
0.001900
0.002239
0.002340
0.001958
0.002151
0.002427
0.001884
0.002314
0.002044
0.002378
0.002367
0.002174
0.001921
0.003668
0.002625
0.002306
0.001996
0.002174
0.002545
0.002410
0.002338
0.002099
0.002258
0.002085
0.002126
0.001998
0.002007
0.001894
0.002021
0.002333
0.002079
0.002174
0.002275
0.002375
0.002287
0.002249
0.002273
0.002273
0.002262
0.001984
0.001925
0.002301
0.002231
0.002443
0.001945
0.002253
0.001973
0.002633
0.002123
0.002010
0.002208
0.001939
0.002309
0.001951
0.002267
0.003813
0.003215
0.003377
0.002505
0.002896
0.002633
0.002578
0.002429
0.002495
0.002914
0.002534
0.002488
0.003064
0.002488
0.002819
0.002587
0.003245
0.003891
0.002921
0.002582
0.002514
0.002617
0.002545
0.003034
0.002693
0.002598
0.003331
0.003064
0.002576
0.002069
0.002828
0.002884
0.002739
0.003077
0.003223
0.002908
0.002793
0.002129
0.002374
0.002491
0.002558
0.002967
0.002505
0.002993
0.002894
0.002870
0.002650
0.003115
0.002543
0.003108
0.002881
0.002633
0.002883
0.002433
0.002423
0.002664
0.002841
0.002799
0.002910
0.002867
0.002854
0.002895
0.002803
0.002618
0.002864
0.003438
0.002530
0.002620
0.002400
0.002914
0.002567
0.002688
0.003012
0.003134
0.002168
0.002924
0.002839
0.002958
0.002458
0.002994
0.003128
0.002952
0.002942
0.002940
0.002777
0.002674
0.002299
0.002674
0.002999
0.002518
0.003486
0.003065
0.002893
0.002868
0.002862
0.002952
0.002873
0.002611
0.002849
0.002855
0.002455
0.002763
0.002624
0.002806
0.003147
0.002501
0.003162
0.002763
0.002532
0.002912
0.002726
0.003010
0.002888
0.002468
0.003108
0.002513
0.002857
0.002958
0.002550
0.002949
0.002808
0.002783
0.002291
0.003041
0.002422
0.002993
0.003153
0.003389
0.002940
0.002819
0.003009
0.002078
0.002764
0.002990
0.003730
0.002815
0.002641
0.002941
0.002406
0.003039
0.002634
0.003050
0.002994
0.002892
0.003068
0.002579
0.003283
0.003062
0.002912
0.002991
0.002862
0.002536
0.002829
0.002834
0.002530
0.002546
0.003051
0.002942
0.002928
0.002480
0.003036
0.003253
0.002863
0.002818
0.002567
0.002555
0.002536
0.003698
0.002861
0.002400
0.002883
0.002661
0.002813
0.002403
0.002528
0.002988
0.002805
0.002800
0.002955
0.002551
0.002926
0.002999
0.002829
0.002351
0.002851
0.003203
0.002289
0.002502
0.002582
0.002518
0.002393
0.002465
0.002970
0.003124
0.002841
0.002882
0.002902
0.002427
0.002899
0.002964
0.002529
0.002994
0.002984
0.003030
0.002939
0.002525
0.003070
0.002858
0.002512
0.002929
0.002493
0.002937
0.002191
0.002439
0.002467
0.002808
0.002908
0.003026
0.002995
0.002589
0.002421
0.003018
0.002541
0.002989
0.002880
0.002919
0.002685
0.002943
0.005015
0.003058
0.002827
0.002833
0.002824
0.002495
0.003867
0.002927
0.002573
0.003062
0.002817
0.002916
0.002583
0.002593
0.003184
0.002527
0.002771
0.002933
0.002328
0.002923
0.002835
0.003589
0.002943
0.002909
0.002856
0.003237
0.002868
0.002718
0.002454
0.002532
0.002850
0.002898
0.002839
0.002831
0.002823
0.002649
0.002636
0.002667
0.002882
0.002490
0.002655
0.002500
0.002890
0.002998
0.002696
0.002521
0.003103
0.003036
0.003014
0.002954
0.002521
0.002961
0.002509
0.002980
0.002668
0.003891
0.002462
0.002797
0.003124
0.002967
0.002795
0.002539
0.002696
0.002886
0.002984
0.003021
0.002868
0.002924
0.003003
0.002618
0.002476
0.002431
0.002929
0.003092
0.002813
0.002905
0.002754
0.002579
0.002985
0.002902
0.002369
0.002911
0.003197
0.003412
0.002775
0.002616
0.003013
0.002599
0.002407
0.002945
0.003017
0.002969
0.002987
0.002508
0.002902
0.003037
0.002585
0.002506
0.002621
0.002380
0.002256
0.002896
0.002718
0.003032
0.002787
0.002934
0.002877
0.002843
0.002929
0.002921
0.002979
0.002595
0.003070
0.002899
0.002953
0.002371
0.002853
0.002817
0.002520
0.002400
0.002823
0.002180
0.003025
0.002767
0.002915
0.002872
0.002512
0.002581
0.002932
0.002512
0.002762
0.002755
0.003043
0.002572
0.002423
0.002886
0.002439
0.002955
0.002692
0.002590
0.002653
0.003049
0.002959
0.002689
0.002672
0.002425
0.002435
0.003050
0.002650
0.002492
0.002633
0.002952
0.002901
0.002873
0.002841
0.002906
0.002980
0.002561
0.002940
0.002982
0.002709
0.003038
0.002902
0.003001
0.003305
0.002548
0.002723
0.002845
0.003036
0.002987
0.002947
0.002979
0.002426
0.002426
0.002557
0.003220
0.003009
0.002542
0.003068
0.002996
0.002719
0.002893
0.002143
