0.000639
0.001260
0.000873
0.000636
0.000943
0.005260
0.001267
0.000841
0.000861
0.004854
0.002535
0.000654
0.000838
0.000609
0.000978
0.001193
0.001618
0.000582
0.000920
0.000848
0.000952
0.002636
0.000795
0.004095
0.000853
0.001883
0.000655
0.002512
0.002103
0.000740
0.000675
0.002646
0.000906
0.003107
0.000676
0.000734
0.000809
0.001435
0.000657
0.001443
0.002488
0.000803
0.000954
0.001652
0.001552
0.000755
0.001923
0.003737
0.005995
0.001958
0.002325
0.001310
0.000707
0.002530
0.000625
0.000776
0.000903
0.001367
0.000971
0.001077
0.000856
0.002779
0.000669
0.000834
0.001358
0.000857
0.001636
0.000743
0.000932
0.000650
0.000874
0.000765
0.003299
0.001774
0.000843
0.000782
0.000873
0.000790
0.000894
0.000603
0.002658
0.001203
0.000680
0.001472
0.002139
0.000647
0.003563
0.000623
0.001693
0.000634
0.000865
0.001163
0.000727
0.000880
0.002485
0.003262
0.001648
0.000966
0.000779
0.004693
