0.004233
0.000883
0.002155
0.002366
0.001617
0.001528
0.001901
0.001798
0.001307
0.001144
0.001187
0.002370
0.001984
0.003668
0.002956
0.001496
0.002357
0.003133
0.003247
0.004254
0.002807
0.002433
0.003041
0.003183
0.002473
0.002851
0.001813
0.002968
0.002473
0.002324
0.001488
0.002813
0.001682
0.001430
0.001544
0.002681
0.002055
0.002669
0.001603
0.001374
0.001615
0.001608
0.002387
0.004317
0.001710
0.002261
0.003433
0.001475
0.002478
0.002142
0.001829
0.001668
0.001304
0.001094
0.001632
0.001527
0.001660
0.002030
0.003162
0.001757
0.002566
0.002269
0.003645
0.002335
0.001965
0.002799
0.002712
0.001514
0.002450
0.004228
0.002283
0.002400
0.002083
0.004260
0.001498
0.002375
0.002797
0.004700
0.002862
0.002013
0.002170
0.001990
0.001490
0.001441
0.001057
0.001442
0.001594
0.001718
0.002953
0.002007
0.001701
0.001034
0.001006
0.003775
0.002591
0.002367
0.004353
0.001461
0.004671
0.001515
0.002782
0.002386
0.001921
0.001477
0.003378
0.001630
0.002356
0.002252
0.001865
0.002943
0.001762
0.001223
0.002308
0.000451
0.000858
0.001468
0.001632
0.003828
0.003240
0.002742
0.001590
0.001667
0.002880
0.003460
0.002795
0.001594
0.002208
0.002784
0.002253
0.002326
0.001321
0.001390
0.002134
0.001987
0.001317
0.002179
0.001552
0.002610
0.002371
0.002994
0.001491
0.002368
0.002749
0.001836
0.003583
0.001495
0.003205
0.002596
0.002138
0.001695
0.001991
0.001600
0.001368
0.003090
0.004600
0.002549
0.002427
0.000956
0.002089
0.001478
0.001566
0.002537
0.002490
0.001725
0.001510
0.003356
0.001574
0.002492
0.004509
0.001431
0.003609
0.001362
0.002668
0.001728
0.001550
0.003416
0.002938
0.002278
0.002978
0.001320
0.001567
0.001415
0.001541
0.004057
0.002525
0.003258
0.003101
0.004681
0.000988
0.002848
0.002570
0.001895
0.001867
0.002539
0.003803
0.001753
0.001660
0.002122
0.002263
0.001716
0.003061
0.001897
0.003065
0.001599
0.002372
0.002876
0.001538
0.002538
0.002027
0.004326
0.002831
0.003312
0.002073
0.002290
0.001408
0.003435
0.002586
0.001531
0.001677
0.001597
0.002494
0.001982
0.002547
0.001181
0.003293
0.003351
0.002154
0.003726
0.002715
0.002465
0.001625
0.003768
0.003550
0.001505
0.001221
0.001592
0.001591
0.001926
0.003213
0.001883
0.004000
0.003248
0.003934
0.003777
0.002353
0.002429
0.003053
0.002522
0.001771
0.001591
0.002567
0.001580
0.001843
0.002205
0.001958
0.002883
0.004505
0.001344
0.001545
0.001341
0.002425
0.002246
0.002032
0.002999
0.003748
0.003252
0.002513
0.001264
0.002401
0.004649
0.001988
0.001556
0.001435
0.001441
0.003062
0.004353
0.001869
0.002581
0.001525
0.003136
0.003027
0.001552
0.003125
0.001612
0.003219
0.001704
0.004439
0.002830
0.001145
0.002941
0.000992
0.002750
0.002521
0.002241
0.001522
0.003278
0.001880
0.001383
0.001339
0.002427
0.001763
0.002119
0.003537
0.002809
0.001459
0.004550
0.003157
0.002355
0.001642
0.004089
0.002943
0.002953
0.002468
0.003192
0.001872
0.001667
0.001028
0.001942
0.003384
0.001843
0.002355
0.001781
0.002122
0.001686
0.002816
0.001425
0.003770
0.002256
0.002006
0.001676
0.004456
0.001858
0.002329
0.002163
0.001677
0.001393
0.002905
0.003267
0.001667
0.001175
0.002467
0.001693
0.002188
0.001697
0.002205
0.001333
0.001538
0.004325
0.003593
0.001726
0.003132
0.001100
0.002180
0.003009
0.002242
0.001483
0.001551
0.001609
0.002969
0.002520
0.001920
0.003972
0.002634
0.003081
0.001481
0.001596
0.002589
0.001621
0.001620
0.002933
0.001909
0.004210
0.001091
0.003565
0.004535
0.002379
0.002641
0.001883
0.001506
0.001099
0.002120
0.002368
0.003137
0.002258
0.001310
0.001810
0.003495
0.001844
0.004016
0.002285
0.001339
0.001766
0.002991
0.000999
0.003276
0.001614
0.000980
0.001387
0.002390
0.003130
0.001430
0.003615
0.003688
0.003480
0.001545
0.002227
0.002294
0.004390
0.002573
0.001543
0.001641
0.002479
0.001612
0.001537
0.002654
0.003540
0.002643
0.002724
0.001561
0.001478
0.001385
0.001523
0.003048
0.001552
0.001591
0.001748
0.001311
0.001580
0.001431
0.002048
0.001381
0.002776
0.001578
0.004195
0.000967
0.001445
0.001864
0.002133
0.002517
0.002782
0.002583
0.002676
0.003180
0.002387
0.000937
0.001404
0.001241
0.002593
0.002676
0.001321
0.002119
0.002539
0.002706
0.001766
0.001617
0.001410
0.002352
0.001599
0.002449
0.003658
0.001451
0.001821
0.002123
0.002490
0.003261
0.002507
0.004312
0.003796
0.001668
0.003253
0.001357
0.005181
0.002999
0.004876
0.002197
0.002059
0.001734
0.002177
0.003602
0.002464
0.004161
0.001618
0.002860
0.002893
0.001483
0.001726
0.002208
0.002324
0.002423
0.005226
0.001502
0.002153
0.001568
0.003321
0.002732
0.002098
0.002759
0.003015
0.001623
0.001742
0.004593
0.002924
0.001752
0.004131
0.004594
0.002401
0.002049
0.002862
0.002964
0.001416
0.002368
0.002214
0.001704
0.002967
0.002817
0.002736
0.001507
0.002533
0.002249
0.001438
0.003230
0.003022
0.002611
0.003154
0.002363
0.002178
0.004320
0.001402
0.002309
0.002396
0.002275
0.002493
0.003197
0.001586
0.001814
0.001663
0.001804
0.003975
0.001028
0.003563
0.004159
0.003824
0.001240
0.001705
0.001403
0.002722
0.001492
0.001515
0.002158
0.002113
0.002439
0.001520
0.004142
0.002311
0.001709
0.003221
0.001454
0.004029
0.001550
0.002948
0.002941
0.002944
0.003179
0.001419
0.003344
0.002910
0.001535
0.003374
0.002741
0.002503
0.002259
0.001257
0.004849
0.003259
0.002168
0.004219
0.002123
0.002154
0.000730
0.002178
0.002309
0.001208
0.002712
0.003467
0.003515
0.003103
0.002987
0.001619
0.001505
0.002724
0.002530
0.002576
0.002341
0.001444
0.001909
0.003451
0.001372
0.003562
0.001277
0.001816
0.001709
0.001764
0.002402
0.001130
0.000700
0.001148
0.001965
0.001788
0.002086
0.001545
0.003220
0.002167
0.001948
0.004201
0.002430
0.001785
0.001584
0.001472
0.001845
0.002535
0.003290
0.003001
0.002054
0.001802
0.002056
0.004473
0.001620
0.002045
0.002485
0.002359
0.002513
0.001394
0.002820
0.001388
0.000886
0.001960
0.001392
0.001669
0.003094
0.001954
0.003357
0.002160
0.001499
0.002268
0.002683
0.002271
0.003064
0.002791
0.001393
0.002682
0.002611
0.001798
0.001310
0.001608
0.003277
0.001523
0.002055
0.001017
0.002301
0.001346
0.002719
0.001575
0.001519
0.002305
0.003341
0.004190
0.003495
0.001372
0.001116
0.000979
0.002232
0.001917
0.001199
0.002586
0.001399
0.001417
0.001601
0.002273
0.002338
0.004134
0.002555
0.002624
0.001520
0.001548
0.003572
0.004612
0.003007
0.001742
0.002254
0.003598
0.003075
0.002163
0.002117
0.001776
0.003216
0.002181
0.004056
0.001626
0.001723
0.002260
0.003020
0.002053
0.001855
0.002280
0.002556
0.001782
0.001552
0.004112
0.003533
0.003947
0.001726
0.001174
0.003334
0.003269
0.001771
0.001782
0.001635
0.002365
0.003434
0.001610
0.001488
0.002892
0.002876
0.002253
0.002057
0.003113
0.001611
0.003811
0.003095
0.001994
0.000928
0.002472
0.003217
0.002302
0.001465
0.001471
0.001510
0.001533
0.001846
0.002558
0.002243
0.002305
0.002466
0.001794
0.001840
0.003703
0.002955
0.001508
0.002262
0.000994
0.001258
0.002946
0.001888
0.002299
0.002201
0.002214
0.002420
0.004103
0.002088
0.001380
0.001050
0.001310
0.002086
0.001459
0.002752
0.003288
0.003828
0.001169
0.002546
0.001782
0.001678
0.001445
0.001747
0.001855
0.003315
0.002311
0.002987
0.001733
0.001578
0.001330
0.003216
0.003517
0.001618
0.001769
0.002173
0.002676
0.002779
0.002477
0.002947
0.002270
0.003226
0.002003
0.002274
0.001456
0.001641
0.001430
0.003103
0.002508
0.002857
0.001907
0.000974
0.002536
0.002410
0.001606
0.001634
0.001749
0.001619
0.002944
0.003466
0.002025
0.001279
0.001940
0.003335
0.003136
0.004649
0.002595
0.001263
0.001831
0.001423
0.002129
0.001551
0.001655
0.001485
0.001057
0.002433
0.002736
0.001376
0.001629
0.002455
0.002177
0.001584
0.001711
0.002701
0.002767
0.001183
0.004114
0.001609
0.001645
0.002092
0.003210
0.001452
0.002528
0.002089
0.002718
0.002745
0.002921
0.001599
0.002267
0.002208
0.002063
0.002347
0.003078
0.001414
0.003164
0.001604
0.002218
0.001348
0.002777
0.002937
0.002401
0.002419
0.002150
0.002010
0.002305
0.002379
0.001370
0.001968
0.003871
0.001344
0.001522
0.001411
0.004023
0.001826
0.002192
0.002440
0.002925
0.002506
0.002279
0.002191
0.001844
0.001119
0.002108
0.001148
0.002344
0.002649
0.002200
0.001121
0.001745
0.004536
0.002540
0.002872
0.002879
0.003603
0.002159
0.002247
0.002471
0.001189
0.002603
0.001732
0.003132
0.002707
0.001951
0.002318
0.001560
0.003820
0.002595
0.003369
0.003221
0.002297
0.003079
0.001704
0.002051
0.003088
0.002606
0.001947
0.002639
0.002253
0.002045
0.003169
0.002842
0.002908
0.004912
0.001680
0.002490
0.001039
0.001804
0.002225
0.002842
0.003555
0.002250
0.003035
0.002846
0.003887
0.001714
0.004178
0.004276
0.002532
0.001726
0.002439
0.002197
0.003407
0.003512
0.001973
0.002846
0.002459
0.001379
0.001439
0.001737
0.001770
0.003571
0.001477
0.002392
0.002308
0.002108
0.002520
0.001913
0.001630
0.004239
0.002456
0.001907
0.001741
0.001564
0.002925
0.003499
0.002041
0.003328
0.002985
0.001673
0.001193
0.002357
0.001908
0.002085
0.001459
0.002450
0.001650
0.002919
0.002797
0.002389
0.002202
0.001071
0.002066
0.003721
0.002503
0.002945
0.001802
0.001582
0.003314
0.001690
0.002753
0.001671
0.002227
0.001554
0.002136
0.001126
0.003958
0.004166
0.001436
0.002964
0.002476
0.003675
