0.003007
0.003899
0.003136
0.003304
0.001903
0.003167
0.002983
0.002453
0.003232
0.003133
0.002414
0.002287
0.002464
0.003153
0.002394
0.002510
0.002679
0.002411
0.002608
0.002005
0.003376
0.002912
0.002290
0.003350
0.002961
0.001998
0.002322
0.002029
0.004163
0.001903
0.003369
0.003188
0.003127
0.002173
0.002530
0.004276
0.002339
0.002493
0.002771
0.003117
0.002829
0.002962
0.002154
0.002285
0.002514
0.003195
0.002892
0.003215
0.002301
0.003102
0.003248
0.003257
0.002910
0.002713
0.002127
0.003169
0.002982
0.002475
0.002551
0.002514
0.002832
0.003894
0.003476
0.002091
0.002424
0.002976
0.002036
0.002829
0.002700
0.002459
0.002082
0.001928
0.002700
0.004396
0.002667
0.001910
0.002665
0.003249
0.003020
0.003146
0.002442
0.003223
0.002639
0.002145
0.002706
0.003759
0.002134
0.003071
0.002712
0.002675
0.002139
0.002161
0.002745
0.003077
0.003162
0.002844
0.002365
0.002465
0.002024
0.001915
0.002188
0.003301
0.003184
0.002623
0.002489
0.002618
0.003254
0.002133
0.002022
0.002710
0.002112
0.002114
0.003418
0.003392
0.003021
0.002806
0.002715
0.002397
0.001905
0.003067
0.003164
0.002239
0.003149
0.002637
0.002090
0.002978
0.003869
0.002314
0.002358
0.002498
0.002008
0.002436
0.002252
0.003197
0.002883
0.002849
0.003099
0.002312
0.002795
0.002005
0.002066
0.003409
0.002069
0.002095
0.002769
0.003213
0.003297
0.002678
0.002307
0.002997
0.002587
0.002142
0.002309
0.002550
0.002321
0.002757
0.002028
0.001968
0.003156
0.002860
0.003077
0.002933
0.003098
0.003379
0.002393
0.004416
0.003121
0.002644
0.003024
0.002533
0.002697
0.002746
0.002514
0.003128
0.002895
0.002622
0.002929
0.001983
0.003115
0.003831
0.002026
0.002528
0.002315
0.001917
0.002856
0.003181
0.002948
0.002998
0.002936
0.003065
0.003252
0.002674
0.002566
0.002122
0.004026
0.002854
0.002347
0.002641
0.003585
0.002302
0.002810
0.002438
0.002190
0.002681
0.003056
0.003125
0.002249
0.003534
0.002647
0.002382
0.002424
0.002587
0.002826
0.002834
0.002861
0.002587
0.003135
0.002514
0.002971
0.003093
0.002285
0.002640
0.002376
0.003156
0.002513
0.002256
0.003126
0.003512
0.002695
0.002181
0.003194
0.002128
0.002486
0.002865
0.002474
0.004018
0.002490
0.002230
0.002589
0.002989
0.003102
0.002559
0.003231
0.003785
0.003251
0.002711
0.002359
0.003146
0.002499
0.002137
0.002003
0.002539
0.002103
0.002215
0.003165
0.003109
0.002291
0.002533
0.002759
0.004108
0.002957
0.002093
0.002783
0.002495
0.003124
0.002551
0.003405
0.002953
0.002881
0.002543
0.002964
0.003038
0.002563
0.003178
0.003336
0.002652
0.002521
0.002336
0.002747
0.002487
0.002959
0.002335
0.002927
0.002773
0.002269
0.002428
0.002022
0.002084
0.002377
0.003028
0.002025
0.002046
0.002246
0.002743
0.002714
0.002613
0.002712
0.003329
0.003026
0.001949
0.003229
0.002733
0.002498
0.003580
0.003289
0.003048
0.003241
0.001864
0.002706
0.003014
0.003222
0.003195
0.002027
0.002548
0.003079
0.002683
0.003245
0.002233
0.002713
0.002127
0.002531
0.003100
0.003337
0.003535
0.002704
0.003359
0.002040
0.002524
0.002900
0.003079
0.001989
0.002492
0.002810
0.003295
0.002572
0.002852
0.002502
0.002511
0.002895
0.002286
0.002709
0.002913
0.001951
0.002498
0.002529
0.002306
0.002482
0.002868
0.002683
0.003618
0.003180
0.002794
0.003386
0.002561
0.003089
0.002585
0.002460
0.002957
0.001969
0.002908
0.002380
0.002091
0.002570
0.002541
0.002083
0.001696
0.001625
0.001712
0.001929
0.003479
0.002550
0.002889
0.002989
0.002853
0.001949
0.003835
0.002217
0.001919
0.002480
0.002727
0.002203
0.002803
0.003186
0.003116
0.002268
0.001986
0.003182
0.003182
0.002721
0.002219
0.003026
0.002338
0.002532
0.002341
0.003067
0.002671
0.004550
0.003811
0.002492
0.002585
0.002691
0.002595
0.002553
0.002077
0.002540
0.003171
0.002423
0.002893
0.002703
0.003048
0.002436
0.003131
0.002551
0.002831
0.002486
0.001929
0.002284
0.003048
0.003123
0.002568
0.002708
0.003176
0.003106
0.003058
0.002689
0.002950
0.002982
0.002872
0.002561
0.003273
0.001710
0.002833
0.002668
0.003175
0.003085
0.002546
0.002300
0.001898
0.002937
0.003146
0.002624
0.002498
0.002649
0.002501
0.003279
0.001952
0.002745
0.002077
0.001985
0.002070
0.003607
0.003159
0.002564
0.001942
0.002695
0.002681
0.001948
0.003450
0.002958
0.002917
0.003317
0.002227
0.003374
0.002947
0.002540
0.002218
0.002270
0.002238
0.001954
0.003242
0.002731
0.002687
0.002475
0.003283
0.003190
0.002413
0.002171
0.002966
0.002268
0.002415
0.003273
0.002549
0.001926
0.001926
0.002552
0.002710
0.002837
0.002770
0.001900
0.002396
0.003382
0.002240
0.003067
0.003180
0.001963
0.003084
0.002241
0.002392
0.003419
0.002499
0.002566
0.003121
0.002560
0.002284
0.002195
0.002838
0.003146
0.003186
0.002746
0.002634
0.002209
0.002510
0.002139
0.002925
0.002812
0.002067
0.001939
0.002766
0.003372
0.002629
0.003438
0.003436
0.002218
0.003109
0.002629
0.002000
0.002976
0.003087
0.002095
0.002471
0.003318
0.003044
0.003199
0.003477
0.002444
0.003053
0.002260
0.002932
0.002430
0.001779
0.002443
0.002159
0.002123
0.002739
0.002774
0.002445
0.002502
0.002683
0.003081
0.002433
0.003030
0.002913
0.002516
0.003001
0.002787
0.001951
0.002680
0.002356
0.003184
0.003277
0.003013
0.003224
0.002514
0.002557
0.003228
0.002755
0.003433
0.003194
0.002598
0.002812
0.002312
0.002723
0.001812
0.001507
0.002016
0.001674
0.001673
0.002510
0.003165
0.001976
0.002795
0.002448
0.002752
0.003634
0.003127
0.002717
0.002601
0.003418
0.002525
0.002610
0.003015
0.002802
0.003282
0.001956
0.003052
0.002893
0.003108
0.002326
0.002090
0.003329
0.001980
0.002557
0.002731
0.003108
0.002574
0.002676
0.002812
0.003062
0.002569
0.002720
0.002863
0.002025
0.002819
0.001955
0.003171
0.003087
0.002760
0.002520
0.002240
0.002681
0.002311
0.002666
0.002764
0.002758
0.002824
0.003008
0.002278
0.003171
0.003496
0.002473
0.002572
0.002402
0.002614
0.002028
0.003116
0.002676
0.003035
0.003094
0.002697
0.003396
0.002764
0.002232
0.002909
0.002919
0.002019
0.003398
0.003084
0.002801
0.002643
0.002531
0.002468
0.002972
0.002236
0.002559
0.001987
0.002480
0.003472
0.002564
0.003943
0.002029
0.002247
0.002642
0.002335
0.002743
0.001889
0.001644
0.003265
0.002824
0.002664
0.002308
0.002736
0.002547
0.003243
0.002678
0.003148
0.002728
0.002564
0.003039
0.003013
0.001848
0.002047
0.002966
0.003014
0.002694
0.002986
0.002613
0.002944
0.002516
0.002548
0.003173
0.003079
0.002742
0.003289
0.003052
0.002443
0.003012
0.002609
0.002433
0.002010
0.003062
0.002719
0.003233
0.003067
0.002610
0.002775
0.002591
0.003279
0.002205
0.002830
0.003177
0.003174
0.003065
0.003170
0.003246
0.002362
0.003302
0.002188
0.002467
0.002826
0.002949
0.003159
0.003299
0.002230
0.003413
0.002258
0.002350
0.002630
0.002898
0.003000
0.003268
0.002648
0.002510
0.002704
0.003125
0.002835
0.002986
0.002597
0.001981
0.003009
0.002662
0.003307
0.002575
0.002175
0.002709
0.002368
0.002127
0.002334
0.002048
0.002480
0.002065
0.002452
0.002173
0.002405
0.003111
0.003002
0.003086
0.002792
0.002337
0.003146
0.002565
0.002796
0.001922
0.002068
0.002543
0.003025
0.003315
0.002152
0.002766
0.004557
0.002608
0.002735
0.002476
0.002273
0.003015
0.002488
0.002230
0.003095
0.002502
0.002175
0.001876
0.002966
0.003354
0.003177
0.002738
0.002217
0.002644
0.002906
0.003242
0.002288
0.002544
0.001834
0.002449
0.003105
0.002148
0.002452
0.003049
0.002108
0.003624
0.002094
0.003762
0.003086
0.002888
0.002249
0.002890
0.003058
0.002923
0.002285
0.002626
0.001939
0.003331
0.002712
0.003465
0.003048
0.003423
0.003123
0.003109
0.002524
0.002312
0.002469
0.002584
0.002177
0.003346
0.002595
0.002589
0.002652
0.002316
0.002623
0.002957
0.001877
0.003192
0.003976
0.002116
0.003156
0.002572
0.002372
0.002528
0.002529
0.002104
0.003058
0.003225
0.003046
0.002782
0.002990
0.002249
0.001991
0.002655
0.002377
0.003220
0.001842
0.003049
0.002626
0.002305
0.003144
0.003997
0.002634
0.002167
0.002730
0.002749
0.002363
0.002396
0.003448
0.003173
0.003032
0.003468
0.002129
0.002539
0.003428
0.002539
0.002590
0.002827
0.003149
0.002439
0.003064
0.003041
0.001820
0.003850
0.002096
0.002251
0.002500
0.002666
0.002057
0.003787
0.002093
0.002613
0.001977
0.001924
0.002574
0.002687
0.003207
0.003204
0.002579
0.002484
0.002482
0.002989
0.001689
0.001832
0.001563
0.001484
0.003228
0.003237
0.002823
0.002576
0.002761
0.002390
0.002088
0.003027
0.002724
0.002491
0.002718
0.002937
0.001933
0.003121
0.002175
0.001963
0.003204
0.002703
0.002689
0.002114
0.003003
0.002067
0.002586
0.002985
0.002823
0.002044
0.002003
0.003400
0.002925
0.002443
0.004365
0.003046
0.001970
0.002293
0.001927
0.002115
0.002968
0.002937
0.002698
0.003493
0.002544
0.003093
0.002596
0.002712
0.002514
0.003520
0.002833
0.003082
0.003121
0.003231
0.002575
0.002878
0.002563
0.002619
0.002754
0.002991
0.002462
0.002458
0.002376
0.003392
0.002427
0.003152
0.002801
0.002701
0.003033
0.001892
0.002161
0.002928
0.002496
0.002482
0.002614
0.001830
0.002656
0.002764
0.002768
0.002060
0.003267
0.002571
0.003589
0.003328
0.002464
0.002727
0.002826
0.003031
0.003243
0.003184
0.002622
0.003220
0.002901
0.003060
0.002650
0.002747
0.001841
0.003255
0.002641
0.002445
0.002527
0.002483
0.002213
0.003435
0.002734
0.003175
