0.001489
0.001615
0.001083
0.001254
0.001482
0.001430
0.001111
0.001364
0.000956
0.001252
0.001534
0.001115
0.001491
0.001103
0.001281
0.000994
0.000950
0.001280
0.000957
0.001081
0.001194
0.001018
0.001250
0.001357
0.001172
0.001526
0.001117
0.001376
0.001354
0.001030
0.001234
0.001581
0.001569
0.001518
0.001515
0.001238
0.000968
0.001358
0.001299
0.001321
0.001082
0.001014
0.001139
0.001166
0.001207
0.001173
0.001471
0.001503
0.001463
0.001170
0.001401
0.001462
0.001110
0.001228
0.001276
0.001605
0.001242
0.000933
0.001870
0.001347
0.001302
0.001553
0.001526
0.002112
0.001108
0.001534
0.001559
0.001278
0.000932
0.001587
0.001451
0.001623
0.001323
0.001340
0.001675
0.001343
0.001518
0.001368
0.001091
0.001599
0.001161
0.001392
0.001245
0.001643
0.001706
0.001295
0.001219
0.001328
0.001301
0.001085
0.001277
0.001187
0.000973
0.000961
0.001205
0.001668
0.001281
0.000998
0.001002
0.001145
0.001532
0.001180
0.001678
0.001465
0.001331
0.001452
0.001250
0.001363
0.001642
0.001046
0.001280
0.001365
0.001267
0.001386
0.000945
0.001279
0.000934
0.001306
0.001488
0.001220
0.001221
0.001693
0.001595
0.001649
0.001648
0.001408
0.001567
0.001472
0.001149
0.001280
0.001604
0.001301
0.001262
0.001276
0.001481
0.001357
0.001342
0.001285
0.001361
0.001582
0.001166
0.001292
0.001059
0.000958
0.001531
0.001328
0.001663
0.001313
0.000961
0.000987
0.001512
0.001003
0.001673
0.001267
0.000968
0.001259
0.001049
0.001475
0.001578
0.001191
0.001295
0.001583
0.001557
0.001121
0.001167
0.001008
0.001446
0.001470
0.001521
0.000961
0.001704
0.001164
0.001119
0.001018
0.000987
0.001261
0.001047
0.000983
0.001228
0.001596
0.001168
0.001095
0.001066
0.001189
0.001428
0.001110
0.001648
0.001519
0.001233
0.001287
0.001019
0.001605
0.001473
0.001153
0.001272
0.001489
0.001560
0.001246
0.001210
0.001409
0.001277
0.001051
0.001567
0.001427
0.001501
0.001441
0.001746
0.001162
0.001456
0.001511
0.001209
0.001390
0.001438
0.000989
0.000945
0.001271
0.001343
0.001412
0.001310
0.001206
0.001252
0.001272
0.001578
0.001613
0.001300
0.001239
0.001156
0.001178
0.001166
0.001645
0.001644
0.001220
0.001063
0.001291
0.001296
0.001318
0.001302
0.001383
0.001510
0.001288
0.001155
0.001510
0.001523
0.001187
0.001035
0.001517
0.001596
0.001079
0.001065
0.001405
0.001343
0.001642
0.001337
0.001037
0.000963
0.001004
0.001345
0.001556
0.001169
0.001212
0.001343
0.001441
0.001166
0.001166
0.001487
0.001401
0.001178
0.001015
0.001165
0.001303
0.000974
0.001194
0.001476
0.001860
0.001075
0.001207
0.001444
0.000992
0.001278
0.001551
0.001991
0.001259
0.000960
0.001488
0.001284
0.001592
0.001275
0.001099
0.001225
0.001469
0.001352
0.001032
0.001250
0.001479
0.000968
0.001483
0.001226
0.001494
0.000945
0.001018
0.001354
0.001286
0.001272
0.001310
0.001027
0.001065
0.001004
0.001198
0.001324
0.001041
0.001295
0.001494
0.001431
0.001352
0.001131
0.001219
0.001198
0.001316
0.001239
0.001272
0.001342
0.001423
0.001255
0.001163
0.001471
0.001332
0.001240
0.001249
0.001339
0.001335
0.001356
0.001448
0.001296
0.001324
0.001240
0.001744
0.001208
0.001665
0.001583
0.001097
0.000932
0.001494
0.001036
0.001077
0.001159
0.001225
0.001715
0.001305
0.001683
0.001271
0.001188
0.001538
0.001620
0.001097
0.001341
0.001344
0.001477
0.001334
0.001270
0.000973
0.001277
0.001190
0.001473
0.001236
0.000976
0.000946
0.000959
0.001199
0.001389
0.001303
0.001537
0.001410
0.001317
0.001569
0.000938
0.001116
0.001232
0.001324
0.001051
0.001671
0.001222
0.001339
0.001284
0.001304
0.001173
0.001593
0.001177
0.001290
0.001264
0.000962
0.001261
0.001475
0.001368
0.000900
0.001354
0.000988
0.001474
0.001412
0.001520
0.001218
0.001576
0.001361
0.001297
0.001292
0.001524
0.001327
0.001391
0.001250
0.001493
0.001114
0.000924
0.001324
0.001209
0.001266
0.001066
0.001217
0.001315
0.001366
0.001721
0.001390
0.001542
0.001306
0.000962
0.001273
0.001101
0.001168
0.001403
0.001149
0.001325
0.001071
0.001025
0.001572
0.001069
0.001561
0.001444
0.000934
0.001056
0.001485
0.001157
0.001525
0.001231
0.000984
0.000955
0.000986
0.001171
0.001012
0.001506
0.001474
0.001083
0.001317
0.001299
0.001324
0.001590
0.001133
0.001228
0.001168
0.001335
0.000955
0.001130
0.001268
0.001185
0.001450
0.001605
0.001474
0.001538
0.001247
0.001351
0.000984
0.001614
0.001516
0.001681
0.001191
0.001526
0.001199
0.000961
0.001707
0.000958
0.001049
0.001151
0.001130
0.001277
0.001109
0.001160
0.001353
0.001435
0.001591
0.001109
0.001447
0.001317
0.001115
0.002052
0.001143
0.001779
0.001283
0.001316
0.001207
0.001531
0.001764
0.001471
0.001156
0.001176
0.001612
0.001260
0.001362
0.001750
0.001133
0.001005
0.000935
0.000897
0.001612
0.001326
0.001051
0.001081
0.001523
0.001289
0.001421
0.001071
0.001606
0.001423
0.001815
0.001492
0.001200
0.002136
0.001448
0.001553
0.001288
0.001463
0.001644
0.001241
0.001050
0.001421
0.001205
0.001170
0.001031
0.001250
0.001452
0.001329
0.001522
0.001357
0.001637
0.001323
0.001566
0.001159
0.001460
0.001020
0.001192
0.001480
0.001615
0.001529
0.001556
0.001492
0.001136
0.001099
0.001327
0.001703
0.001190
0.001590
0.001061
0.001836
0.001572
0.001313
0.001434
0.001373
0.001479
0.001011
0.001046
0.001625
0.001973
0.001526
0.001531
0.001960
0.001499
0.001736
0.001949
0.001714
0.001878
0.002056
0.001845
0.001627
0.001705
0.001557
0.001279
0.001403
0.001583
0.001371
0.001475
0.001183
0.001722
0.001619
0.001679
0.001419
0.002320
0.001462
0.001610
0.001939
0.001642
0.002084
0.001334
0.001846
0.001520
0.001745
0.001398
0.001595
0.001678
0.001676
0.001959
0.001847
0.001965
0.002007
0.001662
0.001868
0.002027
0.001604
0.001884
0.001643
0.002122
0.001702
0.001299
0.001501
0.001343
0.001585
0.001774
0.001575
0.001380
0.001685
0.001788
0.001448
0.002022
0.001719
0.001869
0.001664
0.001479
0.001169
0.001533
0.001370
0.001217
0.001618
0.001661
0.001866
0.001578
0.001195
0.001634
0.001568
0.001554
0.001482
0.001710
0.001407
0.001606
0.001565
0.001220
0.002608
0.001968
0.002208
0.001786
0.001992
0.001952
0.001602
0.001436
0.001383
0.001627
0.001745
0.002300
0.002013
0.001550
0.001821
0.001622
0.001683
0.001630
0.001297
0.001393
0.002050
0.001759
0.001683
0.001290
0.001786
0.001404
0.001873
0.002004
0.001659
0.001575
0.001946
0.001818
0.001589
0.001675
0.001858
0.001594
0.001241
0.001218
0.001915
0.001487
0.001558
0.001276
0.001857
0.001954
0.001918
0.002355
0.001946
0.002465
0.001584
0.001905
0.001650
0.001427
0.001854
0.001778
0.001409
0.001947
0.001426
0.001413
0.001867
0.001603
0.001921
0.001542
0.001644
0.001387
0.001694
0.001704
0.001749
0.001631
0.001612
0.001404
0.001942
0.002083
0.001589
0.001954
0.001948
0.001682
0.001608
0.001807
0.001848
0.001493
0.001289
0.001457
0.001881
0.001563
0.001628
0.001672
0.001535
0.001987
0.002090
0.001356
0.001230
0.001548
0.002080
0.001168
0.001182
0.002114
0.001595
0.002053
0.001762
0.002227
0.001723
0.001945
0.001908
0.001771
0.001964
0.001895
0.001542
0.001635
0.002090
0.001973
0.001661
0.001784
0.001709
0.001445
0.001875
0.001861
0.001890
0.001634
0.002116
0.001491
0.001558
0.001988
0.001219
0.001833
0.001358
0.001480
0.001904
0.001584
0.001904
0.002119
0.001750
0.002204
0.001343
0.001441
0.001971
0.001835
0.001937
0.001253
0.001380
0.001320
0.001229
0.002052
0.002047
0.001684
0.001553
0.002096
0.001567
0.001521
0.001920
0.001428
0.001583
0.001683
0.001893
0.001430
0.001870
0.002020
0.001628
0.001630
0.001686
0.001955
0.001641
0.001992
0.001920
0.002138
0.001248
0.001579
0.001974
0.001582
0.001862
0.001908
0.001294
0.001794
0.001287
0.001253
0.001598
0.001850
0.001725
0.001597
0.001588
0.001648
0.002068
0.001428
0.001288
0.002040
0.001934
0.002076
0.002383
0.001205
0.001205
0.001587
0.001571
0.001635
0.001650
0.001498
0.001886
0.001943
0.001220
0.001634
0.001619
0.001852
0.001509
0.001921
0.001776
0.001898
0.001645
0.001765
0.001503
0.001492
0.001427
0.001936
0.002031
0.001905
0.002547
0.001236
0.001611
0.001979
0.001909
0.001915
0.001267
0.002020
0.001636
0.002095
0.001295
0.001725
0.001368
0.001524
0.001278
0.001875
0.001667
0.001684
0.001953
0.001838
0.003912
0.001325
0.001539
0.001541
0.001904
0.002012
0.001343
0.001913
0.001223
0.001711
0.001245
0.001675
0.001674
0.001637
0.001642
0.001920
0.001230
0.001414
0.001652
0.001872
0.001645
0.001356
0.001991
0.001832
0.001400
0.001412
0.001365
0.001643
0.001618
0.001738
0.001931
0.001551
0.001185
0.001566
0.002048
0.001812
0.002351
0.001814
0.001862
0.001268
0.001939
0.001853
0.001460
0.001423
0.001970
0.001845
0.002738
0.001882
0.001525
0.001752
0.001928
0.001306
0.001990
0.001544
0.001508
0.001800
0.001728
0.001911
0.001655
0.001692
0.001618
0.001927
0.001513
0.002019
0.001203
0.001148
0.001240
0.001727
0.001376
0.001211
0.001696
0.001393
0.001623
0.001393
0.001788
0.001904
0.001204
0.001879
0.001876
0.001220
0.001896
0.001956
0.001788
0.001621
0.001685
0.001629
0.001859
0.001970
0.001910
0.001972
0.001684
0.001192
0.001796
0.001636
0.001254
0.001619
0.001819
0.001582
0.001568
0.001698
0.001917
0.001560
0.001953
0.001752
0.002074
0.001203
0.001879
0.001318
0.001246
0.001257
0.001621
0.001697
0.001551
0.001535
0.001956
0.001559
0.001344
0.001841
