0.001341
0.001288
0.001427
0.001619
0.001222
0.001328
0.001168
0.001555
0.001329
0.001438
0.001246
0.001338
0.001358
0.001314
0.001260
0.001245
0.001242
0.001667
0.001197
0.001180
0.001583
0.001468
0.001739
0.001751
0.001539
0.001315
0.001472
0.001637
0.001518
0.001290
0.001512
0.001312
0.001368
0.001308
0.001362
0.001581
0.001273
0.001524
0.001542
0.001514
0.001428
0.001387
0.001232
0.001477
0.001411
0.001249
0.001467
0.001360
0.001259
0.001114
0.001312
0.001667
0.001241
0.001630
0.001562
0.001259
0.001523
0.001306
0.001544
0.001557
0.001518
0.001387
0.001436
0.001822
0.001294
0.001417
0.001280
0.001413
0.001277
0.001305
0.001206
0.001317
0.001466
0.001652
0.001368
0.001594
0.001206
0.001464
0.001209
0.001430
0.001399
0.001505
0.001328
0.001498
0.001255
0.001454
0.001330
0.001419
0.001533
0.001171
0.001573
0.001420
0.001226
0.001495
0.001597
0.001234
0.001200
0.001241
0.001465
0.000977
0.001218
0.001263
0.001203
0.001362
0.001691
0.001357
0.001287
0.001473
0.001252
0.001223
0.001367
0.001559
0.001608
0.001394
0.001334
0.001627
0.001204
0.001606
0.001265
0.001528
0.001562
0.001384
0.001241
0.001308
0.001216
0.001286
0.001248
0.001172
0.001225
0.001558
0.001167
0.001588
0.001545
0.001232
0.001328
0.001838
0.001255
0.001049
0.001802
0.001250
0.001241
0.001568
0.001265
0.001338
0.001411
0.001613
0.001368
0.001604
0.001254
0.001203
0.001255
0.001487
0.001342
0.001134
0.001164
0.001654
0.001394
0.001422
0.001286
0.001264
0.001080
0.001261
0.001285
0.001256
0.001217
0.001350
0.001432
0.001223
0.001346
0.001262
0.001269
0.001486
0.001226
0.001209
0.001398
0.001528
0.001509
0.001518
0.001226
0.001301
0.001473
0.001552
0.001235
0.001891
0.001932
0.001348
0.001563
0.001309
0.001255
0.001644
0.001232
0.001259
0.001245
0.001185
0.001606
0.001276
0.001234
0.001573
0.001378
0.000938
0.001517
0.001192
0.001185
0.001254
0.001510
0.001232
0.001210
0.001291
0.002021
0.001255
0.001500
0.001204
0.001225
0.001445
0.001444
0.001576
0.001363
0.001566
0.001644
0.001258
0.001073
0.001264
0.001159
0.001558
0.001517
0.001477
0.001670
0.001292
0.001161
0.001237
0.001245
0.001493
0.001258
0.001453
0.001641
0.001359
0.001556
0.001678
0.001320
0.001592
0.001343
0.001208
0.001281
0.001270
0.001355
0.001403
0.001427
0.001299
0.001554
0.001594
0.001559
0.001322
0.001582
0.001367
0.001347
0.001638
0.001591
0.001353
0.001214
0.001455
0.001545
0.001287
0.001576
0.001199
0.001310
0.001436
0.001534
0.001716
0.001237
0.001273
0.001371
0.001299
0.001349
0.001795
0.001204
0.001232
0.001359
0.001475
0.001635
0.001212
0.001871
0.001547
0.001184
0.001370
0.001688
0.001320
0.001537
0.001247
0.001288
0.001286
0.001363
0.001434
0.001347
0.001316
0.001294
0.001582
0.001457
0.001468
0.001696
0.001359
0.001273
0.001713
0.001526
0.001598
0.001230
0.001309
0.001446
0.001408
0.001692
0.001196
0.001555
0.001212
0.001705
0.001687
0.001340
0.002064
0.001172
0.001290
0.001227
0.001475
0.001589
0.001525
0.001684
0.001374
0.001539
0.001188
0.001486
0.001555
0.001668
0.001458
0.001745
0.001322
0.001245
0.001511
0.001519
0.001348
0.001993
0.001350
0.001223
0.001263
0.001222
0.001272
0.001321
0.001250
0.001322
0.001120
0.001671
0.001743
0.001236
0.001591
0.001368
0.001156
0.001150
0.001486
0.001539
0.001572
0.001374
0.001368
0.001442
0.001395
0.001542
0.001498
0.001217
0.001273
0.001226
0.001307
0.001401
0.001556
0.001279
0.001666
0.001863
0.001291
0.001429
0.001184
0.001307
0.001257
0.001451
0.001630
0.001513
0.001243
0.001392
0.001588
0.001595
0.001758
0.001562
0.001337
0.001618
0.001494
0.001596
0.001390
0.001604
0.001453
0.001591
0.001298
0.001600
0.001418
0.001228
0.001172
0.001304
0.001673
0.001268
0.001580
0.001291
0.001572
0.001458
0.001202
0.001721
0.001610
0.001283
0.001421
0.001218
0.001995
0.001448
0.001334
0.001490
0.001241
0.001380
0.001592
0.001221
0.001548
0.001398
0.001589
0.001366
0.001543
0.001182
0.001442
0.001366
0.001203
0.001560
0.001182
0.001315
0.001403
0.001195
0.001476
0.001605
0.001278
0.001191
0.001548
0.001268
0.001401
0.001611
0.001311
0.001200
0.001345
0.001225
0.001352
0.001432
0.001297
0.001321
0.001658
0.001534
0.001251
0.001180
0.001211
0.001355
0.001259
0.001142
0.001452
0.001194
0.001645
0.001624
0.001185
0.001235
0.001252
0.001323
0.001322
0.001480
0.001211
0.001296
0.001451
0.001176
0.001136
0.001308
0.001534
0.001682
0.001338
0.001166
0.001404
0.001375
0.001389
0.001257
0.001360
0.001489
0.001466
0.001584
0.001220
0.001366
0.001188
0.001695
0.001207
0.001875
0.001201
0.001339
0.001290
0.001524
0.001377
0.001484
0.001432
0.001283
0.001480
0.001319
0.001246
0.001426
0.001229
0.001355
0.001312
0.001293
0.001606
0.001224
0.001376
0.001584
0.001425
0.001345
0.001315
0.001661
0.001599
0.001244
0.001194
0.001193
0.002010
0.001397
0.000941
0.001981
0.001275
0.001331
0.001700
0.001376
0.001268
0.001520
0.001229
0.001340
0.001500
0.001579
0.001471
0.001546
0.001236
0.001567
0.001297
0.000977
0.001280
0.001734
0.001184
0.001228
0.001740
0.001212
0.001219
0.001292
0.001232
0.001240
0.001249
0.001264
0.001174
0.001223
0.001523
0.001304
0.001243
0.001437
0.001187
0.001364
0.001316
0.001563
0.001505
0.001528
0.001290
0.001158
0.001342
0.001903
0.001909
0.001971
0.001611
0.001571
0.001579
0.001968
0.001639
0.001889
0.001625
0.001584
0.001605
0.002167
0.001896
0.001661
0.001611
0.001574
0.001931
0.001568
0.001608
0.001715
0.001834
0.001286
0.001602
0.001496
0.001561
0.001586
0.002176
0.001741
0.001568
0.001695
0.001541
0.002580
0.001626
0.001585
0.001677
0.001840
0.001944
0.001596
0.001648
0.001665
0.001647
0.001555
0.002305
0.001776
0.001626
0.001946
0.001608
0.002040
0.002436
0.001945
0.001501
0.001714
0.001537
0.002046
0.002032
0.001796
0.001622
0.001872
0.002059
0.001584
0.001773
0.002155
0.001655
0.002102
0.001774
0.001839
0.002209
0.001816
0.001560
0.001549
0.002016
0.001650
0.002254
0.001648
0.001944
0.001500
0.001528
0.001676
0.001952
0.001584
0.002151
0.001951
0.001535
0.002326
0.002453
0.002855
0.001762
0.001573
0.002303
0.002118
0.001782
0.001448
0.001850
0.001968
0.001680
0.001876
0.002040
0.001678
0.001981
0.001784
0.001909
0.001808
0.001515
0.001740
0.002124
0.001606
0.001540
0.002038
0.001965
0.001906
0.001643
0.002006
0.001902
0.001718
0.001728
0.001603
0.001836
0.001534
0.001884
0.001515
0.001771
0.001704
0.001646
0.001509
0.002166
0.002492
0.001830
0.002221
0.002414
0.002226
0.002245
0.002589
0.001610
0.002200
0.001716
0.001626
0.002023
0.001531
0.001511
0.001588
0.001501
0.001576
0.001754
0.001619
0.001996
0.001973
0.001531
0.001825
0.001914
0.001707
0.001239
0.001853
0.001906
0.001562
0.001688
0.001732
0.001704
0.001835
0.001719
0.001916
0.001685
0.001508
0.001794
0.001733
0.001829
0.001808
0.001703
0.001870
0.002105
0.001692
0.001701
0.001660
0.001585
0.001601
0.001721
0.001600
0.001655
0.001816
0.001794
0.001988
0.001734
0.001598
0.002047
0.002003
0.001650
0.001554
0.001847
0.001644
0.001745
0.001667
0.001974
0.001625
0.001704
0.001295
0.002183
0.001564
0.001623
0.001509
0.001743
0.001677
0.001980
0.001647
0.001552
0.001580
0.001653
0.001770
0.001817
0.001528
0.001646
0.001526
0.001978
0.001505
0.001929
0.002273
0.001566
0.001528
0.001802
0.001591
0.001717
0.001692
0.001654
0.001678
0.001617
0.001516
0.001634
0.001485
0.001971
0.001553
0.001639
0.002514
0.001638
0.001684
0.001525
0.001937
0.001906
0.001640
0.001620
0.001753
0.001683
0.001548
0.001514
0.001663
0.001677
0.001893
0.001836
0.001549
0.001555
0.001681
0.001658
0.001742
0.001505
0.001509
0.001520
0.001906
0.001990
0.001553
0.001511
0.001611
0.001523
0.001973
0.001910
0.001929
0.001929
0.001584
0.001544
0.001628
0.001763
0.001899
0.001705
0.002265
0.001775
0.001594
0.001535
0.001643
0.001904
0.001548
0.001644
0.001717
0.001586
0.001451
0.001966
0.001899
0.001809
0.001600
0.001623
0.001594
0.001687
0.002150
0.001973
0.002025
0.001939
0.001620
0.001648
0.001657
0.001505
0.001660
0.001506
0.002155
0.001648
0.001529
0.001571
0.001571
0.001730
0.001972
0.001739
0.001492
0.002751
0.001850
0.001452
0.001545
0.001895
0.002004
0.001660
0.001677
0.001557
0.001649
0.002022
0.002192
0.001748
0.001506
0.001696
0.001903
0.001721
0.001677
0.001874
0.001577
0.001827
0.001986
0.001859
0.001933
0.001594
0.001893
0.001490
0.001510
0.001637
0.002110
0.001668
0.001722
0.001751
0.001495
0.001707
0.001485
0.002026
0.001933
0.001954
0.001620
0.001657
0.001521
0.001564
0.001696
0.001623
0.001579
0.001580
0.001492
0.001575
0.001710
0.001627
0.001652
0.002153
0.001612
0.001534
0.002584
0.001707
0.002048
0.002100
0.001529
0.001773
0.001612
0.001992
0.001711
0.002113
0.001830
0.001518
0.002083
0.001910
0.001817
0.001537
0.001418
0.001578
0.001558
0.001578
0.002456
0.001663
0.001603
0.001828
0.002051
0.001519
0.001644
0.001719
0.001986
0.001513
0.001705
0.001602
0.001603
0.001594
0.001652
0.001839
0.001940
0.001872
0.002050
0.001921
0.001606
0.001715
0.001649
0.001549
0.001613
0.001518
0.002012
0.001512
0.001568
0.001896
0.001485
0.001889
0.001893
0.001850
0.001612
0.001558
0.001558
0.001816
0.001698
0.001723
0.002016
0.001523
0.001650
0.001630
0.002077
0.002051
0.002156
0.001813
0.001622
0.001562
0.001584
0.001529
