0.004118
0.001450
0.000827
0.002833
0.001944
0.001627
0.001272
0.002267
0.001279
0.003133
0.000375
0.001639
0.000920
0.003142
0.002874
0.001603
0.002414
0.002571
0.002738
0.002418
0.001198
0.002288
0.001308
0.003347
0.001404
0.002103
0.001046
0.004604
0.002000
0.001411
0.001413
0.002200
0.001943
0.000760
0.000664
0.001693
0.000864
0.001306
0.001673
0.003550
0.001311
0.002071
0.002624
0.001881
0.002421
0.001595
0.003324
0.001305
0.001250
0.001467
0.001125
0.001718
0.001372
0.001700
0.001457
0.002126
0.001529
0.001547
0.002371
0.001575
0.002857
0.001933
0.003418
0.002444
0.001690
0.001303
0.002296
0.001285
0.001459
0.002124
0.001511
0.002017
0.000765
0.002507
0.001932
0.001620
0.002219
0.003802
0.001382
0.002253
0.001503
0.001067
0.001441
0.001529
0.001303
0.001118
0.001423
0.001801
0.001377
0.001790
0.001677
0.001442
0.001189
0.003221
0.001513
0.001482
0.001430
0.001340
0.001741
0.001228
0.001800
0.001701
0.001805
0.001502
0.001359
0.001588
0.001605
0.001544
0.001127
0.003163
0.001514
0.000812
0.002256
0.000956
0.001014
0.000868
0.001343
0.002517
0.001599
0.001496
0.001728
0.001623
0.001281
0.001409
0.001065
0.001095
0.001714
0.001450
0.001188
0.001402
0.001956
0.000321
0.001663
0.002224
0.001396
0.002762
0.000856
0.001899
0.001722
0.001433
0.001760
0.001794
0.001186
0.001072
0.001794
0.002480
0.001486
0.001686
0.001229
0.001659
0.000829
0.001795
0.002417
0.001384
0.001482
0.001370
0.001721
0.001116
0.001423
0.001885
0.001520
0.000799
0.001344
0.001981
0.001670
0.001759
0.000890
0.001000
0.002599
0.001583
0.001308
0.001723
0.000980
0.000931
0.001426
0.001911
0.001648
0.001375
0.002045
0.002284
0.001540
0.000959
0.001282
0.001729
0.002085
0.001350
0.001843
0.002074
0.001170
0.001862
0.001377
0.001255
0.001663
0.001455
0.002173
0.001271
0.002208
0.001890
0.001674
0.001275
0.001261
0.001626
0.002193
0.001426
0.001260
0.001817
0.001479
0.001744
0.001959
0.001393
0.001598
0.001580
0.002523
0.001657
0.001612
0.001341
0.002139
0.001485
0.002078
0.001647
0.001689
0.001341
0.002463
0.002552
0.001512
0.001174
0.002522
0.002414
0.001287
0.002545
0.000848
0.001710
0.002058
0.001226
0.001622
0.001839
0.001621
0.001332
0.001237
0.001750
0.004164
0.002094
0.002206
0.002298
0.001230
0.002090
0.002578
0.001227
0.001464
0.002285
0.001390
0.000963
0.001363
0.001426
0.002541
0.002073
0.001989
0.001730
0.001617
0.000812
0.001576
0.001324
0.003336
0.001330
0.002138
0.001542
0.001899
0.000735
0.001229
0.002792
0.001458
0.001334
0.001386
0.001276
0.002254
0.001380
0.001457
0.001430
0.001529
0.001089
0.001168
0.001481
0.002118
0.002820
0.002519
0.001726
0.003586
0.001553
0.000484
0.001602
0.000706
0.001416
0.001580
0.001585
0.001448
0.002225
0.001588
0.001095
0.001750
0.001116
0.001501
0.000997
0.001188
0.001966
0.001423
0.002511
0.001490
0.001545
0.001394
0.002826
0.002478
0.001889
0.001246
0.001375
0.001789
0.001474
0.001324
0.001364
0.001580
0.000962
0.001610
0.001859
0.001412
0.001574
0.002285
0.001512
0.001712
0.001484
0.001464
0.001396
0.002613
0.000825
0.000854
0.003661
0.001004
0.000893
0.001500
0.001539
0.001096
0.001418
0.001245
0.001900
0.003084
0.001636
0.001206
0.002777
0.001759
0.003068
0.001827
0.001420
0.001624
0.001590
0.001329
0.002086
0.001507
0.001267
0.001400
0.001838
0.001610
0.001118
0.000938
0.001700
0.002851
0.001621
0.001501
0.001543
0.002692
0.001552
0.001501
0.001650
0.002005
0.001354
0.001452
0.002128
0.002428
0.000899
0.002029
0.003415
0.001513
0.001145
0.001738
0.002525
0.001328
0.001328
0.001543
0.002249
0.002280
0.002560
0.001591
0.001616
0.002371
0.001986
0.001510
0.000690
0.001373
0.001735
0.001510
0.001614
0.001098
0.001457
0.001296
0.001615
0.001529
0.001122
0.001385
0.004038
0.001044
0.004005
0.002690
0.001641
0.001387
0.001516
0.001620
0.001210
0.001267
0.001357
0.001706
0.000931
0.001328
0.001236
0.001042
0.001272
0.001770
0.002463
0.001369
0.001834
0.001564
0.001394
0.000783
0.001823
0.001967
0.001686
0.001426
0.000960
0.001443
0.001082
0.001282
0.001450
0.001264
0.002908
0.001984
0.001810
0.002021
0.002822
0.001669
0.001090
0.001508
0.001174
0.001249
0.001823
0.002417
0.001605
0.001099
0.002428
0.001317
0.001357
0.001688
0.002437
0.001425
0.001187
0.001621
0.002352
0.001515
0.000950
0.001796
0.002080
0.002170
0.001443
0.001834
0.001503
0.002411
0.002761
0.001180
0.002649
0.001509
0.001243
0.001796
0.001764
0.002533
0.002058
0.002143
0.001567
0.001579
0.002006
0.001821
0.001369
0.001378
0.001884
0.003046
0.002299
0.002186
0.001602
0.001282
0.001809
0.001360
0.001934
0.001268
0.003136
0.001351
0.001828
0.002348
0.001392
0.001377
0.002379
0.001929
0.000869
0.001677
0.001884
0.001414
0.001083
0.002917
0.001241
0.001308
0.001075
0.001851
0.001566
0.001490
0.002182
0.001741
0.002222
0.001919
0.001981
0.001534
0.001488
0.001520
0.001781
0.002318
0.000827
0.001623
0.001633
0.001378
0.001022
0.001646
0.001539
0.002144
0.001480
0.001794
0.001769
0.001827
0.001155
0.002880
0.001492
0.001878
0.001421
0.001555
0.001376
0.001279
0.000937
0.001775
0.000895
0.001547
0.001720
0.001899
0.002599
0.001628
0.001224
0.000993
0.002586
0.000941
0.001556
0.001475
0.002694
0.001497
0.001839
0.001709
0.001869
0.001346
0.001750
0.002518
0.002108
0.001444
0.001508
0.002026
0.001581
0.001550
0.003817
0.002075
0.001945
0.000735
0.001375
0.001253
0.001218
0.001376
0.001852
0.001157
0.001135
0.002525
0.001434
0.001434
0.001538
0.001210
0.001720
0.002589
0.001325
0.001782
0.001742
0.001604
0.002839
0.001335
0.001568
0.001703
0.001899
0.001480
0.001394
0.000584
0.000812
0.002773
0.001337
0.001243
0.001688
0.001638
0.001582
0.001347
0.002659
0.001429
0.001341
0.001502
0.001329
0.002980
0.001569
0.001780
0.001861
0.001107
0.002440
0.002017
0.001959
0.001480
0.001872
0.001432
0.001788
0.001441
0.001192
0.001488
0.001627
0.000433
0.001493
0.001635
0.001576
0.001067
0.001625
0.001328
0.001637
0.000965
0.002165
0.001339
0.001629
0.001881
0.001116
0.001351
0.001268
0.002465
0.001724
0.001785
0.001423
0.001934
0.001516
0.001424
0.001305
0.001755
0.001511
0.000893
0.002135
0.001131
0.001754
0.001088
0.002526
0.002170
0.001747
0.001152
0.000863
0.001534
0.001563
0.001096
0.001745
0.001569
0.001223
0.002315
0.001320
0.002236
0.002454
0.002162
0.001360
0.001183
0.001878
0.001368
0.002693
0.002266
0.001654
0.001419
0.001561
0.002251
0.001265
0.001902
0.000831
0.001744
0.002180
0.002243
0.000890
0.002728
0.001353
0.001420
0.002022
0.001210
0.001265
0.001870
0.001253
0.002246
0.002866
0.001530
0.002823
0.002427
0.001228
0.002636
0.002018
0.000894
0.001260
0.001959
0.001118
0.001391
0.003039
0.001198
0.001722
0.001250
0.001476
0.002377
0.002062
0.001380
0.002000
0.002177
0.000952
0.000582
0.001337
0.001510
0.002241
0.001557
0.001226
0.001048
0.001029
0.001922
0.002056
0.001610
0.001289
0.001507
0.000822
0.001114
0.002140
0.001177
0.001507
0.001252
0.001554
0.001201
0.001219
0.001850
0.002583
0.001679
0.001271
0.001226
0.002134
0.001725
0.002351
0.000792
0.001390
0.001334
0.001461
0.002628
0.002189
0.001510
0.000732
0.002197
0.001278
0.001365
0.001573
0.002054
0.002232
0.002963
0.001747
0.001673
0.001583
0.001415
0.001529
0.001258
0.001798
0.001515
0.001173
0.002712
0.001801
0.001364
0.001444
0.001462
0.002068
0.002588
0.001408
0.001467
0.001753
0.001120
0.000850
0.000715
0.001647
0.002552
0.000826
0.001022
0.001682
0.002267
0.003320
0.002090
0.000736
0.001278
0.001355
0.001497
0.002164
0.001428
0.001616
0.001658
0.002336
0.002121
0.002825
0.001541
0.002490
0.001215
0.002494
0.002507
0.001112
0.003204
0.002121
0.002296
0.002261
0.001021
0.001394
0.002009
0.001883
0.001770
0.001323
0.000260
0.003678
0.000967
0.002897
0.001859
0.001699
0.002747
0.001535
0.002294
0.002559
0.001012
0.001338
0.002434
0.002408
0.001453
0.001074
0.001433
0.001714
0.002598
0.001416
0.001421
0.001091
0.001104
0.000863
0.001336
0.001525
0.001528
0.001270
0.002018
0.001311
0.002963
0.001128
0.001284
0.001174
0.001859
0.001698
0.001086
0.001287
0.001233
0.002380
0.001109
0.001404
0.001790
0.001558
0.001189
0.002277
0.001297
0.002475
0.001343
0.002151
0.001200
0.003164
0.001189
0.001523
0.001158
0.001419
0.003675
0.001816
0.002125
0.001314
0.002672
0.001549
0.001714
0.001564
0.001570
0.001989
0.001315
0.001267
0.003319
0.001457
0.002236
0.001551
0.001740
0.001515
0.001315
0.001786
0.002647
0.003313
0.002033
0.003989
0.002831
0.001271
0.002055
0.002657
0.001479
0.001330
0.001481
0.002083
0.001381
0.002004
0.001720
0.000805
0.001421
0.001561
0.001397
0.002487
0.001158
0.001495
0.001267
0.001246
0.001356
0.001407
0.001672
0.002450
0.003004
0.001353
0.001185
0.001718
0.001370
0.002630
0.000987
0.001480
0.002040
0.001897
0.001816
0.001702
0.001334
0.001497
0.001578
0.001601
0.002000
0.002084
0.001272
0.001433
0.001429
0.001873
0.001486
0.001410
0.001201
0.001693
0.001524
0.001453
0.002139
0.001729
0.002652
0.001174
0.002379
0.001089
0.001771
0.002021
0.001737
0.000983
0.001533
0.002967
0.002630
0.001640
0.001799
0.001878
0.001939
0.002735
0.001321
0.001596
0.001290
0.002873
0.002349
0.002009
0.001084
0.001806
0.001197
0.001200
0.001369
0.000931
0.001900
0.002496
0.001586
0.001409
0.002454
0.002390
