0.000522
0.000872
0.000755
0.000777
0.000700
0.001924
0.000693
0.003488
0.000775
0.001814
0.003116
0.003342
0.000545
0.001794
0.001804
0.001063
0.000825
0.001898
0.001069
0.001214
0.001660
0.000991
0.000695
0.000861
0.001125
0.003009
0.001398
0.002297
0.000723
0.000920
0.000772
0.000551
0.000828
0.000638
0.001993
0.001451
0.000754
0.001291
0.000880
0.000872
0.000774
0.000892
0.001240
0.004569
0.001747
0.001346
0.000712
0.000922
0.000695
0.001359
0.002626
0.000824
0.001016
0.000627
0.000684
0.000617
0.005013
0.001501
0.001861
0.000529
0.001137
0.000787
0.002935
0.000593
0.000892
0.000727
0.000819
0.002693
0.000593
0.000636
0.000570
0.003117
0.001399
0.000627
0.000712
0.000544
0.001381
0.000668
0.000553
0.003546
0.000763
0.001007
0.000760
0.003452
0.002135
0.001581
0.000867
0.000871
0.000947
0.000858
0.000599
0.000628
0.003836
0.002153
0.002791
0.002895
0.003084
0.002355
0.000658
0.000562
