0.000563
0.001070
0.000431
0.002663
0.000469
0.000417
0.002098
0.001503
0.000458
0.000429
0.000469
0.000409
0.000406
0.000424
0.000481
0.000440
0.000434
0.000413
0.000758
0.000441
0.001498
0.002321
0.000479
0.000439
0.000442
0.000816
0.000452
0.001490
0.000418
0.000414
0.000497
0.000406
0.000453
0.000979
0.000445
0.000406
0.002721
0.000456
0.000435
0.000402
0.000859
0.000417
0.000464
0.000414
0.000469
0.001462
0.000462
0.000427
0.000473
0.000432
0.001024
0.000443
0.000415
0.000474
0.000450
0.000416
0.000490
0.000479
0.000485
0.000430
0.000450
0.001849
0.000415
0.000415
0.000414
0.000406
0.000513
0.000477
0.000869
0.000413
0.000434
0.001084
0.000468
0.000410
0.000571
0.000419
0.001345
0.000424
0.000448
0.000558
0.000450
0.001828
0.000954
0.000423
0.000413
0.000447
0.000439
0.001933
0.000450
0.000452
0.000472
0.000464
0.000433
0.000415
0.000442
0.000438
0.000435
0.000447
0.000417
0.000444
