0.000829
0.001406
0.001003
0.001283
0.001028
0.001695
0.001083
0.001041
0.000980
0.001104
0.001699
0.001207
0.001114
0.001013
0.001063
0.000962
0.001401
0.001074
0.002337
0.001071
0.001947
0.000967
0.000887
0.000911
0.002709
0.000908
0.001158
0.001032
0.001000
0.001575
0.001599
0.001021
0.001124
0.000986
0.001633
0.000986
0.001661
0.001450
0.001326
0.001179
0.000980
0.002388
0.001099
0.000943
0.000994
0.001041
0.001007
0.001507
0.001834
0.000868
0.001263
0.001059
0.001185
0.001005
0.001964
0.001058
0.000936
0.001132
0.001577
0.001774
0.002047
0.000974
0.002176
0.000989
0.001311
0.000988
0.003356
0.000946
0.001863
0.001158
0.001335
0.000831
0.001134
0.001613
0.000936
0.001164
0.000966
0.001117
0.001031
0.000987
0.001132
0.001023
0.002616
0.001130
0.001119
0.000961
0.000958
0.000980
0.001666
0.000967
0.002024
0.001110
0.001037
0.003028
0.001036
0.001123
0.001647
0.000999
0.002329
0.001047
0.003968
0.001002
0.000992
0.001137
0.001035
0.001118
0.000807
0.000808
0.001272
0.000959
0.002439
0.001124
0.001547
0.000936
0.001038
0.000958
0.002812
0.000938
0.001737
0.000960
0.000969
0.001293
0.000977
0.001325
0.000999
0.002151
0.001088
0.001749
0.001100
0.001244
0.000968
0.000994
0.001383
0.001375
0.001583
0.000848
0.000870
0.001114
0.001146
0.001251
0.001254
0.001649
0.001191
0.001036
0.001043
0.001035
0.000949
0.002265
0.000969
0.000920
0.000944
0.000979
0.001279
0.001165
0.002438
0.001664
0.000994
0.001040
0.000993
0.001577
0.001124
0.000888
0.002376
0.000766
0.002000
0.001139
0.001059
0.001007
0.000976
0.001023
0.002666
0.001069
0.002118
0.001059
0.001517
0.001235
0.000942
0.001239
0.001843
0.001144
0.001307
0.001083
0.002074
0.001124
0.002012
0.001081
0.000864
0.001351
0.001118
0.000973
0.002166
0.000998
0.002073
0.001176
0.001616
0.001196
0.001901
0.001001
0.002278
0.001691
0.001606
0.000899
0.002834
0.001081
0.000968
0.000971
0.002285
0.000814
0.001016
0.001751
0.000859
0.001051
0.000832
0.001252
0.001012
0.000999
0.001508
0.001109
0.001746
0.001464
0.000962
0.001629
0.000945
0.000927
0.000970
0.002228
0.000939
0.001579
0.001068
0.000958
0.001088
0.002462
0.000995
0.000919
0.001667
0.002416
0.000862
0.001134
0.000993
0.001095
0.001051
0.001009
0.002614
0.001038
0.003086
0.001033
0.001475
0.001074
0.001060
0.002553
0.001111
0.002101
0.001613
0.001006
0.000864
0.002615
0.000791
0.001073
0.000817
0.001365
0.001482
0.000880
0.000958
0.001922
0.001377
0.000902
0.000980
0.001211
0.000999
0.003400
0.001327
0.001009
0.002216
0.000981
0.002098
0.001175
0.001520
0.001934
0.001133
0.001405
0.001495
0.001039
0.000981
0.002998
0.000945
0.001661
0.000989
0.000873
0.001119
0.000964
0.000981
0.001023
0.001664
0.001166
0.002006
0.001900
0.000882
0.002067
0.001075
0.001838
0.001110
0.001086
0.001114
0.002050
0.001974
0.001597
0.001384
0.002018
0.001072
0.002293
0.000955
0.002278
0.001110
0.001095
0.001019
0.001136
0.000994
0.001301
0.001063
0.001089
0.001076
0.001840
0.000791
0.000990
0.002229
0.001107
0.001032
0.001697
0.001137
0.001008
0.001307
0.001082
0.001653
0.000826
0.001165
0.000935
0.001028
0.000975
0.000832
0.001168
0.000985
0.001586
0.001010
0.001061
0.001118
0.002748
0.001408
0.001566
0.001154
0.003067
0.001058
0.002437
0.001538
0.001412
0.000821
0.001153
0.000974
0.002496
0.001187
0.001015
0.001609
0.000926
0.001391
0.001170
0.001332
0.000965
0.001939
0.001258
0.000965
0.002112
0.001044
0.002901
0.000998
0.001092
0.001243
0.001081
0.001059
0.000973
0.001412
0.000963
0.001421
0.001025
0.000996
0.001104
0.001017
0.002039
0.000999
0.001005
0.002283
0.001396
0.000859
0.000958
0.001996
0.000989
0.001105
0.000897
0.001090
0.000931
0.002764
0.000839
0.000944
0.000995
0.001279
0.001103
0.001487
0.000938
0.002474
0.003202
0.000964
0.001618
0.000953
0.000955
0.001063
0.001013
0.001622
0.001067
0.001341
0.001143
0.002611
0.001012
0.001138
0.001063
0.001008
0.000965
0.001854
0.002781
0.001420
0.001168
0.001061
0.001011
0.002239
0.001479
0.000912
0.000974
0.002989
0.002399
0.001457
0.003155
0.001986
0.001360
0.001058
0.000917
0.001937
0.000913
0.002085
0.000990
0.002936
0.000958
0.001066
0.001404
0.000963
0.001465
0.001077
0.000885
0.000803
0.001189
0.000955
0.001124
0.000831
0.001071
0.000954
0.001064
0.001952
0.001005
0.002276
0.001114
0.000957
0.001253
0.001032
0.001278
0.000791
0.001085
0.000846
0.002274
0.001078
0.000969
0.001518
0.001067
0.001112
0.000823
0.001194
0.000857
0.001075
0.001282
0.000975
0.001239
0.001571
0.001053
0.002938
0.000812
0.001797
0.001008
0.000975
0.001012
0.002662
0.001107
0.001861
0.000855
0.001110
0.001117
0.001789
0.000934
0.001060
0.001585
0.002323
0.002891
0.001175
0.002336
0.001088
0.001811
0.001618
0.001556
0.000935
0.001949
0.000961
0.001657
0.001040
0.002351
0.000967
0.000971
0.001033
0.000989
0.001761
0.000936
0.001704
0.001190
0.001830
0.001367
0.001018
0.001425
0.001045
0.002333
0.001145
0.000951
0.001113
0.001012
0.001443
0.001977
0.000963
0.001086
0.002843
0.001097
0.001118
0.001576
0.002204
0.001129
0.001207
0.001079
0.001033
0.000935
0.001238
0.001074
0.001804
0.000935
0.002246
0.001428
0.001095
0.000970
0.001248
0.001069
0.001297
0.000880
0.002064
0.001797
0.001028
0.001315
0.001059
0.002393
0.000970
0.002152
0.000972
0.001700
0.001048
0.000998
0.001163
0.001393
0.001500
0.001089
0.000992
0.002625
0.001058
0.001060
0.001073
0.001498
0.001586
0.000956
0.000996
0.001202
0.001462
0.000935
0.001670
0.000925
0.000913
0.001062
0.001041
0.001790
0.001118
0.000904
0.002230
0.000940
0.000905
0.000939
0.002226
0.000793
0.001037
0.001048
0.001075
0.002565
0.001125
0.001018
0.000972
0.001213
0.001107
0.002519
0.001004
0.001004
0.000920
0.000973
0.001114
0.000943
0.001471
0.001094
0.002084
0.001056
0.000935
0.000969
0.001998
0.001095
0.001337
0.001107
0.002116
0.001041
0.001488
0.000954
0.001183
0.000856
0.001319
0.000963
0.001323
0.000881
0.001040
0.001943
0.001103
0.001267
0.000926
0.001725
0.001129
0.001282
0.001034
0.000996
0.002150
0.000910
0.001461
0.001028
0.001555
0.000973
0.001393
0.000977
0.001521
0.000845
0.000946
0.003380
0.001089
0.000856
0.001302
0.001055
0.002701
0.001160
0.001044
0.000928
0.000861
0.000910
0.000956
0.000970
0.000910
0.001612
0.000849
0.001291
0.000829
0.001023
0.001104
0.001370
0.002142
0.001360
0.000972
0.002462
0.001087
0.001261
0.001030
0.002507
0.001057
0.001025
0.001459
0.001071
0.002432
0.001348
0.002651
0.001201
0.002448
0.001149
0.000979
0.002506
0.001072
0.001196
0.001128
0.002281
0.000989
0.001068
0.000946
0.002864
0.001637
0.001187
0.001218
0.001101
0.001921
0.001065
0.003194
0.001041
0.001220
0.000947
0.002212
0.000973
0.000928
0.001297
0.001108
0.002002
0.000828
0.001236
0.000991
0.001031
0.001008
0.002300
0.001140
0.001552
0.000989
0.001083
0.000954
0.002611
0.001464
0.000979
0.000940
0.002159
0.001063
0.002199
0.001095
0.001749
0.001125
0.001976
0.001037
0.001010
0.001463
0.001204
0.001576
0.001023
0.003517
0.002063
0.002927
0.000967
0.003738
0.000960
0.001472
0.000828
0.000993
0.000843
0.000871
0.001737
0.001049
0.000928
0.001160
0.001485
0.001740
0.001065
0.002435
0.001973
0.001086
0.001721
0.000978
0.002624
0.001100
0.001063
0.001353
0.000949
0.001949
0.001057
0.003000
0.001104
0.001522
0.001118
0.001962
0.001001
0.002060
0.000839
0.000959
0.001782
0.001623
0.001129
0.001036
0.002844
0.000914
0.001611
0.001081
0.000887
0.001429
0.001109
0.000969
0.001007
0.001061
0.002614
0.001129
0.001242
0.001189
0.002096
0.000966
0.000939
0.002694
0.001079
0.001018
0.001116
0.001770
0.000814
0.002777
0.001083
0.002678
0.000869
0.001183
0.001118
0.001170
0.000896
0.001660
0.000978
0.001300
0.001057
0.002213
0.000967
0.001472
0.000960
0.002457
0.001081
0.001267
0.001071
0.001572
0.001056
0.001292
0.001035
0.002039
0.000985
0.002729
0.000975
0.000983
0.000956
0.001030
0.001765
0.000997
0.001130
0.001081
0.000928
0.002349
0.001058
0.001903
0.001089
0.002038
0.000979
0.001166
0.000973
0.001357
0.000958
0.001130
0.001050
0.002863
0.001042
0.001023
0.001693
0.001147
0.000967
0.004364
0.000847
0.001053
0.002094
0.001399
0.002139
0.000983
0.000802
0.001788
0.000935
0.002079
0.001165
0.001003
0.002372
0.000877
0.001972
0.001090
0.001044
0.001001
0.000840
0.000831
0.001680
0.001040
0.000999
0.000930
0.001726
0.001076
0.001014
0.000994
0.001059
0.000963
0.002967
0.001074
0.001458
0.001016
0.000990
0.000982
0.001932
0.001159
0.000835
0.001258
0.001083
0.001866
0.000917
0.001123
0.001028
0.001776
0.000928
0.002199
0.000946
0.000929
0.001703
0.000902
0.001178
0.000966
0.001158
0.001094
0.001102
0.001528
0.000898
0.001443
0.001098
0.000791
0.001186
0.000992
0.001493
0.000967
0.001052
0.001062
0.001720
0.001198
0.001806
0.001072
0.001864
0.000986
0.002209
0.000823
0.001223
0.000896
0.000889
0.000960
0.001128
0.001021
0.002524
0.002275
0.001038
0.002305
0.001142
0.002941
0.001056
0.000965
0.001053
0.001003
0.001111
0.000793
0.002724
0.000986
0.001042
0.000948
0.002175
0.001673
0.001039
0.000905
0.001055
0.001037
0.001051
0.001044
0.001039
0.001374
0.001011
0.001678
0.001038
0.000972
0.001407
0.000941
0.001073
0.001822
0.000814
0.001267
0.000998
0.000773
0.001484
0.000896
0.001011
0.001936
0.001264
