0.000431
0.002170
0.001387
0.001119
0.000401
0.000515
0.001595
0.002953
0.000491
0.000472
0.001389
0.000492
0.000444
0.000417
0.000429
0.000420
0.000469
0.000464
0.001312
0.000417
0.000782
0.000987
0.000446
0.000476
0.000408
0.000465
0.000421
0.000503
0.000452
0.000455
0.000503
0.000447
0.000430
0.002166
0.000406
0.000437
0.001937
0.000432
0.000443
0.000437
0.000449
0.000455
0.001241
0.000455
0.000472
0.003341
0.000412
0.000426
0.000557
0.000484
0.001297
0.000425
0.000412
0.000424
0.001229
0.000416
0.000443
0.000755
0.000423
0.000436
0.000422
0.001476
0.000424
0.000432
0.000481
0.000425
0.001406
0.000415
0.000435
0.000451
0.000454
0.002215
0.000474
0.000463
0.002498
0.000827
0.002833
0.000427
0.000417
0.000442
0.000439
0.003825
0.005135
0.000472
0.000423
0.000424
0.000406
0.001854
0.001322
0.000408
0.000425
0.000439
0.000529
0.000442
0.000407
0.000723
0.000419
0.000421
0.000477
0.000494
