0.001985
0.002228
0.001738
0.001408
0.001422
0.001731
0.001656
0.001670
0.001523
0.001353
0.001769
0.001960
0.001662
0.001545
0.001380
0.001606
0.001735
0.001842
0.001704
0.001586
0.001732
0.001506
0.001957
0.001781
0.001759
0.001762
0.001932
0.001771
0.001745
0.001549
0.001502
0.001673
0.001591
0.001576
0.001641
0.001979
0.001807
0.001725
0.001457
0.001473
0.001739
0.002082
0.001544
0.001912
0.001703
0.001495
0.001832
0.002101
0.002042
0.001898
0.001634
0.001972
0.001980
0.001494
0.001682
0.001552
0.002070
0.001600
0.002170
0.001947
0.001789
0.002189
0.001564
0.001727
0.001304
0.002178
0.001624
0.001815
0.001368
0.001572
0.001571
0.001817
0.001594
0.001647
0.001614
0.001313
0.001763
0.001801
0.001635
0.001839
0.001806
0.001591
0.001663
0.001864
0.001626
0.001784
0.001506
0.001617
0.001915
0.001617
0.001662
0.001669
0.001957
0.001637
0.001496
0.001986
0.001669
0.001685
0.001657
0.001450
0.001475
0.001554
0.001522
0.001590
0.001457
0.001794
0.001362
0.001404
0.001571
0.001771
0.001765
0.001478
0.001656
0.001359
0.001545
0.001715
0.001845
0.002028
0.001635
0.001316
0.001845
0.001476
0.001518
0.001612
0.001707
0.002132
0.001719
0.001909
0.001618
0.001755
0.001381
0.001816
0.001987
0.002004
0.001684
0.001708
0.002058
0.001952
0.001862
0.001375
0.001917
0.001785
0.001551
0.001864
0.001889
0.002007
0.001536
0.001821
0.001552
0.001319
0.002092
0.002057
0.001443
0.001960
0.001636
0.001472
0.002228
0.001575
0.001966
0.001099
0.001983
0.001619
0.002235
0.001596
0.002007
0.001806
0.001605
0.001472
0.001727
0.001571
0.001556
0.001829
0.001656
0.001607
0.001844
0.001718
0.001589
0.002348
0.001738
0.002143
0.001785
0.001825
0.001927
0.001848
0.002105
0.001658
0.001591
0.001914
0.001804
0.002145
0.002517
0.001898
0.001851
0.001773
0.002112
0.001473
0.001603
0.001578
0.001230
0.001938
0.001647
0.001609
0.001485
0.002018
0.001937
0.001515
0.001861
0.001889
0.001627
0.001767
0.001980
0.001469
0.001507
0.002049
0.001812
0.001694
0.001352
0.001794
0.001703
0.001729
0.001653
0.001736
0.001656
0.001839
0.001878
0.001745
0.001836
0.001603
0.001741
0.001398
0.001645
0.002055
0.001507
0.001924
0.001689
0.001755
0.001679
0.002279
0.001808
0.001804
0.001554
0.002219
0.002071
0.001872
0.001777
0.001484
0.001477
0.001696
0.001651
0.001629
0.001707
0.001823
0.001758
0.002719
0.001780
0.001527
0.002443
0.002079
0.001611
0.001906
0.001705
0.001601
0.002004
0.001602
0.001770
0.001838
0.001476
0.001557
0.001789
0.001852
0.001450
0.001940
0.001540
0.001638
0.001531
0.001512
0.001758
0.001648
0.001468
0.002222
0.001525
0.001454
0.001634
0.001532
0.001580
0.001784
0.001593
0.001864
0.001892
0.001695
0.001912
0.001812
0.001481
0.001637
0.001744
0.002096
0.001914
0.001501
0.001749
0.001689
0.001846
0.001579
0.001779
0.001863
0.001400
0.001591
0.001671
0.001611
0.001387
0.001627
0.001710
0.001486
0.001628
0.001576
0.001549
0.001672
0.001654
0.001875
0.001383
0.001923
0.001896
0.001677
0.001521
0.001478
0.001510
0.001818
0.002042
0.001771
0.001670
0.001741
0.002194
0.001733
0.001485
0.001889
0.001689
0.001372
0.002314
0.001860
0.001606
0.001647
0.001905
0.002034
0.001519
0.001499
0.001638
0.001653
0.001727
0.001775
0.001537
0.001698
0.001744
0.001711
0.001593
0.001796
0.001587
0.001527
0.001704
0.001741
0.001650
0.001696
0.001478
0.002000
0.001833
0.001508
0.001867
0.001529
0.001668
0.001937
0.002751
0.001358
0.001777
0.001628
0.002068
0.001669
0.001536
0.001720
0.001536
0.001566
0.001691
0.001723
0.001784
0.001889
0.002106
0.001898
0.001579
0.001603
0.001459
0.002059
0.001478
0.001653
0.001370
0.002107
0.001922
0.001775
0.001655
0.001820
0.001768
0.001852
0.001923
0.002033
0.001813
0.002268
0.001646
0.001583
0.002097
0.001793
0.001528
0.001418
0.001382
0.001639
0.001840
0.001790
0.001694
0.001678
0.001764
0.001956
0.001539
0.001458
0.001523
0.001460
0.001755
0.001504
0.001887
0.001649
0.001621
0.001920
0.001468
0.001739
0.001991
0.001599
0.001435
0.002184
0.001818
0.001707
0.001573
0.001798
0.001528
0.001729
0.001325
0.001901
0.001908
0.001633
0.001814
0.001892
0.001467
0.001495
0.001988
0.001559
0.001835
0.001576
0.001656
0.001827
0.001734
0.001474
0.001746
0.001763
0.001534
0.001765
0.001718
0.001448
0.001528
0.001685
0.001807
0.001844
0.001833
0.001481
0.001836
0.001677
0.001674
0.002004
0.001382
0.001543
0.001765
0.001882
0.001524
0.001878
0.001417
0.002134
0.001863
0.001479
0.001751
0.001846
0.001430
0.001618
0.001677
0.002118
0.001665
0.002305
0.001525
0.001611
0.001702
0.001373
0.001600
0.002108
0.001675
0.001835
0.001841
0.001450
0.001451
0.002035
0.001743
0.001501
0.001900
0.001824
0.001289
0.001909
0.001695
0.001482
0.001765
0.001675
0.001592
0.001338
0.001653
0.001803
0.001785
0.001721
0.001912
0.001628
0.001549
0.001713
0.001778
0.001627
0.001460
0.001874
0.001620
0.001620
0.001658
0.001888
0.001692
0.001600
0.001925
0.001385
0.001993
0.001724
0.001687
0.002002
0.001524
0.001968
0.002208
0.001963
0.001657
0.001966
0.001823
0.001742
0.001844
0.001705
0.001999
0.001561
0.002106
0.001539
0.001477
0.001520
0.001743
0.001822
0.001710
0.001462
0.001567
0.002006
0.001939
0.001994
0.001446
0.001803
0.001719
0.001464
0.001839
0.001484
0.001737
0.001650
0.001744
0.001630
0.002262
0.001828
0.001476
0.001751
0.001766
0.001739
0.001575
0.001433
0.001606
0.001580
0.001453
0.001765
0.001655
0.001869
0.001693
0.001857
0.001865
0.001604
0.001929
0.001613
0.001730
0.001533
0.001879
0.001539
0.001668
0.001714
0.001595
0.001759
0.001762
0.001928
0.001650
0.001723
0.001710
0.001533
0.002140
0.001746
0.001607
0.001530
0.001464
0.001719
0.001687
0.002006
0.001631
0.001620
0.003031
0.001904
0.001747
0.001625
0.001625
0.001840
0.001772
0.001641
0.002003
0.001790
0.001951
0.001831
0.001658
0.001836
0.001898
0.002559
0.001902
0.001813
0.001629
0.001859
0.001706
0.001608
0.001420
0.002073
0.001990
0.001558
0.001684
0.001673
0.001623
0.001631
0.001898
0.001737
0.001691
0.001795
0.001731
0.001571
0.001794
0.001724
0.001424
0.001687
0.001786
0.001625
0.001788
0.001416
0.001844
0.001985
0.001873
0.001736
0.001930
0.001931
0.001512
0.001756
0.001748
0.002116
0.001768
0.002127
0.001750
0.001674
0.001425
0.001579
0.001561
0.001659
0.001404
0.001605
0.001650
0.001649
0.001911
0.001564
0.001737
0.001579
0.001668
0.001916
0.001563
0.001371
0.001905
0.002193
0.001813
0.001677
0.001780
0.001513
0.001701
0.001806
0.001753
0.001896
0.001547
0.001650
0.001597
0.001703
0.001982
0.001597
0.001995
0.001647
0.001489
0.001463
0.001380
0.001415
0.001609
0.001400
0.001477
0.001497
0.001786
0.002013
0.001772
0.001550
0.002206
0.001979
0.001845
0.001854
0.001751
0.001588
0.001772
0.001636
0.002051
0.001825
0.001618
0.001810
0.001865
0.001840
0.001774
0.001667
0.001479
0.001391
0.001577
0.001353
0.001749
0.001548
0.001804
0.001877
0.001746
0.001756
0.001637
0.001483
0.001872
0.001420
0.001438
0.002014
0.001879
0.001807
0.001867
0.001522
0.001743
0.001543
0.001846
0.001403
0.001783
0.001560
0.001448
0.001616
0.001351
0.002062
0.001782
0.001590
0.001514
0.001497
0.001717
0.001687
0.001914
0.001465
0.002006
0.001797
0.001945
0.002059
0.001688
0.001647
0.001487
0.001906
0.001771
0.001380
0.002736
0.001711
0.001711
0.001577
0.001546
0.001848
0.001967
0.001484
0.001642
0.001744
0.001817
0.001702
0.001880
0.001710
0.001426
0.001559
0.001623
0.001642
0.001593
0.001898
0.001855
0.001813
0.001532
0.001460
0.001569
0.001653
0.001763
0.001547
0.001780
0.001539
0.001676
0.001496
0.001817
0.001408
0.001411
0.001639
0.001791
0.001534
0.001852
0.001379
0.001625
0.001966
0.001769
0.001679
0.001821
0.001539
0.001588
0.002026
0.001957
0.001654
0.001547
0.001699
0.001853
0.001489
0.001886
0.001711
0.001898
0.002019
0.001540
0.001792
0.001649
0.001866
0.001552
0.001384
0.001620
0.001714
0.001550
0.001511
0.001716
0.001622
0.001668
0.001719
0.001353
0.001673
0.001994
0.001670
0.001575
0.001559
0.001546
0.002078
0.001576
0.002214
0.001530
0.001974
0.001437
0.001780
0.001509
0.001570
0.001737
0.001452
0.001860
0.001893
0.001637
0.001554
0.001687
0.001529
0.001850
0.001567
0.001686
0.001498
0.001669
0.001635
0.001745
0.001390
0.001734
0.001520
0.001754
0.001878
0.001642
0.001809
0.001603
0.002012
0.001765
0.001807
0.001792
0.001598
0.001586
0.002016
0.001659
0.001945
0.003359
0.003044
0.002342
0.002864
0.002281
0.001917
0.001876
0.002356
0.001905
0.002317
0.002418
0.002227
0.002433
0.002033
0.002472
0.002168
0.002278
0.002103
0.003269
0.002099
0.001840
0.002068
0.002209
0.001992
0.002472
0.002294
0.002053
0.001964
0.002187
0.002222
0.002320
0.001739
0.001839
0.002181
0.002371
0.002284
0.002232
0.002286
0.002269
0.001834
0.001930
0.002067
0.002241
0.001923
0.002311
0.002487
0.002634
0.002076
0.002427
0.002092
0.001931
0.002063
0.002233
0.002615
0.001818
0.002060
0.002057
0.002271
0.002247
0.002418
0.002255
0.002006
0.002228
0.002307
0.002063
0.002024
0.002431
0.002218
0.002189
0.001967
0.002089
0.002371
0.002032
0.001906
0.001925
0.001831
0.001982
0.002006
0.002221
0.002558
0.002250
0.002366
0.001869
0.002154
0.002049
0.001805
0.002581
0.002325
0.002176
0.002170
0.002474
0.001974
0.001691
0.002472
0.001920
0.002004
0.001906
0.002425
